0.80678,0.86892,0.75095,0.8334,0.80678,0.79266,0.82025,0.79966,0.80678,0.80951,0.80359,0.8077,0.80678,0.80617,0.80594,0.80617,0.80678,0.80617,0.80594,0.80617,0.80678,0.80617,0.80594,0.80617,0.80678,0.80617,0.80594,0.80617,0.80678,0.80617,0.80594,0.80617,0.80678,0.80617,0.80594,0.80617,0.80678,0.80617,0.80594,0.80617,0.80678,0.80617,0.80594,0.80617,0.80678,0.80617,0.80594,0.80617,0.80678,0.80617,0.80594,0.80617,0.80678,0.80617,0.80594,0.80617,0.80678,0.80617,0.80594,0.80617,0.80678,0.80617,0.80594,0.80617,0.80678,0.80617,0.80594,0.80617,0.80678,0.80617,0.80594,0.80617,0.80678,0.80617,0.80594,0.80617,0.80678,0.80617,0.80594,0.80617,0.80678,0.80617,0.80594,0.80617,0.80678,0.80617,0.80594,0.80617,0.80678,0.80617,0.80594,0.80617,0.80678,0.80617,0.80594,0.80617,0.80678,0.80617,0.80594,0.80617,0.80678,0.80617,0.80594,0.80617,0.80678,0.80617,0.80594,0.80617,0.80678,0.80617,0.80594,0.80617,0.80678,0.80617,0.80594,0.80617,0.80678,0.80617,0.80594,0.80617,0.80678,0.80617,0.80594,0.80617,0.80678,0.80617,0.80594,0.80617,0.80678,0.80617,0.80594,0.80617,0.80678,0.80617,0.80594,0.80617,0.80678,0.80617,0.80594,0.80617,0.80678,0.80617,0.80594,0.80617,0.80678,0.80617,0.80594,0.80617,0.80678,0.80617,0.80594,0.80617,0.80678,0.80617,0.80594,0.80617,0.80678,0.80617,0.80594,0.80617,0.80678,0.80617,0.80594,0.80617,0.80678,0.80617,0.80594,0.80617,0.80678,0.80617,0.80594,0.80617,0.80678,0.80617,0.80594,0.80617,0.80678,0.80617,0.80594,0.80617,0.80678,0.80617,0.80594,0.80617,0.80678,0.80617,0.80594,0.80617,0.80678,0.80617,0.80594,0.80617,0.80678,0.80617,0.80594,0.80617,0.80678,0.80617,0.80594,0.80617,0.80678,0.80617,0.80594,0.80617,0.80678,0.80617,0.80594,0.80617,0.80678,0.80617,0.80594,0.80617,0.80678,0.80617,0.80594,0.80617,0.80678,0.80617,0.80594,0.80617,0.80678,0.80617,0.80594,0.80617,0.80678,0.80617,0.80594,0.80617,0.80678,0.80617,0.80594,0.80617,0.80678,0.80617,0.80594,0.80617,0.80678,0.80617,0.80594,0.80617,0.80678,0.80617,0.80594,0.80708,0.80678,0.80427,0.81149,0.80095,0.80678,0.81757,0.78473,0.82767,0.80678,0.76141,0.91372,0.62983
0.79855,0.86006,0.74329,0.8249,0.79855,0.78458,0.81189,0.7915,0.79855,0.80125,0.7954,0.79947,0.79855,0.79795,0.79773,0.79795,0.79855,0.79795,0.79773,0.79795,0.79855,0.79795,0.79773,0.79795,0.79855,0.79795,0.79773,0.79795,0.79855,0.79795,0.79773,0.79795,0.79855,0.79795,0.79773,0.79795,0.79855,0.79795,0.79773,0.79795,0.79855,0.79795,0.79773,0.79795,0.79855,0.79795,0.79773,0.79795,0.79855,0.79795,0.79773,0.79795,0.79855,0.79795,0.79773,0.79795,0.79855,0.79795,0.79773,0.79795,0.79855,0.79795,0.79773,0.79795,0.79855,0.79795,0.79773,0.79795,0.79855,0.79795,0.79773,0.79795,0.79855,0.79795,0.79773,0.79795,0.79855,0.79795,0.79773,0.79795,0.79855,0.79795,0.79773,0.79795,0.79855,0.79795,0.79773,0.79795,0.79855,0.79795,0.79773,0.79795,0.79855,0.79795,0.79773,0.79795,0.79855,0.79795,0.79773,0.79795,0.79855,0.79795,0.79773,0.79795,0.79855,0.79795,0.79773,0.79795,0.79855,0.79795,0.79773,0.79795,0.79855,0.79795,0.79773,0.79795,0.79855,0.79795,0.79773,0.79795,0.79855,0.79795,0.79773,0.79795,0.79855,0.79795,0.79773,0.79795,0.79855,0.79795,0.79773,0.79795,0.79855,0.79795,0.79773,0.79795,0.79855,0.79795,0.79773,0.79795,0.79855,0.79795,0.79773,0.79795,0.79855,0.79795,0.79773,0.79795,0.79855,0.79795,0.79773,0.79795,0.79855,0.79795,0.79773,0.79795,0.79855,0.79795,0.79773,0.79795,0.79855,0.79795,0.79773,0.79795,0.79855,0.79795,0.79773,0.79795,0.79855,0.79795,0.79773,0.79795,0.79855,0.79795,0.79773,0.79795,0.79855,0.79795,0.79773,0.79795,0.79855,0.79795,0.79773,0.79795,0.79855,0.79795,0.79773,0.79795,0.79855,0.79795,0.79773,0.79795,0.79855,0.79795,0.79773,0.79795,0.79855,0.79795,0.79773,0.79795,0.79855,0.79795,0.79773,0.79795,0.79855,0.79795,0.79773,0.79795,0.79855,0.79795,0.79773,0.79795,0.79855,0.79795,0.79773,0.79795,0.79855,0.79795,0.79773,0.79795,0.79855,0.79795,0.79773,0.79795,0.79855,0.79795,0.79773,0.79795,0.79855,0.79795,0.79773,0.79795,0.79855,0.79795,0.79773,0.79795,0.79855,0.79795,0.79773,0.79795,0.79855,0.79795,0.79773,0.79885,0.79855,0.79607,0.80321,0.79279,0.79855,0.80923,0.77673,0.81923,0.79855,0.75365,0.90441,0.62341
0.78889,0.84965,0.73429,0.81491,0.78889,0.77508,0.80206,0.78192,0.78889,0.79155,0.78577,0.78979,0.78889,0.78829,0.78807,0.78829,0.78889,0.78829,0.78807,0.78829,0.78889,0.78829,0.78807,0.78829,0.78889,0.78829,0.78807,0.78829,0.78889,0.78829,0.78807,0.78829,0.78889,0.78829,0.78807,0.78829,0.78889,0.78829,0.78807,0.78829,0.78889,0.78829,0.78807,0.78829,0.78889,0.78829,0.78807,0.78829,0.78889,0.78829,0.78807,0.78829,0.78889,0.78829,0.78807,0.78829,0.78889,0.78829,0.78807,0.78829,0.78889,0.78829,0.78807,0.78829,0.78889,0.78829,0.78807,0.78829,0.78889,0.78829,0.78807,0.78829,0.78889,0.78829,0.78807,0.78829,0.78889,0.78829,0.78807,0.78829,0.78889,0.78829,0.78807,0.78829,0.78889,0.78829,0.78807,0.78829,0.78889,0.78829,0.78807,0.78829,0.78889,0.78829,0.78807,0.78829,0.78889,0.78829,0.78807,0.78829,0.78889,0.78829,0.78807,0.78829,0.78889,0.78829,0.78807,0.78829,0.78889,0.78829,0.78807,0.78829,0.78889,0.78829,0.78807,0.78829,0.78889,0.78829,0.78807,0.78829,0.78889,0.78829,0.78807,0.78829,0.78889,0.78829,0.78807,0.78829,0.78889,0.78829,0.78807,0.78829,0.78889,0.78829,0.78807,0.78829,0.78889,0.78829,0.78807,0.78829,0.78889,0.78829,0.78807,0.78829,0.78889,0.78829,0.78807,0.78829,0.78889,0.78829,0.78807,0.78829,0.78889,0.78829,0.78807,0.78829,0.78889,0.78829,0.78807,0.78829,0.78889,0.78829,0.78807,0.78829,0.78889,0.78829,0.78807,0.78829,0.78889,0.78829,0.78807,0.78829,0.78889,0.78829,0.78807,0.78829,0.78889,0.78829,0.78807,0.78829,0.78889,0.78829,0.78807,0.78829,0.78889,0.78829,0.78807,0.78829,0.78889,0.78829,0.78807,0.78829,0.78889,0.78829,0.78807,0.78829,0.78889,0.78829,0.78807,0.78829,0.78889,0.78829,0.78807,0.78829,0.78889,0.78829,0.78807,0.78829,0.78889,0.78829,0.78807,0.78829,0.78889,0.78829,0.78807,0.78829,0.78889,0.78829,0.78807,0.78829,0.78889,0.78829,0.78807,0.78829,0.78889,0.78829,0.78807,0.78829,0.78889,0.78829,0.78807,0.78829,0.78889,0.78829,0.78807,0.78829,0.78889,0.78829,0.78807,0.78829,0.78889,0.78829,0.78807,0.78918,0.78889,0.78644,0.79349,0.78319,0.78889,0.79944,0.76733,0.80931,0.78889,0.74453,0.89346,0.61586
0.83171,0.89577,0.77416,0.85915,0.83171,0.81715,0.8456,0.82437,0.83171,0.83452,0.82843,0.83266,0.83171,0.83108,0.83085,0.83108,0.83171,0.83108,0.83085,0.83108,0.83171,0.83108,0.83085,0.83108,0.83171,0.83108,0.83085,0.83108,0.83171,0.83108,0.83085,0.83108,0.83171,0.83108,0.83085,0.83108,0.83171,0.83108,0.83085,0.83108,0.83171,0.83108,0.83085,0.83108,0.83171,0.83108,0.83085,0.83108,0.83171,0.83108,0.83085,0.83108,0.83171,0.83108,0.83085,0.83108,0.83171,0.83108,0.83085,0.83108,0.83171,0.83108,0.83085,0.83108,0.83171,0.83108,0.83085,0.83108,0.83171,0.83108,0.83085,0.83108,0.83171,0.83108,0.83085,0.83108,0.83171,0.83108,0.83085,0.83108,0.83171,0.83108,0.83085,0.83108,0.83171,0.83108,0.83085,0.83108,0.83171,0.83108,0.83085,0.83108,0.83171,0.83108,0.83085,0.83108,0.83171,0.83108,0.83085,0.83108,0.83171,0.83108,0.83085,0.83108,0.83171,0.83108,0.83085,0.83108,0.83171,0.83108,0.83085,0.83108,0.83171,0.83108,0.83085,0.83133,0.83171,0.83056,0.83238,0.82964,0.83171,0.83423,0.82499,0.83702,0.83171,0.81872,0.86061,0.78238,0.60891,0.59113,0.62347,0.60093,0.60891,0.61218,0.60433,0.61025,0.60891,0.60753,0.60893,0.60803,0.60891,0.60845,0.60828,0.60845,0.60891,0.60845,0.60828,0.60845,0.60891,0.60845,0.60828,0.60845,0.60891,0.60845,0.60828,0.60845,0.60891,0.60845,0.60828,0.60845,0.60891,0.60845,0.60828,0.60845,0.60891,0.60845,0.60828,0.60845,0.60891,0.60845,0.60828,0.60845,0.60891,0.60845,0.60828,0.60845,0.60891,0.60845,0.60828,0.60845,0.60891,0.60845,0.60828,0.60845,0.60891,0.60845,0.60828,0.60845,0.60891,0.60845,0.60828,0.60845,0.60891,0.60845,0.60828,0.60845,0.60891,0.60845,0.60828,0.60845,0.60891,0.60845,0.60828,0.60845,0.60891,0.60845,0.60828,0.60845,0.60891,0.60845,0.60828,0.60845,0.60891,0.60845,0.60828,0.60845,0.60891,0.60845,0.60828,0.60845,0.60891,0.60845,0.60828,0.60845,0.60891,0.60845,0.60828,0.60845,0.60891,0.60845,0.60828,0.60845,0.60891,0.60845,0.60828,0.60845,0.60891,0.60845,0.60828,0.60845,0.60891,0.60845,0.60828,0.60914,0.60891,0.60702,0.61247,0.60452,0.60891,0.61706,0.59227,0.62468,0.60891,0.57467,0.68963,0.47536
0.87133,0.93845,0.81104,0.90008,0.87133,0.85608,0.88588,0.86364,0.87133,0.87428,0.86789,0.87233,0.87133,0.87067,0.87043,0.87067,0.87133,0.87067,0.87043,0.87067,0.87133,0.87067,0.87043,0.87067,0.87133,0.87067,0.87043,0.87067,0.87133,0.87067,0.87043,0.87067,0.87133,0.87067,0.87043,0.87067,0.87133,0.87067,0.87043,0.87067,0.87133,0.87067,0.87043,0.87067,0.87133,0.87067,0.87043,0.87067,0.87133,0.87067,0.87043,0.87067,0.87133,0.87067,0.87043,0.87067,0.87133,0.87067,0.87043,0.87067,0.87133,0.87067,0.87043,0.87067,0.87133,0.87067,0.87043,0.87067,0.87133,0.87067,0.87043,0.87067,0.87133,0.87067,0.87043,0.87067,0.87133,0.87067,0.87043,0.87067,0.87133,0.87067,0.87043,0.87067,0.87133,0.87067,0.87043,0.87067,0.87133,0.87067,0.87043,0.87067,0.87133,0.87067,0.87043,0.87067,0.87133,0.87067,0.87043,0.87067,0.87133,0.87067,0.87043,0.87067,0.87133,0.87067,0.87043,0.87067,0.87133,0.87067,0.87043,0.87067,0.87133,0.87067,0.87043,0.87067,0.87133,0.87067,0.87043,0.87067,0.87133,0.87067,0.87043,0.87067,0.87133,0.87067,0.87043,0.87067,0.87133,0.87067,0.87043,0.87067,0.87133,0.87067,0.87043,0.87067,0.87133,0.87067,0.87043,0.87067,0.87133,0.87067,0.87043,0.87067,0.87133,0.87067,0.87043,0.87067,0.87133,0.87067,0.87043,0.87067,0.87133,0.87067,0.87043,0.87067,0.87133,0.87067,0.87043,0.87067,0.87133,0.87067,0.87043,0.87067,0.87133,0.87067,0.87043,0.87067,0.87133,0.87067,0.87043,0.87067,0.87133,0.87067,0.87043,0.87067,0.87133,0.87067,0.87043,0.87067,0.87133,0.87067,0.87043,0.87067,0.87133,0.87067,0.87043,0.87067,0.87133,0.87067,0.87043,0.87067,0.87133,0.87067,0.87043,0.87067,0.87133,0.87067,0.87043,0.87067,0.87133,0.87067,0.87043,0.87067,0.87133,0.87067,0.87043,0.87067,0.87133,0.87067,0.87043,0.87067,0.87133,0.87067,0.87043,0.87067,0.87133,0.87067,0.87043,0.87067,0.87133,0.87067,0.87043,0.87067,0.87133,0.87067,0.87043,0.87067,0.87133,0.87067,0.87043,0.87067,0.87133,0.87067,0.87043,0.87067,0.87133,0.87067,0.87043,0.87067,0.87133,0.87067,0.87043,0.87166,0.87133,0.86863,0.87642,0.86504,0.87133,0.88299,0.84752,0.8939,0.87133,0.82234,0.98683,0.68022
0.78268,0.84297,0.72852,0.80851,0.78268,0.76899,0.79575,0.77577,0.78268,0.78533,0.77959,0.78358,0.78268,0.78209,0.78188,0.78209,0.78268,0.78209,0.78188,0.78209,0.78268,0.78209,0.78188,0.78209,0.78268,0.78209,0.78188,0.78209,0.78268,0.78209,0.78188,0.78209,0.78268,0.78209,0.78188,0.78209,0.78268,0.78209,0.78188,0.78209,0.78268,0.78209,0.78188,0.78209,0.78268,0.78209,0.78188,0.78209,0.78268,0.78209,0.78188,0.78209,0.78268,0.78209,0.78188,0.78209,0.78268,0.78209,0.78188,0.78209,0.78268,0.78209,0.78188,0.78209,0.78268,0.78209,0.78188,0.78209,0.78268,0.78209,0.78188,0.78209,0.78268,0.78209,0.78188,0.78209,0.78268,0.78209,0.78188,0.78209,0.78268,0.78209,0.78188,0.78209,0.78268,0.78209,0.78188,0.78209,0.78268,0.78209,0.78188,0.78209,0.78268,0.78209,0.78188,0.78209,0.78268,0.78209,0.78188,0.78209,0.78268,0.78209,0.78188,0.78209,0.78268,0.78209,0.78188,0.78209,0.78268,0.78209,0.78188,0.78209,0.78268,0.78209,0.78188,0.78209,0.78268,0.78209,0.78188,0.78209,0.78268,0.78209,0.78188,0.78209,0.78268,0.78209,0.78188,0.78209,0.78268,0.78209,0.78188,0.78209,0.78268,0.78209,0.78188,0.78209,0.78268,0.78209,0.78188,0.78209,0.78268,0.78209,0.78188,0.78209,0.78268,0.78209,0.78188,0.78209,0.78268,0.78209,0.78188,0.78209,0.78268,0.78209,0.78188,0.78209,0.78268,0.78209,0.78188,0.78209,0.78268,0.78209,0.78188,0.78209,0.78268,0.78209,0.78188,0.78209,0.78268,0.78209,0.78188,0.78209,0.78268,0.78209,0.78188,0.78209,0.78268,0.78209,0.78188,0.78209,0.78268,0.78209,0.78188,0.78209,0.78268,0.78209,0.78188,0.78209,0.78268,0.78209,0.78188,0.78209,0.78268,0.78209,0.78188,0.78209,0.78268,0.78209,0.78188,0.78209,0.78268,0.78209,0.78188,0.78209,0.78268,0.78209,0.78188,0.78209,0.78268,0.78209,0.78188,0.78209,0.78268,0.78209,0.78188,0.78209,0.78268,0.78209,0.78188,0.78209,0.78268,0.78209,0.78188,0.78209,0.78268,0.78209,0.78188,0.78209,0.78268,0.78209,0.78188,0.78209,0.78268,0.78209,0.78188,0.78209,0.78268,0.78209,0.78188,0.78209,0.78268,0.78209,0.78188,0.78298,0.78268,0.78026,0.78725,0.77703,0.78268,0.79315,0.7613,0.80295,0.78268,0.73867,0.88643,0.61102
0.78585,0.84638,0.73147,0.81178,0.78585,0.7721,0.79897,0.77891,0.78585,0.78851,0.78275,0.78675,0.78585,0.78526,0.78504,0.78526,0.78585,0.78526,0.78504,0.78526,0.78585,0.78526,0.78504,0.78526,0.78585,0.78526,0.78504,0.78526,0.78585,0.78526,0.78504,0.78526,0.78585,0.78526,0.78504,0.78526,0.78585,0.78526,0.78504,0.78526,0.78585,0.78526,0.78504,0.78526,0.78585,0.78526,0.78504,0.78526,0.78585,0.78526,0.78504,0.78526,0.78585,0.78526,0.78504,0.78526,0.78585,0.78526,0.78504,0.78526,0.78585,0.78526,0.78504,0.78526,0.78585,0.78526,0.78504,0.78526,0.78585,0.78526,0.78504,0.78526,0.78585,0.78526,0.78504,0.78526,0.78585,0.78526,0.78504,0.78526,0.78585,0.78526,0.78504,0.78526,0.78585,0.78526,0.78504,0.78526,0.78585,0.78526,0.78504,0.78526,0.78585,0.78526,0.78504,0.78526,0.78585,0.78526,0.78504,0.78526,0.78585,0.78526,0.78504,0.78526,0.78585,0.78526,0.78504,0.78526,0.78585,0.78526,0.78504,0.78526,0.78585,0.78526,0.78504,0.78575,0.78585,0.78424,0.788,0.78247,0.78585,0.79136,0.77368,0.79677,0.78585,0.7613,0.84273,0.69086,0.354,0.32014,0.38307,0.33916,0.354,0.36096,0.34597,0.35722,0.354,0.35195,0.35489,0.35291,0.354,0.35373,0.35363,0.35373,0.354,0.35373,0.35363,0.35373,0.354,0.35373,0.35363,0.35373,0.354,0.35373,0.35363,0.35373,0.354,0.35373,0.35363,0.35373,0.354,0.35373,0.35363,0.35373,0.354,0.35373,0.35363,0.35373,0.354,0.35373,0.35363,0.35373,0.354,0.35373,0.35363,0.35373,0.354,0.35373,0.35363,0.35373,0.354,0.35373,0.35363,0.35373,0.354,0.35373,0.35363,0.35373,0.354,0.35373,0.35363,0.35373,0.354,0.35373,0.35363,0.35373,0.354,0.35373,0.35363,0.35373,0.354,0.35373,0.35363,0.35373,0.354,0.35373,0.35363,0.35373,0.354,0.35373,0.35363,0.35373,0.354,0.35373,0.35363,0.35373,0.354,0.35373,0.35363,0.35373,0.354,0.35373,0.35363,0.35373,0.354,0.35373,0.35363,0.35373,0.354,0.35373,0.35363,0.35373,0.354,0.35373,0.35363,0.35373,0.354,0.35373,0.35363,0.35373,0.354,0.35373,0.35363,0.35413,0.354,0.3529,0.35606,0.35144,0.354,0.35873,0.34433,0.36317,0.354,0.33409,0.40092,0.27636
0.8396,0.90426,0.7815,0.8673,0.8396,0.8249,0.85362,0.83218,0.8396,0.84243,0.83628,0.84056,0.8396,0.83896,0.83873,0.83896,0.8396,0.83896,0.83873,0.83896,0.8396,0.83896,0.83873,0.83896,0.8396,0.83896,0.83873,0.83896,0.8396,0.83896,0.83873,0.83896,0.8396,0.83896,0.83873,0.83896,0.8396,0.83896,0.83873,0.83896,0.8396,0.83896,0.83873,0.83896,0.8396,0.83896,0.83873,0.83896,0.8396,0.83896,0.83873,0.83896,0.8396,0.83896,0.83873,0.83896,0.8396,0.83896,0.83873,0.83896,0.8396,0.83896,0.83873,0.83896,0.8396,0.83896,0.83873,0.83896,0.8396,0.83896,0.83873,0.83896,0.8396,0.83896,0.83873,0.83896,0.8396,0.83896,0.83873,0.83896,0.8396,0.83896,0.83873,0.83896,0.8396,0.83896,0.83873,0.83896,0.8396,0.83896,0.83873,0.83896,0.8396,0.83896,0.83873,0.83896,0.8396,0.83896,0.83873,0.83896,0.8396,0.83896,0.83873,0.83896,0.8396,0.83896,0.83873,0.83896,0.8396,0.83896,0.83873,0.83896,0.8396,0.83896,0.83873,0.83896,0.8396,0.83896,0.83873,0.83896,0.8396,0.83896,0.83873,0.83896,0.8396,0.83896,0.83873,0.83896,0.8396,0.83896,0.83873,0.83896,0.8396,0.83896,0.83873,0.83896,0.8396,0.83896,0.83873,0.83896,0.8396,0.83896,0.83873,0.83896,0.8396,0.83896,0.83873,0.83896,0.8396,0.83896,0.83873,0.83896,0.8396,0.83896,0.83873,0.83896,0.8396,0.83896,0.83873,0.83896,0.8396,0.83896,0.83873,0.83896,0.8396,0.83896,0.83873,0.83896,0.8396,0.83896,0.83873,0.83896,0.8396,0.83896,0.83873,0.83896,0.8396,0.83896,0.83873,0.83896,0.8396,0.83896,0.83873,0.83896,0.8396,0.83896,0.83873,0.83896,0.8396,0.83896,0.83873,0.83896,0.8396,0.83896,0.83873,0.83896,0.8396,0.83896,0.83873,0.83896,0.8396,0.83896,0.83873,0.83896,0.8396,0.83896,0.83873,0.83896,0.8396,0.83896,0.83873,0.83896,0.8396,0.83896,0.83873,0.83896,0.8396,0.83896,0.83873,0.83896,0.8396,0.83896,0.83873,0.83896,0.8396,0.83896,0.83873,0.83896,0.8396,0.83896,0.83873,0.83896,0.8396,0.83896,0.83873,0.83896,0.8396,0.83896,0.83873,0.83896,0.8396,0.83896,0.83873,0.83991,0.8396,0.83699,0.8445,0.83353,0.8396,0.85083,0.81665,0.86134,0.8396,0.79238,0.95089,0.65545
0.81761,0.88059,0.76103,0.84459,0.81761,0.8033,0.83127,0.8104,0.81761,0.82038,0.81439,0.81855,0.81761,0.817,0.81677,0.817,0.81761,0.817,0.81677,0.817,0.81761,0.817,0.81677,0.817,0.81761,0.817,0.81677,0.817,0.81761,0.817,0.81677,0.817,0.81761,0.817,0.81677,0.817,0.81761,0.817,0.81677,0.817,0.81761,0.817,0.81677,0.817,0.81761,0.817,0.81677,0.817,0.81761,0.817,0.81677,0.817,0.81761,0.817,0.81677,0.817,0.81761,0.817,0.81677,0.817,0.81761,0.817,0.81677,0.817,0.81761,0.817,0.81677,0.817,0.81761,0.817,0.81677,0.817,0.81761,0.817,0.81677,0.817,0.81761,0.817,0.81677,0.817,0.81761,0.817,0.81677,0.817,0.81761,0.817,0.81677,0.817,0.81761,0.817,0.81677,0.817,0.81761,0.817,0.81677,0.817,0.81761,0.817,0.81677,0.817,0.81761,0.817,0.81677,0.817,0.81761,0.817,0.81677,0.817,0.81761,0.817,0.81677,0.817,0.81761,0.817,0.81677,0.81763,0.81761,0.81568,0.8206,0.81339,0.81761,0.82489,0.80209,0.83187,0.81761,0.78603,0.89135,0.69497,0.25934,0.21572,0.29713,0.2403,0.25934,0.26849,0.24917,0.26365,0.25934,0.25684,0.2607,0.25808,0.25934,0.25915,0.25907,0.25915,0.25934,0.25915,0.25907,0.25915,0.25934,0.25915,0.25907,0.25915,0.25934,0.25915,0.25907,0.25915,0.25934,0.25915,0.25907,0.25915,0.25934,0.25915,0.25907,0.25915,0.25934,0.25915,0.25907,0.25915,0.25934,0.25915,0.25907,0.25915,0.25934,0.25915,0.25907,0.25915,0.25934,0.25915,0.25907,0.25915,0.25934,0.25915,0.25907,0.25915,0.25934,0.25915,0.25907,0.25915,0.25934,0.25915,0.25907,0.25915,0.25934,0.25915,0.25907,0.25915,0.25934,0.25915,0.25907,0.25915,0.25934,0.25915,0.25907,0.25915,0.25934,0.25915,0.25907,0.25915,0.25934,0.25915,0.25907,0.25915,0.25934,0.25915,0.25907,0.25915,0.25934,0.25915,0.25907,0.25915,0.25934,0.25915,0.25907,0.25915,0.25934,0.25915,0.25907,0.25915,0.25934,0.25915,0.25907,0.25915,0.25934,0.25915,0.25907,0.25915,0.25934,0.25915,0.25907,0.25915,0.25934,0.25915,0.25907,0.25944,0.25934,0.25854,0.26086,0.25747,0.25934,0.26281,0.25225,0.26606,0.25934,0.24476,0.29372,0.20246
0.78947,0.85028,0.73484,0.81552,0.78947,0.77566,0.80266,0.7825,0.78947,0.79214,0.78636,0.79038,0.78947,0.78888,0.78866,0.78888,0.78947,0.78888,0.78866,0.78888,0.78947,0.78888,0.78866,0.78888,0.78947,0.78888,0.78866,0.78888,0.78947,0.78888,0.78866,0.78888,0.78947,0.78888,0.78866,0.78888,0.78947,0.78888,0.78866,0.78888,0.78947,0.78888,0.78866,0.78888,0.78947,0.78888,0.78866,0.78888,0.78947,0.78888,0.78866,0.78888,0.78947,0.78888,0.78866,0.78888,0.78947,0.78888,0.78866,0.78888,0.78947,0.78888,0.78866,0.78888,0.78947,0.78888,0.78866,0.78888,0.78947,0.78888,0.78866,0.78888,0.78947,0.78888,0.78866,0.78888,0.78947,0.78888,0.78866,0.78888,0.78947,0.78888,0.78866,0.78888,0.78947,0.78888,0.78866,0.78888,0.78947,0.78888,0.78866,0.78888,0.78947,0.78888,0.78866,0.78888,0.78947,0.78888,0.78866,0.78888,0.78947,0.78888,0.78866,0.78888,0.78947,0.78888,0.78866,0.78888,0.78947,0.78888,0.78866,0.78888,0.78947,0.78888,0.78866,0.78921,0.78947,0.78818,0.7907,0.78696,0.78947,0.79308,0.78084,0.7968,0.78947,0.77239,0.82836,0.72391,0.49225,0.46876,0.512,0.48184,0.49225,0.49685,0.48647,0.49428,0.49225,0.49065,0.4926,0.49131,0.49225,0.49188,0.49174,0.49188,0.49225,0.49188,0.49174,0.49188,0.49225,0.49188,0.49174,0.49188,0.49225,0.49188,0.49174,0.49188,0.49225,0.49188,0.49174,0.49188,0.49225,0.49188,0.49174,0.49188,0.49225,0.49188,0.49174,0.49188,0.49225,0.49188,0.49174,0.49188,0.49225,0.49188,0.49174,0.49188,0.49225,0.49188,0.49174,0.49188,0.49225,0.49188,0.49174,0.49188,0.49225,0.49188,0.49174,0.49188,0.49225,0.49188,0.49174,0.49188,0.49225,0.49188,0.49174,0.49188,0.49225,0.49188,0.49174,0.49188,0.49225,0.49188,0.49174,0.49188,0.49225,0.49188,0.49174,0.49188,0.49225,0.49188,0.49174,0.49188,0.49225,0.49188,0.49174,0.49188,0.49225,0.49188,0.49174,0.49188,0.49225,0.49188,0.49174,0.49188,0.49225,0.49188,0.49174,0.49188,0.49225,0.49188,0.49174,0.49188,0.49225,0.49188,0.49174,0.49188,0.49225,0.49188,0.49174,0.49188,0.49225,0.49188,0.49174,0.49243,0.49225,0.49072,0.49512,0.48869,0.49225,0.49883,0.4788,0.50499,0.49225,0.46457,0.5575,0.38428
0.83015,0.8941,0.77271,0.85755,0.83015,0.81563,0.84402,0.82283,0.83015,0.83296,0.82688,0.83111,0.83015,0.82953,0.8293,0.82953,0.83015,0.82953,0.8293,0.82953,0.83015,0.82953,0.8293,0.82953,0.83015,0.82953,0.8293,0.82953,0.83015,0.82953,0.8293,0.82953,0.83015,0.82953,0.8293,0.82953,0.83015,0.82953,0.8293,0.82953,0.83015,0.82953,0.8293,0.82953,0.83015,0.82953,0.8293,0.82953,0.83015,0.82953,0.8293,0.82953,0.83015,0.82953,0.8293,0.82953,0.83015,0.82953,0.8293,0.82953,0.83015,0.82953,0.8293,0.82953,0.83015,0.82953,0.8293,0.82953,0.83015,0.82953,0.8293,0.82953,0.83015,0.82953,0.8293,0.82953,0.83015,0.82953,0.8293,0.82953,0.83015,0.82953,0.8293,0.82953,0.83015,0.82953,0.8293,0.82953,0.83015,0.82953,0.8293,0.82953,0.83015,0.82953,0.8293,0.82953,0.83015,0.82953,0.8293,0.82953,0.83015,0.82953,0.8293,0.82953,0.83015,0.82953,0.8293,0.82953,0.83015,0.82953,0.8293,0.82953,0.83015,0.82953,0.8293,0.82953,0.83015,0.82953,0.8293,0.82953,0.83015,0.82953,0.8293,0.82953,0.83015,0.82953,0.8293,0.82953,0.83015,0.82953,0.8293,0.82953,0.83015,0.82953,0.8293,0.82953,0.83015,0.82953,0.8293,0.82953,0.83015,0.82953,0.8293,0.82953,0.83015,0.82953,0.8293,0.82953,0.83015,0.82953,0.8293,0.82953,0.83015,0.82953,0.8293,0.82953,0.83015,0.82953,0.8293,0.82953,0.83015,0.82953,0.8293,0.82953,0.83015,0.82953,0.8293,0.82953,0.83015,0.82953,0.8293,0.82953,0.83015,0.82953,0.8293,0.82953,0.83015,0.82953,0.8293,0.82953,0.83015,0.82953,0.8293,0.82953,0.83015,0.82953,0.8293,0.82953,0.83015,0.82953,0.8293,0.82953,0.83015,0.82953,0.8293,0.82953,0.83015,0.82953,0.8293,0.82953,0.83015,0.82953,0.8293,0.82953,0.83015,0.82953,0.8293,0.82953,0.83015,0.82953,0.8293,0.82953,0.83015,0.82953,0.8293,0.82953,0.83015,0.82953,0.8293,0.82953,0.83015,0.82953,0.8293,0.82953,0.83015,0.82953,0.8293,0.82953,0.83015,0.82953,0.8293,0.82953,0.83015,0.82953,0.8293,0.82953,0.83015,0.82953,0.8293,0.82953,0.83015,0.82953,0.8293,0.83047,0.83015,0.82758,0.835,0.82416,0.83015,0.84126,0.80747,0.85165,0.83015,0.78347,0.9402,0.64808
0.17315,0.18648,0.16116,0.17886,0.17315,0.17012,0.17604,0.17162,0.17315,0.17373,0.17246,0.17334,0.17315,0.17301,0.17297,0.17301,0.17315,0.17301,0.17297,0.17301,0.17315,0.17301,0.17297,0.17301,0.17315,0.17301,0.17297,0.17301,0.17315,0.17301,0.17297,0.17301,0.17315,0.17301,0.17297,0.17301,0.17315,0.17301,0.17297,0.17301,0.17315,0.17301,0.17297,0.17301,0.17315,0.17301,0.17297,0.17301,0.17315,0.17301,0.17297,0.17301,0.17315,0.17301,0.17297,0.17301,0.17315,0.17301,0.17297,0.17301,0.17315,0.17301,0.17297,0.17301,0.17315,0.17301,0.17297,0.17301,0.17315,0.17301,0.17297,0.17301,0.17315,0.17301,0.17297,0.17301,0.17315,0.17301,0.17297,0.17301,0.17315,0.17301,0.17297,0.17301,0.17315,0.17301,0.17297,0.17301,0.17315,0.17301,0.17297,0.17301,0.17315,0.17301,0.17297,0.17301,0.17315,0.17301,0.17297,0.17301,0.17315,0.17301,0.17297,0.17301,0.17315,0.17301,0.17297,0.17301,0.17315,0.17301,0.17297,0.17301,0.17315,0.17301,0.17297,0.17238,0.17315,0.17433,0.16911,0.17664,0.17315,0.16508,0.18773,0.15805,0.17315,0.20416,0.09796,0.29574,0.73461,0.77773,0.69558,0.75301,0.73461,0.72466,0.74381,0.72953,0.73461,0.73638,0.73222,0.73513,0.73461,0.73406,0.73385,0.73406,0.73461,0.73406,0.73385,0.73406,0.73461,0.73406,0.73385,0.73406,0.73461,0.73406,0.73385,0.73406,0.73461,0.73406,0.73385,0.73406,0.73461,0.73406,0.73385,0.73406,0.73461,0.73406,0.73385,0.73406,0.73461,0.73406,0.73385,0.73406,0.73461,0.73406,0.73385,0.73406,0.73461,0.73406,0.73385,0.73406,0.73461,0.73406,0.73385,0.73406,0.73461,0.73406,0.73385,0.73406,0.73461,0.73406,0.73385,0.73406,0.73461,0.73406,0.73385,0.73406,0.73461,0.73406,0.73385,0.73406,0.73461,0.73406,0.73385,0.73406,0.73461,0.73406,0.73385,0.73406,0.73461,0.73406,0.73385,0.73406,0.73461,0.73406,0.73385,0.73406,0.73461,0.73406,0.73385,0.73406,0.73461,0.73406,0.73385,0.73406,0.73461,0.73406,0.73385,0.73406,0.73461,0.73406,0.73385,0.73406,0.73461,0.73406,0.73385,0.73406,0.73461,0.73406,0.73385,0.73406,0.73461,0.73406,0.73385,0.73489,0.73461,0.73233,0.7389,0.72931,0.73461,0.74444,0.71454,0.75364,0.73461,0.6933,0.83199,0.57349
0.40928,0.4408,0.38095,0.42278,0.40928,0.40211,0.41611,0.40566,0.40928,0.41066,0.40766,0.40975,0.40928,0.40897,0.40885,0.40897,0.40928,0.40897,0.40885,0.40897,0.40928,0.40897,0.40885,0.40897,0.40928,0.40897,0.40885,0.40897,0.40928,0.40897,0.40885,0.40897,0.40928,0.40897,0.40885,0.40897,0.40928,0.40897,0.40885,0.40897,0.40928,0.40897,0.40885,0.40897,0.40928,0.40897,0.40885,0.40897,0.40928,0.40897,0.40885,0.40897,0.40928,0.40897,0.40885,0.40897,0.40928,0.40897,0.40885,0.40897,0.40928,0.40897,0.40885,0.40897,0.40928,0.40897,0.40885,0.40897,0.40928,0.40897,0.40885,0.40897,0.40928,0.40897,0.40885,0.40897,0.40928,0.40897,0.40885,0.40897,0.40928,0.40897,0.40885,0.40897,0.40928,0.40897,0.40885,0.40897,0.40928,0.40897,0.40885,0.40897,0.40928,0.40897,0.40885,0.40897,0.40928,0.40897,0.40885,0.40897,0.40928,0.40897,0.40885,0.40897,0.40928,0.40897,0.40885,0.40897,0.40928,0.40897,0.40885,0.40897,0.40928,0.40897,0.40885,0.40852,0.40928,0.40989,0.40615,0.41151,0.40928,0.40341,0.4192,0.39848,0.40928,0.4308,0.35628,0.49498,0.80281,0.83281,0.77515,0.81548,0.80281,0.79561,0.80896,0.79902,0.80281,0.80383,0.80083,0.80295,0.80281,0.8022,0.80198,0.8022,0.80281,0.8022,0.80198,0.8022,0.80281,0.8022,0.80198,0.8022,0.80281,0.8022,0.80198,0.8022,0.80281,0.8022,0.80198,0.8022,0.80281,0.8022,0.80198,0.8022,0.80281,0.8022,0.80198,0.8022,0.80281,0.8022,0.80198,0.8022,0.80281,0.8022,0.80198,0.8022,0.80281,0.8022,0.80198,0.8022,0.80281,0.8022,0.80198,0.8022,0.80281,0.8022,0.80198,0.8022,0.80281,0.8022,0.80198,0.8022,0.80281,0.8022,0.80198,0.8022,0.80281,0.8022,0.80198,0.8022,0.80281,0.8022,0.80198,0.8022,0.80281,0.8022,0.80198,0.8022,0.80281,0.8022,0.80198,0.8022,0.80281,0.8022,0.80198,0.8022,0.80281,0.8022,0.80198,0.8022,0.80281,0.8022,0.80198,0.8022,0.80281,0.8022,0.80198,0.8022,0.80281,0.8022,0.80198,0.8022,0.80281,0.8022,0.80198,0.8022,0.80281,0.8022,0.80198,0.8022,0.80281,0.8022,0.80198,0.80311,0.80281,0.80032,0.80749,0.79701,0.80281,0.81355,0.78087,0.8236,0.80281,0.75766,0.90922,0.62673
0.16959,0.18265,0.15785,0.17518,0.16959,0.16662,0.17242,0.16809,0.16959,0.17016,0.16892,0.16978,0.16959,0.16946,0.16941,0.16946,0.16959,0.16946,0.16941,0.16946,0.16959,0.16946,0.16941,0.16946,0.16959,0.16946,0.16941,0.16946,0.16959,0.16946,0.16941,0.16946,0.16959,0.16946,0.16941,0.16946,0.16959,0.16946,0.16941,0.16946,0.16959,0.16946,0.16941,0.16946,0.16959,0.16946,0.16941,0.16946,0.16959,0.16946,0.16941,0.16946,0.16959,0.16946,0.16941,0.16946,0.16959,0.16946,0.16941,0.16946,0.16959,0.16946,0.16941,0.16946,0.16959,0.16946,0.16941,0.16946,0.16959,0.16946,0.16941,0.16946,0.16959,0.16946,0.16941,0.16946,0.16959,0.16946,0.16941,0.16946,0.16959,0.16946,0.16941,0.16946,0.16959,0.16946,0.16941,0.16946,0.16959,0.16946,0.16941,0.16946,0.16959,0.16946,0.16941,0.16946,0.16959,0.16946,0.16941,0.16946,0.16959,0.16946,0.16941,0.16946,0.16959,0.16946,0.16941,0.16946,0.16959,0.16946,0.16941,0.16946,0.16959,0.16946,0.16941,0.16864,0.16959,0.17116,0.16442,0.17415,0.16959,0.15919,0.1885,0.1501,0.16959,0.20975,0.072393,0.32819,0.89581,0.95162,0.84538,0.91965,0.89581,0.88298,0.90777,0.88927,0.89581,0.89814,0.89277,0.89652,0.89581,0.89514,0.89489,0.89514,0.89581,0.89514,0.89489,0.89514,0.89581,0.89514,0.89489,0.89514,0.89581,0.89514,0.89489,0.89514,0.89581,0.89514,0.89489,0.89514,0.89581,0.89514,0.89489,0.89514,0.89581,0.89514,0.89489,0.89514,0.89581,0.89514,0.89489,0.89514,0.89581,0.89514,0.89489,0.89514,0.89581,0.89514,0.89489,0.89514,0.89581,0.89514,0.89489,0.89514,0.89581,0.89514,0.89489,0.89514,0.89581,0.89514,0.89489,0.89514,0.89581,0.89514,0.89489,0.89514,0.89581,0.89514,0.89489,0.89514,0.89581,0.89514,0.89489,0.89514,0.89581,0.89514,0.89489,0.89514,0.89581,0.89514,0.89489,0.89514,0.89581,0.89514,0.89489,0.89514,0.89581,0.89514,0.89489,0.89514,0.89581,0.89514,0.89489,0.89514,0.89581,0.89514,0.89489,0.89514,0.89581,0.89514,0.89489,0.89514,0.89581,0.89514,0.89489,0.89514,0.89581,0.89514,0.89489,0.89514,0.89581,0.89514,0.89489,0.89615,0.89581,0.89303,0.90104,0.88935,0.89581,0.9078,0.87134,0.91901,0.89581,0.84544,1.0146,0.69934
0.75466,0.81279,0.70244,0.77956,0.75466,0.74146,0.76727,0.748,0.75466,0.75721,0.75169,0.75553,0.75466,0.75409,0.75388,0.75409,0.75466,0.75409,0.75388,0.75409,0.75466,0.75409,0.75388,0.75409,0.75466,0.75409,0.75388,0.75409,0.75466,0.75409,0.75388,0.75409,0.75466,0.75409,0.75388,0.75409,0.75466,0.75409,0.75388,0.75409,0.75466,0.75409,0.75388,0.75409,0.75466,0.75409,0.75388,0.75409,0.75466,0.75409,0.75388,0.75409,0.75466,0.75409,0.75388,0.75409,0.75466,0.75409,0.75388,0.75409,0.75466,0.75409,0.75388,0.75409,0.75466,0.75409,0.75388,0.75409,0.75466,0.75409,0.75388,0.75409,0.75466,0.75409,0.75388,0.75409,0.75466,0.75409,0.75388,0.75409,0.75466,0.75409,0.75388,0.75409,0.75466,0.75409,0.75388,0.75409,0.75466,0.75409,0.75388,0.75409,0.75466,0.75409,0.75388,0.75409,0.75466,0.75409,0.75388,0.75409,0.75466,0.75409,0.75388,0.75409,0.75466,0.75409,0.75388,0.75409,0.75466,0.75409,0.75388,0.75409,0.75466,0.75409,0.75388,0.75432,0.75466,0.75363,0.75524,0.75282,0.75466,0.75687,0.74871,0.75934,0.75466,0.74319,0.78015,0.71111,0.55802,0.5423,0.57085,0.55096,0.55802,0.56089,0.55396,0.55919,0.55802,0.55679,0.55802,0.55723,0.55802,0.5576,0.55744,0.5576,0.55802,0.5576,0.55744,0.5576,0.55802,0.5576,0.55744,0.5576,0.55802,0.5576,0.55744,0.5576,0.55802,0.5576,0.55744,0.5576,0.55802,0.5576,0.55744,0.5576,0.55802,0.5576,0.55744,0.5576,0.55802,0.5576,0.55744,0.5576,0.55802,0.5576,0.55744,0.5576,0.55802,0.5576,0.55744,0.5576,0.55802,0.5576,0.55744,0.5576,0.55802,0.5576,0.55744,0.5576,0.55802,0.5576,0.55744,0.5576,0.55802,0.5576,0.55744,0.5576,0.55802,0.5576,0.55744,0.5576,0.55802,0.5576,0.55744,0.5576,0.55802,0.5576,0.55744,0.5576,0.55802,0.5576,0.55744,0.5576,0.55802,0.5576,0.55744,0.5576,0.55802,0.5576,0.55744,0.5576,0.55802,0.5576,0.55744,0.5576,0.55802,0.5576,0.55744,0.5576,0.55802,0.5576,0.55744,0.5576,0.55802,0.5576,0.55744,0.5576,0.55802,0.5576,0.55744,0.5576,0.55802,0.5576,0.55744,0.55823,0.55802,0.55629,0.56128,0.55399,0.55802,0.56549,0.54277,0.57247,0.55802,0.52664,0.63199,0.43563
0.81267,0.87527,0.75644,0.83949,0.81267,0.79845,0.82624,0.8055,0.81267,0.81542,0.80946,0.8136,0.81267,0.81206,0.81183,0.81206,0.81267,0.81206,0.81183,0.81206,0.81267,0.81206,0.81183,0.81206,0.81267,0.81206,0.81183,0.81206,0.81267,0.81206,0.81183,0.81206,0.81267,0.81206,0.81183,0.81206,0.81267,0.81206,0.81183,0.81206,0.81267,0.81206,0.81183,0.81206,0.81267,0.81206,0.81183,0.81206,0.81267,0.81206,0.81183,0.81206,0.81267,0.81206,0.81183,0.81206,0.81267,0.81206,0.81183,0.81206,0.81267,0.81206,0.81183,0.81206,0.81267,0.81206,0.81183,0.81206,0.81267,0.81206,0.81183,0.81206,0.81267,0.81206,0.81183,0.81206,0.81267,0.81206,0.81183,0.81206,0.81267,0.81206,0.81183,0.81206,0.81267,0.81206,0.81183,0.81206,0.81267,0.81206,0.81183,0.81206,0.81267,0.81206,0.81183,0.81206,0.81267,0.81206,0.81183,0.81206,0.81267,0.81206,0.81183,0.81206,0.81267,0.81206,0.81183,0.81206,0.81267,0.81206,0.81183,0.81206,0.81267,0.81206,0.81183,0.81206,0.81267,0.81206,0.81183,0.81206,0.81267,0.81206,0.81183,0.81206,0.81267,0.81206,0.81183,0.81206,0.81267,0.81206,0.81183,0.81206,0.81267,0.81206,0.81183,0.81206,0.81267,0.81206,0.81183,0.81206,0.81267,0.81206,0.81183,0.81206,0.81267,0.81206,0.81183,0.81206,0.81267,0.81206,0.81183,0.81206,0.81267,0.81206,0.81183,0.81206,0.81267,0.81206,0.81183,0.81206,0.81267,0.81206,0.81183,0.81206,0.81267,0.81206,0.81183,0.81206,0.81267,0.81206,0.81183,0.81206,0.81267,0.81206,0.81183,0.81206,0.81267,0.81206,0.81183,0.81206,0.81267,0.81206,0.81183,0.81206,0.81267,0.81206,0.81183,0.81206,0.81267,0.81206,0.81183,0.81206,0.81267,0.81206,0.81183,0.81206,0.81267,0.81206,0.81183,0.81206,0.81267,0.81206,0.81183,0.81206,0.81267,0.81206,0.81183,0.81206,0.81267,0.81206,0.81183,0.81206,0.81267,0.81206,0.81183,0.81206,0.81267,0.81206,0.81183,0.81206,0.81267,0.81206,0.81183,0.81206,0.81267,0.81206,0.81183,0.81206,0.81267,0.81206,0.81183,0.81206,0.81267,0.81206,0.81183,0.81206,0.81267,0.81206,0.81183,0.81206,0.81267,0.81206,0.81183,0.81298,0.81267,0.81015,0.81742,0.80681,0.81267,0.82354,0.79047,0.83372,0.81267,0.76698,0.9204,0.63443
0.87158,0.93871,0.81126,0.90033,0.87158,0.85632,0.88613,0.86388,0.87158,0.87452,0.86813,0.87257,0.87158,0.87092,0.87067,0.87092,0.87158,0.87092,0.87067,0.87092,0.87158,0.87092,0.87067,0.87092,0.87158,0.87092,0.87067,0.87092,0.87158,0.87092,0.87067,0.87092,0.87158,0.87092,0.87067,0.87092,0.87158,0.87092,0.87067,0.87092,0.87158,0.87092,0.87067,0.87092,0.87158,0.87092,0.87067,0.87092,0.87158,0.87092,0.87067,0.87092,0.87158,0.87092,0.87067,0.87092,0.87158,0.87092,0.87067,0.87092,0.87158,0.87092,0.87067,0.87092,0.87158,0.87092,0.87067,0.87092,0.87158,0.87092,0.87067,0.87092,0.87158,0.87092,0.87067,0.87092,0.87158,0.87092,0.87067,0.87092,0.87158,0.87092,0.87067,0.87092,0.87158,0.87092,0.87067,0.87092,0.87158,0.87092,0.87067,0.87092,0.87158,0.87092,0.87067,0.87092,0.87158,0.87092,0.87067,0.87092,0.87158,0.87092,0.87067,0.87092,0.87158,0.87092,0.87067,0.87092,0.87158,0.87092,0.87067,0.87092,0.87158,0.87092,0.87067,0.87102,0.87158,0.87071,0.87128,0.87035,0.87158,0.87216,0.86836,0.87326,0.87158,0.86604,0.88242,0.8517,0.78364,0.7762,0.78882,0.78008,0.78364,0.78452,0.78127,0.78375,0.78364,0.78268,0.78308,0.78288,0.78364,0.78304,0.78282,0.78304,0.78364,0.78304,0.78282,0.78304,0.78364,0.78304,0.78282,0.78304,0.78364,0.78304,0.78282,0.78304,0.78364,0.78304,0.78282,0.78304,0.78364,0.78304,0.78282,0.78304,0.78364,0.78304,0.78282,0.78304,0.78364,0.78304,0.78282,0.78304,0.78364,0.78304,0.78282,0.78304,0.78364,0.78304,0.78282,0.78304,0.78364,0.78304,0.78282,0.78304,0.78364,0.78304,0.78282,0.78304,0.78364,0.78304,0.78282,0.78304,0.78364,0.78304,0.78282,0.78304,0.78364,0.78304,0.78282,0.78304,0.78364,0.78304,0.78282,0.78304,0.78364,0.78304,0.78282,0.78304,0.78364,0.78304,0.78282,0.78304,0.78364,0.78304,0.78282,0.78304,0.78364,0.78304,0.78282,0.78304,0.78364,0.78304,0.78282,0.78304,0.78364,0.78304,0.78282,0.78304,0.78364,0.78304,0.78282,0.78304,0.78364,0.78304,0.78282,0.78304,0.78364,0.78304,0.78282,0.78304,0.78364,0.78304,0.78282,0.78393,0.78364,0.7812,0.78821,0.77798,0.78364,0.79412,0.76222,0.80393,0.78364,0.73957,0.88751,0.61176
0.82754,0.89128,0.77027,0.85484,0.82754,0.81305,0.84135,0.82023,0.82754,0.83033,0.82427,0.82848,0.82754,0.82691,0.82668,0.82691,0.82754,0.82691,0.82668,0.82691,0.82754,0.82691,0.82668,0.82691,0.82754,0.82691,0.82668,0.82691,0.82754,0.82691,0.82668,0.82691,0.82754,0.82691,0.82668,0.82691,0.82754,0.82691,0.82668,0.82691,0.82754,0.82691,0.82668,0.82691,0.82754,0.82691,0.82668,0.82691,0.82754,0.82691,0.82668,0.82691,0.82754,0.82691,0.82668,0.82691,0.82754,0.82691,0.82668,0.82691,0.82754,0.82691,0.82668,0.82691,0.82754,0.82691,0.82668,0.82691,0.82754,0.82691,0.82668,0.82691,0.82754,0.82691,0.82668,0.82691,0.82754,0.82691,0.82668,0.82691,0.82754,0.82691,0.82668,0.82691,0.82754,0.82691,0.82668,0.82691,0.82754,0.82691,0.82668,0.82691,0.82754,0.82691,0.82668,0.82691,0.82754,0.82691,0.82668,0.82691,0.82754,0.82691,0.82668,0.82691,0.82754,0.82691,0.82668,0.82691,0.82754,0.82691,0.82668,0.82691,0.82754,0.82691,0.82668,0.82691,0.82754,0.82691,0.82668,0.82691,0.82754,0.82691,0.82668,0.82691,0.82754,0.82691,0.82668,0.82691,0.82754,0.82691,0.82668,0.82691,0.82754,0.82691,0.82668,0.82691,0.82754,0.82691,0.82668,0.82691,0.82754,0.82691,0.82668,0.82691,0.82754,0.82691,0.82668,0.82691,0.82754,0.82691,0.82668,0.82691,0.82754,0.82691,0.82668,0.82691,0.82754,0.82691,0.82668,0.82691,0.82754,0.82691,0.82668,0.82691,0.82754,0.82691,0.82668,0.82691,0.82754,0.82691,0.82668,0.82691,0.82754,0.82691,0.82668,0.82691,0.82754,0.82691,0.82668,0.82691,0.82754,0.82691,0.82668,0.82691,0.82754,0.82691,0.82668,0.82691,0.82754,0.82691,0.82668,0.82691,0.82754,0.82691,0.82668,0.82691,0.82754,0.82691,0.82668,0.82691,0.82754,0.82691,0.82668,0.82691,0.82754,0.82691,0.82668,0.82691,0.82754,0.82691,0.82668,0.82691,0.82754,0.82691,0.82668,0.82691,0.82754,0.82691,0.82668,0.82691,0.82754,0.82691,0.82668,0.82691,0.82754,0.82691,0.82668,0.82691,0.82754,0.82691,0.82668,0.82691,0.82754,0.82691,0.82668,0.82691,0.82754,0.82691,0.82668,0.82691,0.82754,0.82691,0.82668,0.82785,0.82754,0.82497,0.83237,0.82156,0.82754,0.83861,0.80492,0.84896,0.82754,0.781,0.93723,0.64603
0.30954,0.33338,0.28812,0.31976,0.30954,0.30413,0.31471,0.30681,0.30954,0.31059,0.30832,0.3099,0.30954,0.30931,0.30922,0.30931,0.30954,0.30931,0.30922,0.30931,0.30954,0.30931,0.30922,0.30931,0.30954,0.30931,0.30922,0.30931,0.30954,0.30931,0.30922,0.30931,0.30954,0.30931,0.30922,0.30931,0.30954,0.30931,0.30922,0.30931,0.30954,0.30931,0.30922,0.30931,0.30954,0.30931,0.30922,0.30931,0.30954,0.30931,0.30922,0.30931,0.30954,0.30931,0.30922,0.30931,0.30954,0.30931,0.30922,0.30931,0.30954,0.30931,0.30922,0.30931,0.30954,0.30931,0.30922,0.30931,0.30954,0.30931,0.30922,0.30931,0.30954,0.30931,0.30922,0.30931,0.30954,0.30931,0.30922,0.30931,0.30954,0.30931,0.30922,0.30931,0.30954,0.30931,0.30922,0.30931,0.30954,0.30931,0.30922,0.30931,0.30954,0.30931,0.30922,0.30931,0.30954,0.30931,0.30922,0.30931,0.30954,0.30931,0.30922,0.30931,0.30954,0.30931,0.30922,0.30931,0.30954,0.30931,0.30922,0.30931,0.30954,0.30931,0.30922,0.30875,0.30954,0.31048,0.3058,0.31253,0.30954,0.30227,0.32232,0.29603,0.30954,0.33696,0.24265,0.41824,0.80791,0.84606,0.7731,0.82412,0.80791,0.79896,0.81591,0.80328,0.80791,0.80936,0.80562,0.80825,0.80791,0.8073,0.80708,0.8073,0.80791,0.8073,0.80708,0.8073,0.80791,0.8073,0.80708,0.8073,0.80791,0.8073,0.80708,0.8073,0.80791,0.8073,0.80708,0.8073,0.80791,0.8073,0.80708,0.8073,0.80791,0.8073,0.80708,0.8073,0.80791,0.8073,0.80708,0.8073,0.80791,0.8073,0.80708,0.8073,0.80791,0.8073,0.80708,0.8073,0.80791,0.8073,0.80708,0.8073,0.80791,0.8073,0.80708,0.8073,0.80791,0.8073,0.80708,0.8073,0.80791,0.8073,0.80708,0.8073,0.80791,0.8073,0.80708,0.8073,0.80791,0.8073,0.80708,0.8073,0.80791,0.8073,0.80708,0.8073,0.80791,0.8073,0.80708,0.8073,0.80791,0.8073,0.80708,0.8073,0.80791,0.8073,0.80708,0.8073,0.80791,0.8073,0.80708,0.8073,0.80791,0.8073,0.80708,0.8073,0.80791,0.8073,0.80708,0.8073,0.80791,0.8073,0.80708,0.8073,0.80791,0.8073,0.80708,0.8073,0.80791,0.8073,0.80708,0.80821,0.80791,0.8054,0.81263,0.80208,0.80791,0.81872,0.78583,0.82883,0.80791,0.76248,0.915,0.63071
0.85667,0.92265,0.79739,0.88494,0.85667,0.84168,0.87097,0.84911,0.85667,0.85956,0.85329,0.85765,0.85667,0.85602,0.85578,0.85602,0.85667,0.85602,0.85578,0.85602,0.85667,0.85602,0.85578,0.85602,0.85667,0.85602,0.85578,0.85602,0.85667,0.85602,0.85578,0.85602,0.85667,0.85602,0.85578,0.85602,0.85667,0.85602,0.85578,0.85602,0.85667,0.85602,0.85578,0.85602,0.85667,0.85602,0.85578,0.85602,0.85667,0.85602,0.85578,0.85602,0.85667,0.85602,0.85578,0.85602,0.85667,0.85602,0.85578,0.85602,0.85667,0.85602,0.85578,0.85602,0.85667,0.85602,0.85578,0.85602,0.85667,0.85602,0.85578,0.85602,0.85667,0.85602,0.85578,0.85602,0.85667,0.85602,0.85578,0.85602,0.85667,0.85602,0.85578,0.85602,0.85667,0.85602,0.85578,0.85602,0.85667,0.85602,0.85578,0.85602,0.85667,0.85602,0.85578,0.85602,0.85667,0.85602,0.85578,0.85602,0.85667,0.85602,0.85578,0.85602,0.85667,0.85602,0.85578,0.85602,0.85667,0.85602,0.85578,0.85602,0.85667,0.85602,0.85578,0.85602,0.85667,0.85602,0.85578,0.85602,0.85667,0.85602,0.85578,0.85602,0.85667,0.85602,0.85578,0.85602,0.85667,0.85602,0.85578,0.85602,0.85667,0.85602,0.85578,0.85602,0.85667,0.85602,0.85578,0.85602,0.85667,0.85602,0.85578,0.85602,0.85667,0.85602,0.85578,0.85602,0.85667,0.85602,0.85578,0.85602,0.85667,0.85602,0.85578,0.85602,0.85667,0.85602,0.85578,0.85602,0.85667,0.85602,0.85578,0.85602,0.85667,0.85602,0.85578,0.85602,0.85667,0.85602,0.85578,0.85602,0.85667,0.85602,0.85578,0.85602,0.85667,0.85602,0.85578,0.85602,0.85667,0.85602,0.85578,0.85602,0.85667,0.85602,0.85578,0.85602,0.85667,0.85602,0.85578,0.85602,0.85667,0.85602,0.85578,0.85602,0.85667,0.85602,0.85578,0.85602,0.85667,0.85602,0.85578,0.85602,0.85667,0.85602,0.85578,0.85602,0.85667,0.85602,0.85578,0.85602,0.85667,0.85602,0.85578,0.85602,0.85667,0.85602,0.85578,0.85602,0.85667,0.85602,0.85578,0.85602,0.85667,0.85602,0.85578,0.85602,0.85667,0.85602,0.85578,0.85602,0.85667,0.85602,0.85578,0.85602,0.85667,0.85602,0.85578,0.85602,0.85667,0.85602,0.85578,0.85699,0.85667,0.85401,0.86167,0.85048,0.85667,0.86813,0.83326,0.87885,0.85667,0.8085,0.97023,0.66878
0.44424,0.47846,0.4135,0.4589,0.44424,0.43647,0.45166,0.44032,0.44424,0.44574,0.44249,0.44475,0.44424,0.4439,0.44378,0.4439,0.44424,0.4439,0.44378,0.4439,0.44424,0.4439,0.44378,0.4439,0.44424,0.4439,0.44378,0.4439,0.44424,0.4439,0.44378,0.4439,0.44424,0.4439,0.44378,0.4439,0.44424,0.4439,0.44378,0.4439,0.44424,0.4439,0.44378,0.4439,0.44424,0.4439,0.44378,0.4439,0.44424,0.4439,0.44378,0.4439,0.44424,0.4439,0.44378,0.4439,0.44424,0.4439,0.44378,0.4439,0.44424,0.4439,0.44378,0.4439,0.44424,0.4439,0.44378,0.4439,0.44424,0.4439,0.44378,0.4439,0.44424,0.4439,0.44378,0.4439,0.44424,0.4439,0.44378,0.4439,0.44424,0.4439,0.44378,0.4439,0.44424,0.4439,0.44378,0.4439,0.44424,0.4439,0.44378,0.4439,0.44424,0.4439,0.44378,0.4439,0.44424,0.4439,0.44378,0.4439,0.44424,0.4439,0.44378,0.4439,0.44424,0.4439,0.44378,0.4439,0.44424,0.4439,0.44378,0.4439,0.44424,0.4439,0.44378,0.44351,0.44424,0.44472,0.44139,0.44615,0.44424,0.43899,0.45293,0.43463,0.44424,0.46321,0.3973,0.51996,0.79218,0.81865,0.76765,0.80333,0.79218,0.78576,0.79753,0.78878,0.79218,0.79302,0.79035,0.79225,0.79218,0.79159,0.79136,0.79159,0.79218,0.79159,0.79136,0.79159,0.79218,0.79159,0.79136,0.79159,0.79218,0.79159,0.79136,0.79159,0.79218,0.79159,0.79136,0.79159,0.79218,0.79159,0.79136,0.79159,0.79218,0.79159,0.79136,0.79159,0.79218,0.79159,0.79136,0.79159,0.79218,0.79159,0.79136,0.79159,0.79218,0.79159,0.79136,0.79159,0.79218,0.79159,0.79136,0.79159,0.79218,0.79159,0.79136,0.79159,0.79218,0.79159,0.79136,0.79159,0.79218,0.79159,0.79136,0.79159,0.79218,0.79159,0.79136,0.79159,0.79218,0.79159,0.79136,0.79159,0.79218,0.79159,0.79136,0.79159,0.79218,0.79159,0.79136,0.79159,0.79218,0.79159,0.79136,0.79159,0.79218,0.79159,0.79136,0.79159,0.79218,0.79159,0.79136,0.79159,0.79218,0.79159,0.79136,0.79159,0.79218,0.79159,0.79136,0.79159,0.79218,0.79159,0.79136,0.79159,0.79218,0.79159,0.79136,0.79159,0.79218,0.79159,0.79136,0.79248,0.79218,0.78972,0.79681,0.78646,0.79218,0.80278,0.77054,0.8127,0.79218,0.74764,0.89719,0.61843
0.8083,0.87056,0.75237,0.83497,0.8083,0.79415,0.8218,0.80116,0.8083,0.81103,0.80511,0.80923,0.8083,0.80769,0.80746,0.80769,0.8083,0.80769,0.80746,0.80769,0.8083,0.80769,0.80746,0.80769,0.8083,0.80769,0.80746,0.80769,0.8083,0.80769,0.80746,0.80769,0.8083,0.80769,0.80746,0.80769,0.8083,0.80769,0.80746,0.80769,0.8083,0.80769,0.80746,0.80769,0.8083,0.80769,0.80746,0.80769,0.8083,0.80769,0.80746,0.80769,0.8083,0.80769,0.80746,0.80769,0.8083,0.80769,0.80746,0.80769,0.8083,0.80769,0.80746,0.80769,0.8083,0.80769,0.80746,0.80769,0.8083,0.80769,0.80746,0.80769,0.8083,0.80769,0.80746,0.80769,0.8083,0.80769,0.80746,0.80769,0.8083,0.80769,0.80746,0.80769,0.8083,0.80769,0.80746,0.80769,0.8083,0.80769,0.80746,0.80769,0.8083,0.80769,0.80746,0.80769,0.8083,0.80769,0.80746,0.80769,0.8083,0.80769,0.80746,0.80769,0.8083,0.80769,0.80746,0.80769,0.8083,0.80769,0.80746,0.80769,0.8083,0.80769,0.80746,0.80769,0.8083,0.80769,0.80746,0.80769,0.8083,0.80769,0.80746,0.80769,0.8083,0.80769,0.80746,0.80769,0.8083,0.80769,0.80746,0.80769,0.8083,0.80769,0.80746,0.80769,0.8083,0.80769,0.80746,0.80769,0.8083,0.80769,0.80746,0.80769,0.8083,0.80769,0.80746,0.80769,0.8083,0.80769,0.80746,0.80769,0.8083,0.80769,0.80746,0.80769,0.8083,0.80769,0.80746,0.80769,0.8083,0.80769,0.80746,0.80769,0.8083,0.80769,0.80746,0.80769,0.8083,0.80769,0.80746,0.80769,0.8083,0.80769,0.80746,0.80769,0.8083,0.80769,0.80746,0.80769,0.8083,0.80769,0.80746,0.80769,0.8083,0.80769,0.80746,0.80769,0.8083,0.80769,0.80746,0.80769,0.8083,0.80769,0.80746,0.80769,0.8083,0.80769,0.80746,0.80769,0.8083,0.80769,0.80746,0.80769,0.8083,0.80769,0.80746,0.80769,0.8083,0.80769,0.80746,0.80769,0.8083,0.80769,0.80746,0.80769,0.8083,0.80769,0.80746,0.80769,0.8083,0.80769,0.80746,0.80769,0.8083,0.80769,0.80746,0.80769,0.8083,0.80769,0.80746,0.80769,0.8083,0.80769,0.80746,0.80769,0.8083,0.80769,0.80746,0.80769,0.8083,0.80769,0.80746,0.8086,0.8083,0.80579,0.81302,0.80246,0.8083,0.81911,0.78621,0.82923,0.8083,0.76285,0.91544,0.63102
0.55641,0.59927,0.51791,0.57477,0.55641,0.54667,0.5657,0.5515,0.55641,0.55829,0.55422,0.55705,0.55641,0.55599,0.55584,0.55599,0.55641,0.55599,0.55584,0.55599,0.55641,0.55599,0.55584,0.55599,0.55641,0.55599,0.55584,0.55599,0.55641,0.55599,0.55584,0.55599,0.55641,0.55599,0.55584,0.55599,0.55641,0.55599,0.55584,0.55599,0.55641,0.55599,0.55584,0.55599,0.55641,0.55599,0.55584,0.55599,0.55641,0.55599,0.55584,0.55599,0.55641,0.55599,0.55584,0.55599,0.55641,0.55599,0.55584,0.55599,0.55641,0.55599,0.55584,0.55599,0.55641,0.55599,0.55584,0.55599,0.55641,0.55599,0.55584,0.55599,0.55641,0.55599,0.55584,0.55599,0.55641,0.55599,0.55584,0.55599,0.55641,0.55599,0.55584,0.55599,0.55641,0.55599,0.55584,0.55599,0.55641,0.55599,0.55584,0.55599,0.55641,0.55599,0.55584,0.55599,0.55641,0.55599,0.55584,0.55599,0.55641,0.55599,0.55584,0.55599,0.55641,0.55599,0.55584,0.55599,0.55641,0.55599,0.55584,0.55599,0.55641,0.55599,0.55584,0.5557,0.55641,0.55661,0.55403,0.55769,0.55641,0.55227,0.56275,0.54898,0.55641,0.57059,0.52069,0.6135,0.81951,0.83935,0.80072,0.82777,0.81951,0.81448,0.82332,0.81676,0.81951,0.81998,0.81789,0.81939,0.81951,0.81889,0.81866,0.81889,0.81951,0.81889,0.81866,0.81889,0.81951,0.81889,0.81866,0.81889,0.81951,0.81889,0.81866,0.81889,0.81951,0.81889,0.81866,0.81889,0.81951,0.81889,0.81866,0.81889,0.81951,0.81889,0.81866,0.81889,0.81951,0.81889,0.81866,0.81889,0.81951,0.81889,0.81866,0.81889,0.81951,0.81889,0.81866,0.81889,0.81951,0.81889,0.81866,0.81889,0.81951,0.81889,0.81866,0.81889,0.81951,0.81889,0.81866,0.81889,0.81951,0.81889,0.81866,0.81889,0.81951,0.81889,0.81866,0.81889,0.81951,0.81889,0.81866,0.81889,0.81951,0.81889,0.81866,0.81889,0.81951,0.81889,0.81866,0.81889,0.81951,0.81889,0.81866,0.81889,0.81951,0.81889,0.81866,0.81889,0.81951,0.81889,0.81866,0.81889,0.81951,0.81889,0.81866,0.81889,0.81951,0.81889,0.81866,0.81889,0.81951,0.81889,0.81866,0.81889,0.81951,0.81889,0.81866,0.81889,0.81951,0.81889,0.81866,0.81981,0.81951,0.81696,0.82429,0.81359,0.81951,0.83047,0.79711,0.84073,0.81951,0.77342,0.92814,0.63976
0.53616,0.57745,0.49905,0.55385,0.53616,0.52677,0.54511,0.53142,0.53616,0.53797,0.53404,0.53677,0.53616,0.53575,0.5356,0.53575,0.53616,0.53575,0.5356,0.53575,0.53616,0.53575,0.5356,0.53575,0.53616,0.53575,0.5356,0.53575,0.53616,0.53575,0.5356,0.53575,0.53616,0.53575,0.5356,0.53575,0.53616,0.53575,0.5356,0.53575,0.53616,0.53575,0.5356,0.53575,0.53616,0.53575,0.5356,0.53575,0.53616,0.53575,0.5356,0.53579,0.53616,0.53567,0.53584,0.53553,0.53616,0.53623,0.5347,0.53666,0.53616,0.53385,0.54017,0.52828,0.50198,0.49894,0.50379,0.50045,0.50198,0.50217,0.50085,0.50188,0.50198,0.50146,0.50156,0.50154,0.50198,0.5016,0.50146,0.5016,0.50198,0.5016,0.50146,0.5016,0.50198,0.5016,0.50146,0.5016,0.50198,0.5016,0.50146,0.5016,0.50198,0.5016,0.50146,0.5016,0.50198,0.5016,0.50146,0.5016,0.50198,0.5016,0.50146,0.5016,0.50198,0.5016,0.50146,0.5016,0.50198,0.5016,0.50146,0.5016,0.50198,0.5016,0.50146,0.5016,0.50198,0.5016,0.50146,0.5016,0.50198,0.50161,0.50145,0.50161,0.50198,0.50157,0.50153,0.50148,0.50142,0.501,0.50094,0.50102,0.50142,0.50105,0.50089,0.50105,0.50142,0.50104,0.5009,0.50104,0.50142,0.50104,0.5009,0.50104,0.50142,0.50104,0.5009,0.50104,0.50142,0.50104,0.5009,0.50104,0.50142,0.50104,0.5009,0.50104,0.50142,0.50104,0.5009,0.50104,0.50142,0.50104,0.5009,0.50104,0.50142,0.50104,0.5009,0.50104,0.50142,0.50104,0.5009,0.50104,0.50142,0.50104,0.5009,0.50104,0.50142,0.50104,0.5009,0.5008,0.50142,0.50154,0.49945,0.5024,0.50142,0.49806,0.50644,0.49542,0.50142,0.51274,0.47274,0.54712,0.71225,0.72811,0.69715,0.71883,0.71225,0.70819,0.71526,0.71001,0.71225,0.71259,0.7109,0.71212,0.71225,0.71172,0.71152,0.71172,0.71225,0.71172,0.71152,0.71172,0.71225,0.71172,0.71152,0.71172,0.71225,0.71172,0.71152,0.71172,0.71225,0.71172,0.71152,0.71172,0.71225,0.71172,0.71152,0.71172,0.71225,0.71172,0.71152,0.71172,0.71225,0.71172,0.71152,0.71172,0.71225,0.71172,0.71152,0.71172,0.71225,0.71172,0.71152,0.71252,0.71225,0.71004,0.71641,0.70711,0.71225,0.72178,0.69279,0.7307,0.71225,0.6722,0.80667,0.55603
0.37298,0.40171,0.34717,0.38529,0.37298,0.36645,0.37921,0.36969,0.37298,0.37424,0.37151,0.37341,0.37298,0.3727,0.37259,0.3727,0.37298,0.3727,0.37259,0.3727,0.37298,0.3727,0.37259,0.3727,0.37298,0.3727,0.37259,0.3727,0.37298,0.3727,0.37259,0.3727,0.37298,0.3727,0.37259,0.3727,0.37298,0.3727,0.37259,0.3727,0.37298,0.3727,0.37259,0.3727,0.37298,0.3727,0.37259,0.3727,0.37298,0.3727,0.37259,0.3727,0.37298,0.3727,0.37259,0.3727,0.37298,0.3727,0.37259,0.3727,0.37298,0.3727,0.37259,0.3727,0.37298,0.3727,0.37259,0.3727,0.37298,0.3727,0.37259,0.3727,0.37298,0.3727,0.37259,0.3727,0.37298,0.3727,0.37259,0.3727,0.37298,0.3727,0.37259,0.3727,0.37298,0.3727,0.37259,0.3727,0.37298,0.3727,0.37259,0.3727,0.37298,0.3727,0.37259,0.3727,0.37298,0.3727,0.37259,0.3727,0.37298,0.3727,0.37259,0.3727,0.37298,0.3727,0.37259,0.3727,0.37298,0.3727,0.37259,0.3727,0.37298,0.3727,0.37259,0.37232,0.37298,0.37349,0.37027,0.37489,0.37298,0.36792,0.38148,0.36369,0.37298,0.39146,0.32743,0.4466,0.7111,0.73686,0.68732,0.72198,0.7111,0.7049,0.71636,0.70784,0.7111,0.71196,0.70938,0.71121,0.7111,0.71057,0.71037,0.71057,0.7111,0.71057,0.71037,0.71057,0.7111,0.71057,0.71037,0.71057,0.7111,0.71057,0.71037,0.71057,0.7111,0.71057,0.71037,0.71057,0.7111,0.71057,0.71037,0.71057,0.7111,0.71057,0.71037,0.71057,0.7111,0.71057,0.71037,0.71057,0.7111,0.71057,0.71037,0.71057,0.7111,0.71057,0.71037,0.71057,0.7111,0.71057,0.71037,0.71057,0.7111,0.71057,0.71037,0.71057,0.7111,0.71057,0.71037,0.71057,0.7111,0.71057,0.71037,0.71057,0.7111,0.71057,0.71037,0.71057,0.7111,0.71057,0.71037,0.71057,0.7111,0.71057,0.71037,0.71057,0.7111,0.71057,0.71037,0.71057,0.7111,0.71057,0.71037,0.71057,0.7111,0.71057,0.71037,0.71057,0.7111,0.71057,0.71037,0.71057,0.7111,0.71057,0.71037,0.71057,0.7111,0.71057,0.71037,0.71057,0.7111,0.71057,0.71037,0.71057,0.7111,0.71057,0.71037,0.71057,0.7111,0.71057,0.71037,0.71137,0.7111,0.7089,0.71525,0.70597,0.7111,0.72062,0.69167,0.72952,0.7111,0.67112,0.80536,0.55514
0.8198,0.88294,0.76307,0.84685,0.8198,0.80545,0.83349,0.81256,0.8198,0.82257,0.81656,0.82074,0.8198,0.81918,0.81895,0.81918,0.8198,0.81918,0.81895,0.81918,0.8198,0.81918,0.81895,0.81918,0.8198,0.81918,0.81895,0.81918,0.8198,0.81918,0.81895,0.81918,0.8198,0.81918,0.81895,0.81918,0.8198,0.81918,0.81895,0.81918,0.8198,0.81918,0.81895,0.81918,0.8198,0.81918,0.81895,0.81918,0.8198,0.81918,0.81895,0.81918,0.8198,0.81918,0.81895,0.81918,0.8198,0.81918,0.81895,0.81918,0.8198,0.81918,0.81895,0.81918,0.8198,0.81918,0.81895,0.81918,0.8198,0.81918,0.81895,0.81918,0.8198,0.81918,0.81895,0.81918,0.8198,0.81918,0.81895,0.81918,0.8198,0.81918,0.81895,0.81918,0.8198,0.81918,0.81895,0.81918,0.8198,0.81918,0.81895,0.81918,0.8198,0.81918,0.81895,0.81918,0.8198,0.81918,0.81895,0.81918,0.8198,0.81918,0.81895,0.81918,0.8198,0.81918,0.81895,0.81918,0.8198,0.81918,0.81895,0.81918,0.8198,0.81918,0.81895,0.81918,0.8198,0.81918,0.81895,0.81918,0.8198,0.81918,0.81895,0.81918,0.8198,0.81918,0.81895,0.81918,0.8198,0.81918,0.81895,0.81918,0.8198,0.81918,0.81895,0.81918,0.8198,0.81918,0.81895,0.81918,0.8198,0.81918,0.81895,0.81918,0.8198,0.81918,0.81895,0.81918,0.8198,0.81918,0.81895,0.81918,0.8198,0.81918,0.81895,0.81918,0.8198,0.81918,0.81895,0.81918,0.8198,0.81918,0.81895,0.81918,0.8198,0.81918,0.81895,0.81918,0.8198,0.81918,0.81895,0.81918,0.8198,0.81918,0.81895,0.81918,0.8198,0.81918,0.81895,0.81918,0.8198,0.81918,0.81895,0.81918,0.8198,0.81918,0.81895,0.81918,0.8198,0.81918,0.81895,0.81918,0.8198,0.81918,0.81895,0.81918,0.8198,0.81918,0.81895,0.81918,0.8198,0.81918,0.81895,0.81918,0.8198,0.81918,0.81895,0.81918,0.8198,0.81918,0.81895,0.81918,0.8198,0.81918,0.81895,0.81918,0.8198,0.81918,0.81895,0.81918,0.8198,0.81918,0.81895,0.81918,0.8198,0.81918,0.81895,0.81918,0.8198,0.81918,0.81895,0.81918,0.8198,0.81918,0.81895,0.81918,0.8198,0.81918,0.81895,0.81918,0.8198,0.81918,0.81895,0.82011,0.8198,0.81726,0.82459,0.81388,0.8198,0.83077,0.7974,0.84103,0.8198,0.7737,0.92847,0.63999
0.2657,0.28616,0.24731,0.27447,0.2657,0.26105,0.27014,0.26335,0.2657,0.2666,0.26465,0.266,0.2657,0.2655,0.26542,0.2655,0.2657,0.2655,0.26542,0.2655,0.2657,0.2655,0.26542,0.2655,0.2657,0.2655,0.26542,0.2655,0.2657,0.2655,0.26542,0.2655,0.2657,0.2655,0.26542,0.2655,0.2657,0.2655,0.26542,0.2655,0.2657,0.2655,0.26542,0.2655,0.2657,0.2655,0.26542,0.2655,0.2657,0.2655,0.26542,0.2655,0.2657,0.2655,0.26542,0.2655,0.2657,0.2655,0.26542,0.2655,0.2657,0.2655,0.26542,0.2655,0.2657,0.2655,0.26542,0.2655,0.2657,0.2655,0.26542,0.2655,0.2657,0.2655,0.26542,0.2655,0.2657,0.2655,0.26542,0.2655,0.2657,0.2655,0.26542,0.2655,0.2657,0.2655,0.26542,0.2655,0.2657,0.2655,0.26542,0.2655,0.2657,0.2655,0.26542,0.2655,0.2657,0.2655,0.26542,0.2655,0.2657,0.2655,0.26542,0.2655,0.2657,0.2655,0.26542,0.2655,0.2657,0.2655,0.26542,0.2655,0.2657,0.2655,0.26542,0.26489,0.2657,0.26676,0.26173,0.26897,0.2657,0.25791,0.27954,0.25119,0.2657,0.29529,0.19368,0.38288,0.80275,0.84392,0.76531,0.82027,0.80275,0.79315,0.81144,0.79781,0.80275,0.80436,0.80036,0.80316,0.80275,0.80214,0.80192,0.80214,0.80275,0.80214,0.80192,0.80214,0.80275,0.80214,0.80192,0.80214,0.80275,0.80214,0.80192,0.80214,0.80275,0.80214,0.80192,0.80214,0.80275,0.80214,0.80192,0.80214,0.80275,0.80214,0.80192,0.80214,0.80275,0.80214,0.80192,0.80214,0.80275,0.80214,0.80192,0.80214,0.80275,0.80214,0.80192,0.80214,0.80275,0.80214,0.80192,0.80214,0.80275,0.80214,0.80192,0.80214,0.80275,0.80214,0.80192,0.80214,0.80275,0.80214,0.80192,0.80214,0.80275,0.80214,0.80192,0.80214,0.80275,0.80214,0.80192,0.80214,0.80275,0.80214,0.80192,0.80214,0.80275,0.80214,0.80192,0.80214,0.80275,0.80214,0.80192,0.80214,0.80275,0.80214,0.80192,0.80214,0.80275,0.80214,0.80192,0.80214,0.80275,0.80214,0.80192,0.80214,0.80275,0.80214,0.80192,0.80214,0.80275,0.80214,0.80192,0.80214,0.80275,0.80214,0.80192,0.80214,0.80275,0.80214,0.80192,0.80305,0.80275,0.80026,0.80744,0.79695,0.80275,0.81349,0.78081,0.82354,0.80275,0.75761,0.90916,0.62668
0.26348,0.28378,0.24525,0.27218,0.26348,0.25887,0.26788,0.26116,0.26348,0.26437,0.26244,0.26378,0.26348,0.26328,0.26321,0.26328,0.26348,0.26328,0.26321,0.26328,0.26348,0.26328,0.26321,0.26328,0.26348,0.26328,0.26321,0.26328,0.26348,0.26328,0.26321,0.26328,0.26348,0.26328,0.26321,0.26328,0.26348,0.26328,0.26321,0.26328,0.26348,0.26328,0.26321,0.26328,0.26348,0.26328,0.26321,0.26328,0.26348,0.26328,0.26321,0.26328,0.26348,0.26328,0.26321,0.26328,0.26348,0.26328,0.26321,0.26328,0.26348,0.26328,0.26321,0.26328,0.26348,0.26328,0.26321,0.26328,0.26348,0.26328,0.26321,0.26328,0.26348,0.26328,0.26321,0.26328,0.26348,0.26328,0.26321,0.26328,0.26348,0.26328,0.26321,0.26328,0.26348,0.26328,0.26321,0.26328,0.26348,0.26328,0.26321,0.26328,0.26348,0.26328,0.26321,0.26328,0.26348,0.26328,0.26321,0.26328,0.26348,0.26328,0.26321,0.26328,0.26348,0.26328,0.26321,0.26328,0.26348,0.26328,0.26321,0.26328,0.26348,0.26328,0.26321,0.26267,0.26348,0.26456,0.25947,0.26681,0.26348,0.25558,0.27753,0.24877,0.26348,0.29351,0.19043,0.38236,0.80825,0.85001,0.77028,0.82603,0.80825,0.79852,0.81708,0.80324,0.80825,0.80989,0.80583,0.80868,0.80825,0.80764,0.80742,0.80764,0.80825,0.80764,0.80742,0.80764,0.80825,0.80764,0.80742,0.80764,0.80825,0.80764,0.80742,0.80764,0.80825,0.80764,0.80742,0.80764,0.80825,0.80764,0.80742,0.80764,0.80825,0.80764,0.80742,0.80764,0.80825,0.80764,0.80742,0.80764,0.80825,0.80764,0.80742,0.80764,0.80825,0.80764,0.80742,0.80764,0.80825,0.80764,0.80742,0.80764,0.80825,0.80764,0.80742,0.80764,0.80825,0.80764,0.80742,0.80764,0.80825,0.80764,0.80742,0.80764,0.80825,0.80764,0.80742,0.80764,0.80825,0.80764,0.80742,0.80764,0.80825,0.80764,0.80742,0.80764,0.80825,0.80764,0.80742,0.80764,0.80825,0.80764,0.80742,0.80764,0.80825,0.80764,0.80742,0.80764,0.80825,0.80764,0.80742,0.80764,0.80825,0.80764,0.80742,0.80764,0.80825,0.80764,0.80742,0.80764,0.80825,0.80764,0.80742,0.80764,0.80825,0.80764,0.80742,0.80764,0.80825,0.80764,0.80742,0.80855,0.80825,0.80574,0.81297,0.80242,0.80825,0.81906,0.78617,0.82918,0.80825,0.7628,0.91539,0.63098
0.88553,0.95373,0.82425,0.91475,0.88553,0.87003,0.90031,0.87771,0.88553,0.88852,0.88203,0.88654,0.88553,0.88486,0.88461,0.88486,0.88553,0.88486,0.88461,0.88486,0.88553,0.88486,0.88461,0.88486,0.88553,0.88486,0.88461,0.88486,0.88553,0.88486,0.88461,0.88486,0.88553,0.88486,0.88461,0.88486,0.88553,0.88486,0.88461,0.88486,0.88553,0.88486,0.88461,0.88486,0.88553,0.88486,0.88461,0.88486,0.88553,0.88486,0.88461,0.88486,0.88553,0.88486,0.88461,0.88486,0.88553,0.88486,0.88461,0.88486,0.88553,0.88486,0.88461,0.88486,0.88553,0.88486,0.88461,0.88486,0.88553,0.88486,0.88461,0.88486,0.88553,0.88486,0.88461,0.88486,0.88553,0.88486,0.88461,0.88486,0.88553,0.88486,0.88461,0.88486,0.88553,0.88486,0.88461,0.88486,0.88553,0.88486,0.88461,0.88486,0.88553,0.88486,0.88461,0.88486,0.88553,0.88486,0.88461,0.88486,0.88553,0.88486,0.88461,0.88486,0.88553,0.88486,0.88461,0.88486,0.88553,0.88486,0.88461,0.88486,0.88553,0.88486,0.88461,0.88569,0.88553,0.88313,0.88966,0.88011,0.88553,0.89524,0.86529,0.90444,0.88553,0.8441,0.98276,0.72427,0.15081,0.093546,0.20073,0.1259,0.15081,0.163,0.13762,0.15662,0.15081,0.14766,0.15279,0.1493,0.15081,0.15069,0.15065,0.15069,0.15081,0.15069,0.15065,0.15069,0.15081,0.15069,0.15065,0.15069,0.15081,0.15069,0.15065,0.15069,0.15081,0.15069,0.15065,0.15069,0.15081,0.15069,0.15065,0.15069,0.15081,0.15069,0.15065,0.15069,0.15081,0.15069,0.15065,0.15069,0.15081,0.15069,0.15065,0.15069,0.15081,0.15069,0.15065,0.15069,0.15081,0.15069,0.15065,0.15069,0.15081,0.15069,0.15065,0.15069,0.15081,0.15069,0.15065,0.15069,0.15081,0.15069,0.15065,0.15069,0.15081,0.15069,0.15065,0.15069,0.15081,0.15069,0.15065,0.15069,0.15081,0.15069,0.15065,0.15069,0.15081,0.15069,0.15065,0.15069,0.15081,0.15069,0.15065,0.15069,0.15081,0.15069,0.15065,0.15069,0.15081,0.15069,0.15065,0.15069,0.15081,0.15069,0.15065,0.15069,0.15081,0.15069,0.15065,0.15069,0.15081,0.15069,0.15065,0.15069,0.15081,0.15069,0.15065,0.15069,0.15081,0.15069,0.15065,0.15086,0.15081,0.15034,0.15169,0.14972,0.15081,0.15282,0.14669,0.15471,0.15081,0.14233,0.1708,0.11773
0.71154,0.76634,0.6623,0.73501,0.71154,0.69908,0.72342,0.70525,0.71154,0.71394,0.70873,0.71235,0.71154,0.711,0.7108,0.711,0.71154,0.711,0.7108,0.711,0.71154,0.711,0.7108,0.711,0.71154,0.711,0.7108,0.711,0.71154,0.711,0.7108,0.711,0.71154,0.711,0.7108,0.711,0.71154,0.711,0.7108,0.711,0.71154,0.711,0.7108,0.711,0.71154,0.711,0.7108,0.711,0.71154,0.711,0.7108,0.711,0.71154,0.711,0.7108,0.711,0.71154,0.711,0.7108,0.711,0.71154,0.711,0.7108,0.711,0.71154,0.711,0.7108,0.711,0.71154,0.711,0.7108,0.711,0.71154,0.711,0.7108,0.711,0.71154,0.711,0.7108,0.711,0.71154,0.711,0.7108,0.711,0.71154,0.711,0.7108,0.711,0.71154,0.711,0.7108,0.711,0.71154,0.711,0.7108,0.711,0.71154,0.711,0.7108,0.711,0.71154,0.711,0.7108,0.711,0.71154,0.711,0.7108,0.711,0.71154,0.711,0.7108,0.711,0.71154,0.711,0.7108,0.71141,0.71154,0.71015,0.71328,0.70867,0.71154,0.7161,0.70131,0.72061,0.71154,0.69098,0.759,0.63213,0.35071,0.32238,0.37495,0.33827,0.35071,0.35649,0.34395,0.35336,0.35071,0.34896,0.3514,0.34976,0.35071,0.35045,0.35035,0.35045,0.35071,0.35045,0.35035,0.35045,0.35071,0.35045,0.35035,0.35045,0.35071,0.35045,0.35035,0.35045,0.35071,0.35045,0.35035,0.35045,0.35071,0.35045,0.35035,0.35045,0.35071,0.35045,0.35035,0.35045,0.35071,0.35045,0.35035,0.35045,0.35071,0.35045,0.35035,0.35045,0.35071,0.35045,0.35035,0.35045,0.35071,0.35045,0.35035,0.35045,0.35071,0.35045,0.35035,0.35045,0.35071,0.35045,0.35035,0.35045,0.35071,0.35045,0.35035,0.35045,0.35071,0.35045,0.35035,0.35045,0.35071,0.35045,0.35035,0.35045,0.35071,0.35045,0.35035,0.35045,0.35071,0.35045,0.35035,0.35045,0.35071,0.35045,0.35035,0.35045,0.35071,0.35045,0.35035,0.35045,0.35071,0.35045,0.35035,0.35045,0.35071,0.35045,0.35035,0.35045,0.35071,0.35045,0.35035,0.35045,0.35071,0.35045,0.35035,0.35045,0.35071,0.35045,0.35035,0.35045,0.35071,0.35045,0.35035,0.35084,0.35071,0.34962,0.35276,0.34818,0.35071,0.3554,0.34113,0.35979,0.35071,0.33099,0.3972,0.27379
0.84364,0.90862,0.78526,0.87148,0.84364,0.82888,0.85773,0.8362,0.84364,0.84649,0.84031,0.84461,0.84364,0.84301,0.84277,0.84301,0.84364,0.84301,0.84277,0.84301,0.84364,0.84301,0.84277,0.84301,0.84364,0.84301,0.84277,0.84301,0.84364,0.84301,0.84277,0.84301,0.84364,0.84301,0.84277,0.84301,0.84364,0.84301,0.84277,0.84301,0.84364,0.84301,0.84277,0.84301,0.84364,0.84301,0.84277,0.84301,0.84364,0.84301,0.84277,0.84301,0.84364,0.84301,0.84277,0.84301,0.84364,0.84301,0.84277,0.84301,0.84364,0.84301,0.84277,0.84301,0.84364,0.84301,0.84277,0.84301,0.84364,0.84301,0.84277,0.84301,0.84364,0.84301,0.84277,0.84301,0.84364,0.84301,0.84277,0.84301,0.84364,0.84301,0.84277,0.84301,0.84364,0.84301,0.84277,0.84301,0.84364,0.84301,0.84277,0.84301,0.84364,0.84301,0.84277,0.84301,0.84364,0.84301,0.84277,0.84301,0.84364,0.84301,0.84277,0.84301,0.84364,0.84301,0.84277,0.84301,0.84364,0.84301,0.84277,0.84301,0.84364,0.84301,0.84277,0.84301,0.84364,0.84301,0.84277,0.84301,0.84364,0.84301,0.84277,0.84301,0.84364,0.84301,0.84277,0.84301,0.84364,0.84301,0.84277,0.84301,0.84364,0.84301,0.84277,0.84301,0.84364,0.84301,0.84277,0.84301,0.84364,0.84301,0.84277,0.84301,0.84364,0.84301,0.84277,0.84301,0.84364,0.84301,0.84277,0.84301,0.84364,0.84301,0.84277,0.84301,0.84364,0.84301,0.84277,0.84301,0.84364,0.84301,0.84277,0.84301,0.84364,0.84301,0.84277,0.84301,0.84364,0.84301,0.84277,0.84301,0.84364,0.84301,0.84277,0.84301,0.84364,0.84301,0.84277,0.84301,0.84364,0.84301,0.84277,0.84301,0.84364,0.84301,0.84277,0.84301,0.84364,0.84301,0.84277,0.84301,0.84364,0.84301,0.84277,0.84301,0.84364,0.84301,0.84277,0.84301,0.84364,0.84301,0.84277,0.84301,0.84364,0.84301,0.84277,0.84301,0.84364,0.84301,0.84277,0.84301,0.84364,0.84301,0.84277,0.84301,0.84364,0.84301,0.84277,0.84301,0.84364,0.84301,0.84277,0.84301,0.84364,0.84301,0.84277,0.84301,0.84364,0.84301,0.84277,0.84301,0.84364,0.84301,0.84277,0.84301,0.84364,0.84301,0.84277,0.84301,0.84364,0.84301,0.84277,0.84396,0.84364,0.84103,0.84857,0.83755,0.84364,0.85493,0.82059,0.86549,0.84364,0.7962,0.95547,0.65861
0.80739,0.86958,0.75152,0.83403,0.80739,0.79326,0.82088,0.80027,0.80739,0.81012,0.80421,0.80832,0.80739,0.80679,0.80656,0.80679,0.80739,0.80679,0.80656,0.80679,0.80739,0.80679,0.80656,0.80679,0.80739,0.80679,0.80656,0.80679,0.80739,0.80679,0.80656,0.80679,0.80739,0.80679,0.80656,0.80679,0.80739,0.80679,0.80656,0.80679,0.80739,0.80679,0.80656,0.80679,0.80739,0.80679,0.80656,0.80679,0.80739,0.80679,0.80656,0.80679,0.80739,0.80679,0.80656,0.80679,0.80739,0.80679,0.80656,0.80679,0.80739,0.80679,0.80656,0.80679,0.80739,0.80679,0.80656,0.80679,0.80739,0.80679,0.80656,0.80679,0.80739,0.80679,0.80656,0.80679,0.80739,0.80679,0.80656,0.80679,0.80739,0.80679,0.80656,0.80679,0.80739,0.80679,0.80656,0.80679,0.80739,0.80679,0.80656,0.80679,0.80739,0.80679,0.80656,0.80679,0.80739,0.80679,0.80656,0.80679,0.80739,0.80679,0.80656,0.80679,0.80739,0.80679,0.80656,0.80679,0.80739,0.80679,0.80656,0.80679,0.80739,0.80679,0.80656,0.80709,0.80739,0.80616,0.8084,0.80505,0.80739,0.81057,0.79952,0.81392,0.80739,0.79193,0.84232,0.74828,0.53971,0.51848,0.5574,0.53026,0.53971,0.54378,0.5344,0.54146,0.53971,0.53819,0.53993,0.53879,0.53971,0.5393,0.53915,0.5393,0.53971,0.5393,0.53915,0.5393,0.53971,0.5393,0.53915,0.5393,0.53971,0.5393,0.53915,0.5393,0.53971,0.5393,0.53915,0.5393,0.53971,0.5393,0.53915,0.5393,0.53971,0.5393,0.53915,0.5393,0.53971,0.5393,0.53915,0.5393,0.53971,0.5393,0.53915,0.5393,0.53971,0.5393,0.53915,0.5393,0.53971,0.5393,0.53915,0.5393,0.53971,0.5393,0.53915,0.5393,0.53971,0.5393,0.53915,0.5393,0.53971,0.5393,0.53915,0.5393,0.53971,0.5393,0.53915,0.5393,0.53971,0.5393,0.53915,0.5393,0.53971,0.5393,0.53915,0.5393,0.53971,0.5393,0.53915,0.5393,0.53971,0.5393,0.53915,0.5393,0.53971,0.5393,0.53915,0.5393,0.53971,0.5393,0.53915,0.5393,0.53971,0.5393,0.53915,0.5393,0.53971,0.5393,0.53915,0.5393,0.53971,0.5393,0.53915,0.5393,0.53971,0.5393,0.53915,0.5393,0.53971,0.5393,0.53915,0.53991,0.53971,0.53803,0.54286,0.53581,0.53971,0.54693,0.52496,0.55368,0.53971,0.50936,0.61125,0.42133
0.80047,0.86213,0.74508,0.82689,0.80047,0.78646,0.81384,0.79341,0.80047,0.80318,0.79731,0.80139,0.80047,0.79987,0.79965,0.79987,0.80047,0.79987,0.79965,0.79987,0.80047,0.79987,0.79965,0.79987,0.80047,0.79987,0.79965,0.79987,0.80047,0.79987,0.79965,0.79987,0.80047,0.79987,0.79965,0.79987,0.80047,0.79987,0.79965,0.79987,0.80047,0.79987,0.79965,0.79987,0.80047,0.79987,0.79965,0.79987,0.80047,0.79987,0.79965,0.79987,0.80047,0.79987,0.79965,0.79987,0.80047,0.79987,0.79965,0.79987,0.80047,0.79987,0.79965,0.79987,0.80047,0.79987,0.79965,0.79987,0.80047,0.79987,0.79965,0.79987,0.80047,0.79987,0.79965,0.79987,0.80047,0.79987,0.79965,0.79987,0.80047,0.79987,0.79965,0.79987,0.80047,0.79987,0.79965,0.79987,0.80047,0.79987,0.79965,0.79987,0.80047,0.79987,0.79965,0.79987,0.80047,0.79987,0.79965,0.79987,0.80047,0.79987,0.79965,0.79987,0.80047,0.79987,0.79965,0.79987,0.80047,0.79987,0.79965,0.79987,0.80047,0.79987,0.79965,0.79987,0.80047,0.79987,0.79965,0.79987,0.80047,0.79987,0.79965,0.79987,0.80047,0.79987,0.79965,0.79987,0.80047,0.79987,0.79965,0.79987,0.80047,0.79987,0.79965,0.79987,0.80047,0.79987,0.79965,0.79987,0.80047,0.79987,0.79965,0.79987,0.80047,0.79987,0.79965,0.79987,0.80047,0.79987,0.79965,0.79987,0.80047,0.79987,0.79965,0.79987,0.80047,0.79987,0.79965,0.79987,0.80047,0.79987,0.79965,0.79987,0.80047,0.79987,0.79965,0.79987,0.80047,0.79987,0.79965,0.79987,0.80047,0.79987,0.79965,0.79987,0.80047,0.79987,0.79965,0.79987,0.80047,0.79987,0.79965,0.79987,0.80047,0.79987,0.79965,0.79987,0.80047,0.79987,0.79965,0.79987,0.80047,0.79987,0.79965,0.79987,0.80047,0.79987,0.79965,0.79987,0.80047,0.79987,0.79965,0.79987,0.80047,0.79987,0.79965,0.79987,0.80047,0.79987,0.79965,0.79987,0.80047,0.79987,0.79965,0.79987,0.80047,0.79987,0.79965,0.79987,0.80047,0.79987,0.79965,0.79987,0.80047,0.79987,0.79965,0.79987,0.80047,0.79987,0.79965,0.79987,0.80047,0.79987,0.79965,0.79987,0.80047,0.79987,0.79965,0.79987,0.80047,0.79987,0.79965,0.80077,0.80047,0.79799,0.80515,0.79469,0.80047,0.81118,0.7786,0.8212,0.80047,0.75546,0.90658,0.62491
0.8384,0.90298,0.78038,0.86606,0.8384,0.82373,0.8524,0.831,0.8384,0.84123,0.83509,0.83936,0.8384,0.83777,0.83753,0.83777,0.8384,0.83777,0.83753,0.83777,0.8384,0.83777,0.83753,0.83777,0.8384,0.83777,0.83753,0.83777,0.8384,0.83777,0.83753,0.83777,0.8384,0.83777,0.83753,0.83777,0.8384,0.83777,0.83753,0.83777,0.8384,0.83777,0.83753,0.83777,0.8384,0.83777,0.83753,0.83777,0.8384,0.83777,0.83753,0.83777,0.8384,0.83777,0.83753,0.83777,0.8384,0.83777,0.83753,0.83777,0.8384,0.83777,0.83753,0.83777,0.8384,0.83777,0.83753,0.83777,0.8384,0.83777,0.83753,0.83777,0.8384,0.83777,0.83753,0.83777,0.8384,0.83777,0.83753,0.83777,0.8384,0.83777,0.83753,0.83777,0.8384,0.83777,0.83753,0.83777,0.8384,0.83777,0.83753,0.83777,0.8384,0.83777,0.83753,0.83777,0.8384,0.83777,0.83753,0.83777,0.8384,0.83777,0.83753,0.83777,0.8384,0.83777,0.83753,0.83777,0.8384,0.83777,0.83753,0.83777,0.8384,0.83777,0.83753,0.83777,0.8384,0.83777,0.83753,0.83777,0.8384,0.83777,0.83753,0.83777,0.8384,0.83777,0.83753,0.83777,0.8384,0.83777,0.83753,0.83777,0.8384,0.83777,0.83753,0.83777,0.8384,0.83777,0.83753,0.83777,0.8384,0.83777,0.83753,0.83777,0.8384,0.83777,0.83753,0.83777,0.8384,0.83777,0.83753,0.83777,0.8384,0.83777,0.83753,0.83777,0.8384,0.83777,0.83753,0.83777,0.8384,0.83777,0.83753,0.83777,0.8384,0.83777,0.83753,0.83777,0.8384,0.83777,0.83753,0.83777,0.8384,0.83777,0.83753,0.83777,0.8384,0.83777,0.83753,0.83777,0.8384,0.83777,0.83753,0.83777,0.8384,0.83777,0.83753,0.83777,0.8384,0.83777,0.83753,0.83777,0.8384,0.83777,0.83753,0.83777,0.8384,0.83777,0.83753,0.83777,0.8384,0.83777,0.83753,0.83777,0.8384,0.83777,0.83753,0.83777,0.8384,0.83777,0.83753,0.83777,0.8384,0.83777,0.83753,0.83777,0.8384,0.83777,0.83753,0.83777,0.8384,0.83777,0.83753,0.83777,0.8384,0.83777,0.83753,0.83777,0.8384,0.83777,0.83753,0.83777,0.8384,0.83777,0.83753,0.83777,0.8384,0.83777,0.83753,0.83777,0.8384,0.83777,0.83753,0.83871,0.8384,0.8358,0.84329,0.83235,0.8384,0.84961,0.81549,0.86011,0.8384,0.79125,0.94953,0.65451
0.84669,0.91191,0.7881,0.87463,0.84669,0.83187,0.86083,0.83922,0.84669,0.84955,0.84335,0.84766,0.84669,0.84605,0.84582,0.84605,0.84669,0.84605,0.84582,0.84605,0.84669,0.84605,0.84582,0.84605,0.84669,0.84605,0.84582,0.84605,0.84669,0.84605,0.84582,0.84605,0.84669,0.84605,0.84582,0.84605,0.84669,0.84605,0.84582,0.84605,0.84669,0.84605,0.84582,0.84605,0.84669,0.84605,0.84582,0.84605,0.84669,0.84605,0.84582,0.84605,0.84669,0.84605,0.84582,0.84605,0.84669,0.84605,0.84582,0.84605,0.84669,0.84605,0.84582,0.84605,0.84669,0.84605,0.84582,0.84605,0.84669,0.84605,0.84582,0.84605,0.84669,0.84605,0.84582,0.84605,0.84669,0.84605,0.84582,0.84605,0.84669,0.84605,0.84582,0.84605,0.84669,0.84605,0.84582,0.84605,0.84669,0.84605,0.84582,0.84605,0.84669,0.84605,0.84582,0.84605,0.84669,0.84605,0.84582,0.84605,0.84669,0.84605,0.84582,0.84605,0.84669,0.84605,0.84582,0.84605,0.84669,0.84605,0.84582,0.84605,0.84669,0.84605,0.84582,0.84605,0.84669,0.84605,0.84582,0.84605,0.84669,0.84605,0.84582,0.84605,0.84669,0.84605,0.84582,0.84605,0.84669,0.84605,0.84582,0.84605,0.84669,0.84605,0.84582,0.84605,0.84669,0.84605,0.84582,0.84605,0.84669,0.84605,0.84582,0.84605,0.84669,0.84605,0.84582,0.84605,0.84669,0.84605,0.84582,0.84605,0.84669,0.84605,0.84582,0.84605,0.84669,0.84605,0.84582,0.84605,0.84669,0.84605,0.84582,0.84605,0.84669,0.84605,0.84582,0.84605,0.84669,0.84605,0.84582,0.84605,0.84669,0.84605,0.84582,0.84605,0.84669,0.84605,0.84582,0.84605,0.84669,0.84605,0.84582,0.84605,0.84669,0.84605,0.84582,0.84605,0.84669,0.84605,0.84582,0.84605,0.84669,0.84605,0.84582,0.84605,0.84669,0.84605,0.84582,0.84605,0.84669,0.84605,0.84582,0.84605,0.84669,0.84605,0.84582,0.84605,0.84669,0.84605,0.84582,0.84605,0.84669,0.84605,0.84582,0.84605,0.84669,0.84605,0.84582,0.84605,0.84669,0.84605,0.84582,0.84605,0.84669,0.84605,0.84582,0.84605,0.84669,0.84605,0.84582,0.84605,0.84669,0.84605,0.84582,0.84605,0.84669,0.84605,0.84582,0.84605,0.84669,0.84605,0.84582,0.84701,0.84669,0.84406,0.85163,0.84058,0.84669,0.85802,0.82356,0.86862,0.84669,0.79908,0.95893,0.66099
0.26033,0.28038,0.24231,0.26892,0.26033,0.25577,0.26468,0.25803,0.26033,0.26121,0.2593,0.26063,0.26033,0.26013,0.26006,0.26013,0.26033,0.26013,0.26006,0.26013,0.26033,0.26013,0.26006,0.26013,0.26033,0.26013,0.26006,0.26013,0.26033,0.26013,0.26006,0.26013,0.26033,0.26013,0.26006,0.26013,0.26033,0.26013,0.26006,0.26013,0.26033,0.26013,0.26006,0.26013,0.26033,0.26013,0.26006,0.26013,0.26033,0.26013,0.26006,0.26013,0.26033,0.26013,0.26006,0.26013,0.26033,0.26013,0.26006,0.26013,0.26033,0.26013,0.26006,0.26013,0.26033,0.26013,0.26006,0.26013,0.26033,0.26013,0.26006,0.26013,0.26033,0.26013,0.26006,0.26013,0.26033,0.26013,0.26006,0.26013,0.26033,0.26013,0.26006,0.26013,0.26033,0.26013,0.26006,0.26013,0.26033,0.26013,0.26006,0.26013,0.26033,0.26013,0.26006,0.26013,0.26033,0.26013,0.26006,0.26013,0.26033,0.26013,0.26006,0.26013,0.26033,0.26013,0.26006,0.26013,0.26033,0.26013,0.26006,0.26013,0.26033,0.26013,0.26006,0.25952,0.26033,0.2614,0.25635,0.26363,0.26033,0.25249,0.27427,0.24573,0.26033,0.29011,0.18787,0.37825,0.80072,0.84214,0.76305,0.81835,0.80072,0.79106,0.80947,0.79575,0.80072,0.80235,0.79831,0.80114,0.80072,0.80011,0.79989,0.80011,0.80072,0.80011,0.79989,0.80011,0.80072,0.80011,0.79989,0.80011,0.80072,0.80011,0.79989,0.80011,0.80072,0.80011,0.79989,0.80011,0.80072,0.80011,0.79989,0.80011,0.80072,0.80011,0.79989,0.80011,0.80072,0.80011,0.79989,0.80011,0.80072,0.80011,0.79989,0.80011,0.80072,0.80011,0.79989,0.80011,0.80072,0.80011,0.79989,0.80011,0.80072,0.80011,0.79989,0.80011,0.80072,0.80011,0.79989,0.80011,0.80072,0.80011,0.79989,0.80011,0.80072,0.80011,0.79989,0.80011,0.80072,0.80011,0.79989,0.80011,0.80072,0.80011,0.79989,0.80011,0.80072,0.80011,0.79989,0.80011,0.80072,0.80011,0.79989,0.80011,0.80072,0.80011,0.79989,0.80011,0.80072,0.80011,0.79989,0.80011,0.80072,0.80011,0.79989,0.80011,0.80072,0.80011,0.79989,0.80011,0.80072,0.80011,0.79989,0.80011,0.80072,0.80011,0.79989,0.80011,0.80072,0.80011,0.79989,0.80102,0.80072,0.79823,0.80539,0.79494,0.80072,0.81143,0.77884,0.82145,0.80072,0.75569,0.90686,0.6251
0.75477,0.81291,0.70254,0.77968,0.75477,0.74156,0.76738,0.74811,0.75477,0.75732,0.75179,0.75564,0.75477,0.7542,0.75399,0.7542,0.75477,0.7542,0.75399,0.7542,0.75477,0.7542,0.75399,0.7542,0.75477,0.7542,0.75399,0.7542,0.75477,0.7542,0.75399,0.7542,0.75477,0.7542,0.75399,0.7542,0.75477,0.7542,0.75399,0.7542,0.75477,0.7542,0.75399,0.7542,0.75477,0.7542,0.75399,0.7542,0.75477,0.7542,0.75399,0.7542,0.75477,0.7542,0.75399,0.7542,0.75477,0.7542,0.75399,0.7542,0.75477,0.7542,0.75399,0.7542,0.75477,0.7542,0.75399,0.7542,0.75477,0.7542,0.75399,0.7542,0.75477,0.7542,0.75399,0.7542,0.75477,0.7542,0.75399,0.7542,0.75477,0.7542,0.75399,0.7542,0.75477,0.7542,0.75399,0.7542,0.75477,0.7542,0.75399,0.7542,0.75477,0.7542,0.75399,0.7542,0.75477,0.7542,0.75399,0.7542,0.75477,0.7542,0.75399,0.7542,0.75477,0.7542,0.75399,0.7542,0.75477,0.7542,0.75399,0.7542,0.75477,0.7542,0.75399,0.75457,0.75477,0.75343,0.75624,0.75208,0.75477,0.75883,0.74537,0.76294,0.75477,0.73602,0.79778,0.68256,0.42701,0.40119,0.44891,0.41562,0.42701,0.43217,0.42075,0.42933,0.42701,0.42533,0.42752,0.42606,0.42701,0.42668,0.42656,0.42668,0.42701,0.42668,0.42656,0.42668,0.42701,0.42668,0.42656,0.42668,0.42701,0.42668,0.42656,0.42668,0.42701,0.42668,0.42656,0.42668,0.42701,0.42668,0.42656,0.42668,0.42701,0.42668,0.42656,0.42668,0.42701,0.42668,0.42656,0.42668,0.42701,0.42668,0.42656,0.42668,0.42701,0.42668,0.42656,0.42668,0.42701,0.42668,0.42656,0.42668,0.42701,0.42668,0.42656,0.42668,0.42701,0.42668,0.42656,0.42668,0.42701,0.42668,0.42656,0.42668,0.42701,0.42668,0.42656,0.42668,0.42701,0.42668,0.42656,0.42668,0.42701,0.42668,0.42656,0.42668,0.42701,0.42668,0.42656,0.42668,0.42701,0.42668,0.42656,0.42668,0.42701,0.42668,0.42656,0.42668,0.42701,0.42668,0.42656,0.42668,0.42701,0.42668,0.42656,0.42668,0.42701,0.42668,0.42656,0.42668,0.42701,0.42668,0.42656,0.42668,0.42701,0.42668,0.42656,0.42668,0.42701,0.42668,0.42656,0.42717,0.42701,0.42568,0.4295,0.42392,0.42701,0.43272,0.41534,0.43806,0.42701,0.40299,0.48361,0.33335
0.72841,0.78451,0.678,0.75244,0.72841,0.71566,0.74057,0.72198,0.72841,0.73087,0.72553,0.72924,0.72841,0.72786,0.72766,0.72786,0.72841,0.72786,0.72766,0.72786,0.72841,0.72786,0.72766,0.72786,0.72841,0.72786,0.72766,0.72786,0.72841,0.72786,0.72766,0.72786,0.72841,0.72786,0.72766,0.72786,0.72841,0.72786,0.72766,0.72786,0.72841,0.72786,0.72766,0.72786,0.72841,0.72786,0.72766,0.72786,0.72841,0.72786,0.72766,0.72786,0.72841,0.72786,0.72766,0.72786,0.72841,0.72786,0.72766,0.72786,0.72841,0.72786,0.72766,0.72786,0.72841,0.72786,0.72766,0.72786,0.72841,0.72786,0.72766,0.72786,0.72841,0.72786,0.72766,0.72786,0.72841,0.72786,0.72766,0.72786,0.72841,0.72786,0.72766,0.72786,0.72841,0.72786,0.72766,0.72786,0.72841,0.72786,0.72766,0.72786,0.72841,0.72786,0.72766,0.72786,0.72841,0.72786,0.72766,0.72786,0.72841,0.72786,0.72766,0.72786,0.72841,0.72786,0.72766,0.72786,0.72841,0.72786,0.72766,0.72786,0.72841,0.72786,0.72766,0.72827,0.72841,0.72701,0.73014,0.72552,0.72841,0.73297,0.71815,0.7375,0.72841,0.70779,0.77597,0.6488,0.36671,0.3383,0.39099,0.35423,0.36671,0.37249,0.35992,0.36935,0.36671,0.36494,0.36739,0.36575,0.36671,0.36643,0.36633,0.36643,0.36671,0.36643,0.36633,0.36643,0.36671,0.36643,0.36633,0.36643,0.36671,0.36643,0.36633,0.36643,0.36671,0.36643,0.36633,0.36643,0.36671,0.36643,0.36633,0.36643,0.36671,0.36643,0.36633,0.36643,0.36671,0.36643,0.36633,0.36643,0.36671,0.36643,0.36633,0.36643,0.36671,0.36643,0.36633,0.36643,0.36671,0.36643,0.36633,0.36643,0.36671,0.36643,0.36633,0.36643,0.36671,0.36643,0.36633,0.36643,0.36671,0.36643,0.36633,0.36643,0.36671,0.36643,0.36633,0.36643,0.36671,0.36643,0.36633,0.36643,0.36671,0.36643,0.36633,0.36643,0.36671,0.36643,0.36633,0.36643,0.36671,0.36643,0.36633,0.36643,0.36671,0.36643,0.36633,0.36643,0.36671,0.36643,0.36633,0.36643,0.36671,0.36643,0.36633,0.36643,0.36671,0.36643,0.36633,0.36643,0.36671,0.36643,0.36633,0.36643,0.36671,0.36643,0.36633,0.36643,0.36671,0.36643,0.36633,0.36685,0.36671,0.36557,0.36885,0.36406,0.36671,0.37162,0.35669,0.37621,0.36671,0.34609,0.41532,0.28628
0.90382,0.97344,0.84128,0.93365,0.90382,0.88801,0.91892,0.89584,0.90382,0.90688,0.90026,0.90486,0.90382,0.90314,0.90289,0.90314,0.90382,0.90314,0.90289,0.90314,0.90382,0.90314,0.90289,0.90314,0.90382,0.90314,0.90289,0.90314,0.90382,0.90314,0.90289,0.90314,0.90382,0.90314,0.90289,0.90314,0.90382,0.90314,0.90289,0.90314,0.90382,0.90314,0.90289,0.90314,0.90382,0.90314,0.90289,0.90314,0.90382,0.90314,0.90289,0.90314,0.90382,0.90314,0.90289,0.90314,0.90382,0.90314,0.90289,0.90314,0.90382,0.90314,0.90289,0.90314,0.90382,0.90314,0.90289,0.90314,0.90382,0.90314,0.90289,0.90314,0.90382,0.90314,0.90289,0.90314,0.90382,0.90314,0.90289,0.90314,0.90382,0.90314,0.90289,0.90314,0.90382,0.90314,0.90289,0.90314,0.90382,0.90314,0.90289,0.90314,0.90382,0.90314,0.90289,0.90314,0.90382,0.90314,0.90289,0.90314,0.90382,0.90314,0.90289,0.90314,0.90382,0.90314,0.90289,0.90314,0.90382,0.90314,0.90289,0.90314,0.90382,0.90314,0.90289,0.90405,0.90382,0.90126,0.90839,0.89796,0.90382,0.91446,0.88183,0.92449,0.90382,0.85871,1.0099,0.72807,0.10288,0.040501,0.15737,0.075766,0.10288,0.11621,0.088566,0.10926,0.10288,0.099487,0.1051,0.10128,0.10288,0.1028,0.10277,0.1028,0.10288,0.1028,0.10277,0.1028,0.10288,0.1028,0.10277,0.1028,0.10288,0.1028,0.10277,0.1028,0.10288,0.1028,0.10277,0.1028,0.10288,0.1028,0.10277,0.1028,0.10288,0.1028,0.10277,0.1028,0.10288,0.1028,0.10277,0.1028,0.10288,0.1028,0.10277,0.1028,0.10288,0.1028,0.10277,0.1028,0.10288,0.1028,0.10277,0.1028,0.10288,0.1028,0.10277,0.1028,0.10288,0.1028,0.10277,0.1028,0.10288,0.1028,0.10277,0.1028,0.10288,0.1028,0.10277,0.1028,0.10288,0.1028,0.10277,0.1028,0.10288,0.1028,0.10277,0.1028,0.10288,0.1028,0.10277,0.1028,0.10288,0.1028,0.10277,0.1028,0.10288,0.1028,0.10277,0.1028,0.10288,0.1028,0.10277,0.1028,0.10288,0.1028,0.10277,0.1028,0.10288,0.1028,0.10277,0.1028,0.10288,0.1028,0.10277,0.1028,0.10288,0.1028,0.10277,0.1028,0.10288,0.1028,0.10277,0.10291,0.10288,0.10256,0.10348,0.10213,0.10288,0.10425,0.10006,0.10554,0.10288,0.097091,0.11651,0.080312
0.70229,0.75638,0.65369,0.72546,0.70229,0.68999,0.71401,0.69609,0.70229,0.70466,0.69951,0.70309,0.70229,0.70175,0.70156,0.70175,0.70229,0.70175,0.70156,0.70175,0.70229,0.70175,0.70156,0.70175,0.70229,0.70175,0.70156,0.70175,0.70229,0.70175,0.70156,0.70175,0.70229,0.70175,0.70156,0.70175,0.70229,0.70175,0.70156,0.70175,0.70229,0.70175,0.70156,0.70175,0.70229,0.70175,0.70156,0.70175,0.70229,0.70175,0.70156,0.70175,0.70229,0.70175,0.70156,0.70175,0.70229,0.70175,0.70156,0.70175,0.70229,0.70175,0.70156,0.70175,0.70229,0.70175,0.70156,0.70175,0.70229,0.70175,0.70156,0.70175,0.70229,0.70175,0.70156,0.70175,0.70229,0.70175,0.70156,0.70175,0.70229,0.70175,0.70156,0.70175,0.70229,0.70175,0.70156,0.70175,0.70229,0.70175,0.70156,0.70175,0.70229,0.70175,0.70156,0.70175,0.70229,0.70175,0.70156,0.70175,0.70229,0.70175,0.70156,0.70175,0.70229,0.70175,0.70156,0.70175,0.70229,0.70175,0.70156,0.70175,0.70229,0.70175,0.70156,0.70194,0.70229,0.70137,0.70268,0.7007,0.70229,0.70407,0.69725,0.70612,0.70229,0.69267,0.72344,0.66595,0.53849,0.52534,0.5491,0.53255,0.53849,0.54083,0.53503,0.5394,0.53849,0.53741,0.53841,0.53777,0.53849,0.53808,0.53793,0.53808,0.53849,0.53808,0.53793,0.53808,0.53849,0.53808,0.53793,0.53808,0.53849,0.53808,0.53793,0.53808,0.53849,0.53808,0.53793,0.53808,0.53849,0.53808,0.53793,0.53808,0.53849,0.53808,0.53793,0.53808,0.53849,0.53808,0.53793,0.53808,0.53849,0.53808,0.53793,0.53808,0.53849,0.53808,0.53793,0.53808,0.53849,0.53808,0.53793,0.53808,0.53849,0.53808,0.53793,0.53808,0.53849,0.53808,0.53793,0.53808,0.53849,0.53808,0.53793,0.53808,0.53849,0.53808,0.53793,0.53808,0.53849,0.53808,0.53793,0.53808,0.53849,0.53808,0.53793,0.53808,0.53849,0.53808,0.53793,0.53808,0.53849,0.53808,0.53793,0.53808,0.53849,0.53808,0.53793,0.53808,0.53849,0.53808,0.53793,0.53808,0.53849,0.53808,0.53793,0.53808,0.53849,0.53808,0.53793,0.53808,0.53849,0.53808,0.53793,0.53808,0.53849,0.53808,0.53793,0.53808,0.53849,0.53808,0.53793,0.53869,0.53849,0.53682,0.54163,0.5346,0.53849,0.54569,0.52377,0.55243,0.53849,0.50821,0.60987,0.42038
0.80122,0.86294,0.74578,0.82766,0.80122,0.7872,0.8146,0.79415,0.80122,0.80393,0.79806,0.80214,0.80122,0.80062,0.80039,0.80062,0.80122,0.80062,0.80039,0.80062,0.80122,0.80062,0.80039,0.80062,0.80122,0.80062,0.80039,0.80062,0.80122,0.80062,0.80039,0.80062,0.80122,0.80062,0.80039,0.80062,0.80122,0.80062,0.80039,0.80062,0.80122,0.80062,0.80039,0.80062,0.80122,0.80062,0.80039,0.80062,0.80122,0.80062,0.80039,0.80062,0.80122,0.80062,0.80039,0.80062,0.80122,0.80062,0.80039,0.80062,0.80122,0.80062,0.80039,0.80062,0.80122,0.80062,0.80039,0.80062,0.80122,0.80062,0.80039,0.80062,0.80122,0.80062,0.80039,0.80062,0.80122,0.80062,0.80039,0.80062,0.80122,0.80062,0.80039,0.80062,0.80122,0.80062,0.80039,0.80062,0.80122,0.80062,0.80039,0.80062,0.80122,0.80062,0.80039,0.80062,0.80122,0.80062,0.80039,0.80062,0.80122,0.80062,0.80039,0.80062,0.80122,0.80062,0.80039,0.80062,0.80122,0.80062,0.80039,0.80062,0.80122,0.80062,0.80039,0.80062,0.80122,0.80062,0.80039,0.80062,0.80122,0.80062,0.80039,0.80062,0.80122,0.80062,0.80039,0.80062,0.80122,0.80062,0.80039,0.80062,0.80122,0.80062,0.80039,0.80062,0.80122,0.80062,0.80039,0.80062,0.80122,0.80062,0.80039,0.80062,0.80122,0.80062,0.80039,0.80062,0.80122,0.80062,0.80039,0.80062,0.80122,0.80062,0.80039,0.80062,0.80122,0.80062,0.80039,0.80062,0.80122,0.80062,0.80039,0.80062,0.80122,0.80062,0.80039,0.80062,0.80122,0.80062,0.80039,0.80062,0.80122,0.80062,0.80039,0.80062,0.80122,0.80062,0.80039,0.80062,0.80122,0.80062,0.80039,0.80062,0.80122,0.80062,0.80039,0.80062,0.80122,0.80062,0.80039,0.80062,0.80122,0.80062,0.80039,0.80062,0.80122,0.80062,0.80039,0.80062,0.80122,0.80062,0.80039,0.80062,0.80122,0.80062,0.80039,0.80062,0.80122,0.80062,0.80039,0.80062,0.80122,0.80062,0.80039,0.80062,0.80122,0.80062,0.80039,0.80062,0.80122,0.80062,0.80039,0.80062,0.80122,0.80062,0.80039,0.80062,0.80122,0.80062,0.80039,0.80062,0.80122,0.80062,0.80039,0.80062,0.80122,0.80062,0.80039,0.80062,0.80122,0.80062,0.80039,0.80152,0.80122,0.79873,0.8059,0.79544,0.80122,0.81194,0.77933,0.82197,0.80122,0.75617,0.90743,0.62549
0.90212,0.9716,0.83969,0.93188,0.90212,0.88633,0.91718,0.89415,0.90212,0.90516,0.89855,0.90315,0.90212,0.90143,0.90118,0.90143,0.90212,0.90143,0.90118,0.90143,0.90212,0.90143,0.90118,0.90143,0.90212,0.90143,0.90118,0.90143,0.90212,0.90143,0.90118,0.90143,0.90212,0.90143,0.90118,0.90143,0.90212,0.90143,0.90118,0.90143,0.90212,0.90143,0.90118,0.90143,0.90212,0.90143,0.90118,0.90143,0.90212,0.90143,0.90118,0.90143,0.90212,0.90143,0.90118,0.90143,0.90212,0.90143,0.90118,0.90143,0.90212,0.90143,0.90118,0.90143,0.90212,0.90143,0.90118,0.90143,0.90212,0.90143,0.90118,0.90143,0.90212,0.90143,0.90118,0.90143,0.90212,0.90143,0.90118,0.90143,0.90212,0.90143,0.90118,0.90143,0.90212,0.90143,0.90118,0.90143,0.90212,0.90143,0.90118,0.90143,0.90212,0.90143,0.90118,0.90143,0.90212,0.90143,0.90118,0.90143,0.90212,0.90143,0.90118,0.90143,0.90212,0.90143,0.90118,0.90143,0.90212,0.90143,0.90118,0.90143,0.90212,0.90143,0.90118,0.90234,0.90212,0.89956,0.90666,0.89628,0.90212,0.9127,0.88023,0.92267,0.90212,0.85722,1.0077,0.72723,0.10509,0.043023,0.15931,0.078114,0.10509,0.11836,0.090852,0.11145,0.10509,0.10172,0.10731,0.1035,0.10509,0.10501,0.10498,0.10501,0.10509,0.10501,0.10498,0.10501,0.10509,0.10501,0.10498,0.10501,0.10509,0.10501,0.10498,0.10501,0.10509,0.10501,0.10498,0.10501,0.10509,0.10501,0.10498,0.10501,0.10509,0.10501,0.10498,0.10501,0.10509,0.10501,0.10498,0.10501,0.10509,0.10501,0.10498,0.10501,0.10509,0.10501,0.10498,0.10501,0.10509,0.10501,0.10498,0.10501,0.10509,0.10501,0.10498,0.10501,0.10509,0.10501,0.10498,0.10501,0.10509,0.10501,0.10498,0.10501,0.10509,0.10501,0.10498,0.10501,0.10509,0.10501,0.10498,0.10501,0.10509,0.10501,0.10498,0.10501,0.10509,0.10501,0.10498,0.10501,0.10509,0.10501,0.10498,0.10501,0.10509,0.10501,0.10498,0.10501,0.10509,0.10501,0.10498,0.10501,0.10509,0.10501,0.10498,0.10501,0.10509,0.10501,0.10498,0.10501,0.10509,0.10501,0.10498,0.10501,0.10509,0.10501,0.10498,0.10501,0.10509,0.10501,0.10498,0.10513,0.10509,0.10477,0.10571,0.10433,0.10509,0.1065,0.10222,0.10781,0.10509,0.099184,0.11902,0.082043
0.23251,0.25042,0.21642,0.24018,0.23251,0.22844,0.23639,0.23046,0.23251,0.23329,0.23159,0.23278,0.23251,0.23233,0.23227,0.23233,0.23251,0.23233,0.23227,0.23233,0.23251,0.23233,0.23227,0.23233,0.23251,0.23233,0.23227,0.23233,0.23251,0.23233,0.23227,0.23233,0.23251,0.23233,0.23227,0.23233,0.23251,0.23233,0.23227,0.23233,0.23251,0.23233,0.23227,0.23233,0.23251,0.23233,0.23227,0.23233,0.23251,0.23233,0.23227,0.23233,0.23251,0.23233,0.23227,0.23233,0.23251,0.23233,0.23227,0.23233,0.23251,0.23233,0.23227,0.23233,0.23251,0.23233,0.23227,0.23233,0.23251,0.23233,0.23227,0.23233,0.23251,0.23233,0.23227,0.23233,0.23251,0.23233,0.23227,0.23233,0.23251,0.23233,0.23227,0.23233,0.23251,0.23233,0.23227,0.23233,0.23251,0.23233,0.23227,0.23233,0.23251,0.23233,0.23227,0.23233,0.23251,0.23233,0.23227,0.23233,0.23251,0.23233,0.23227,0.23233,0.23251,0.23233,0.23227,0.23233,0.23251,0.23233,0.23227,0.23233,0.23251,0.23233,0.23227,0.23168,0.23251,0.2337,0.22827,0.23609,0.23251,0.22412,0.24755,0.21684,0.23251,0.26458,0.15461,0.35939,0.81382,0.85841,0.77335,0.83282,0.81382,0.80347,0.82328,0.80851,0.81382,0.8156,0.81128,0.81431,0.81382,0.8132,0.81297,0.8132,0.81382,0.8132,0.81297,0.8132,0.81382,0.8132,0.81297,0.8132,0.81382,0.8132,0.81297,0.8132,0.81382,0.8132,0.81297,0.8132,0.81382,0.8132,0.81297,0.8132,0.81382,0.8132,0.81297,0.8132,0.81382,0.8132,0.81297,0.8132,0.81382,0.8132,0.81297,0.8132,0.81382,0.8132,0.81297,0.8132,0.81382,0.8132,0.81297,0.8132,0.81382,0.8132,0.81297,0.8132,0.81382,0.8132,0.81297,0.8132,0.81382,0.8132,0.81297,0.8132,0.81382,0.8132,0.81297,0.8132,0.81382,0.8132,0.81297,0.8132,0.81382,0.8132,0.81297,0.8132,0.81382,0.8132,0.81297,0.8132,0.81382,0.8132,0.81297,0.8132,0.81382,0.8132,0.81297,0.8132,0.81382,0.8132,0.81297,0.8132,0.81382,0.8132,0.81297,0.8132,0.81382,0.8132,0.81297,0.8132,0.81382,0.8132,0.81297,0.8132,0.81382,0.8132,0.81297,0.8132,0.81382,0.8132,0.81297,0.81412,0.81382,0.81129,0.81857,0.80794,0.81382,0.8247,0.79158,0.83489,0.81382,0.76805,0.92169,0.63532
0.53419,0.57534,0.49723,0.55182,0.53419,0.52484,0.54311,0.52948,0.53419,0.536,0.53208,0.5348,0.53419,0.53379,0.53364,0.53379,0.53419,0.53379,0.53364,0.53357,0.53419,0.53424,0.53233,0.53502,0.53419,0.53109,0.53866,0.52869,0.53419,0.54439,0.5081,0.57557,0.72537,0.73969,0.71159,0.73127,0.72537,0.72162,0.72801,0.72328,0.72537,0.72561,0.72406,0.72519,0.72537,0.72482,0.72462,0.72482,0.72537,0.72482,0.72462,0.72501,0.72537,0.72444,0.72575,0.72376,0.72537,0.72714,0.72031,0.72919,0.72537,0.71573,0.74652,0.68899,0.56142,0.54825,0.57202,0.55546,0.56142,0.56374,0.55793,0.56232,0.56142,0.56032,0.56132,0.56069,0.56142,0.561,0.56084,0.561,0.56142,0.561,0.56084,0.56103,0.56142,0.56092,0.56106,0.56079,0.56142,0.56145,0.56,0.56185,0.56142,0.55922,0.56512,0.55399,0.52935,0.52646,0.53099,0.52787,0.52935,0.52949,0.52824,0.52921,0.52935,0.52882,0.5289,0.52889,0.52935,0.52895,0.52881,0.52895,0.52935,0.52895,0.52881,0.52899,0.52935,0.52887,0.52906,0.52872,0.52935,0.52947,0.52785,0.52992,0.52935,0.52693,0.53367,0.52099,0.49292,0.48972,0.4949,0.49132,0.49292,0.49316,0.49177,0.49285,0.49292,0.4924,0.49252,0.49248,0.49292,0.49255,0.49241,0.49255,0.49292,0.49255,0.49241,0.4924,0.49292,0.49288,0.49147,0.49344,0.49292,0.4906,0.49604,0.48887,0.49292,0.50021,0.47397,0.52272,0.63097,0.64123,0.6209,0.63515,0.63097,0.62818,0.63276,0.62938,0.63097,0.63106,0.62991,0.63075,0.63097,0.63049,0.63031,0.63049,0.63097,0.63049,0.63031,0.63046,0.63097,0.63056,0.6301,0.63069,0.63097,0.63005,0.63113,0.62966,0.63097,0.63222,0.62616,0.63729,0.6621,0.66402,0.65929,0.66265,0.6621,0.66108,0.66196,0.66135,0.6621,0.66173,0.66132,0.66166,0.6621,0.6616,0.66141,0.6616,0.6621,0.6616,0.66141,0.66172,0.6621,0.66133,0.66218,0.66087,0.6621,0.66319,0.65845,0.66459,0.6621,0.65536,0.67644,0.63701,0.54963,0.54047,0.55673,0.54542,0.54963,0.5511,0.54707,0.55012,0.54963,0.54875,0.54939,0.549,0.54963,0.54921,0.54906,0.54921,0.54963,0.54921,0.54906,0.54984,0.54963,0.54792,0.55284,0.54566,0.54963,0.55698,0.53461,0.56386,0.54963,0.51872,0.62249,0.42908
0.16639,0.1792,0.15487,0.17188,0.16639,0.16348,0.16917,0.16492,0.16639,0.16695,0.16573,0.16658,0.16639,0.16626,0.16622,0.16626,0.16639,0.16626,0.16622,0.16626,0.16639,0.16626,0.16622,0.16626,0.16639,0.16626,0.16622,0.16626,0.16639,0.16626,0.16622,0.16626,0.16639,0.16626,0.16622,0.16626,0.16639,0.16626,0.16622,0.16626,0.16639,0.16626,0.16622,0.16626,0.16639,0.16626,0.16622,0.16626,0.16639,0.16626,0.16622,0.16626,0.16639,0.16626,0.16622,0.16626,0.16639,0.16626,0.16622,0.16626,0.16639,0.16626,0.16622,0.16626,0.16639,0.16626,0.16622,0.16626,0.16639,0.16626,0.16622,0.16626,0.16639,0.16626,0.16622,0.16626,0.16639,0.16626,0.16622,0.16626,0.16639,0.16626,0.16622,0.16626,0.16639,0.16626,0.16622,0.16626,0.16639,0.16626,0.16622,0.16626,0.16639,0.16626,0.16622,0.16626,0.16639,0.16626,0.16622,0.16626,0.16639,0.16626,0.16622,0.16626,0.16639,0.16626,0.16622,0.16626,0.16639,0.16626,0.16622,0.16626,0.16639,0.16626,0.16622,0.16556,0.16639,0.16772,0.16195,0.17028,0.16639,0.15748,0.18256,0.1497,0.16639,0.20074,0.083188,0.30211,0.78791,0.83565,0.74473,0.80829,0.78791,0.7769,0.79811,0.78229,0.78791,0.78988,0.78528,0.78849,0.78791,0.78731,0.78709,0.78731,0.78791,0.78731,0.78709,0.78731,0.78791,0.78731,0.78709,0.78731,0.78791,0.78731,0.78709,0.78731,0.78791,0.78731,0.78709,0.78731,0.78791,0.78731,0.78709,0.78731,0.78791,0.78731,0.78709,0.78731,0.78791,0.78731,0.78709,0.78731,0.78791,0.78731,0.78709,0.78731,0.78791,0.78731,0.78709,0.78731,0.78791,0.78731,0.78709,0.78731,0.78791,0.78731,0.78709,0.78731,0.78791,0.78731,0.78709,0.78731,0.78791,0.78731,0.78709,0.78731,0.78791,0.78731,0.78709,0.78731,0.78791,0.78731,0.78709,0.78731,0.78791,0.78731,0.78709,0.78731,0.78791,0.78731,0.78709,0.78731,0.78791,0.78731,0.78709,0.78731,0.78791,0.78731,0.78709,0.78731,0.78791,0.78731,0.78709,0.78731,0.78791,0.78731,0.78709,0.78731,0.78791,0.78731,0.78709,0.78731,0.78791,0.78731,0.78709,0.78731,0.78791,0.78731,0.78709,0.78731,0.78791,0.78731,0.78709,0.7882,0.78791,0.78546,0.79251,0.78222,0.78791,0.79845,0.76638,0.80831,0.78791,0.7436,0.89235,0.6151
0.76064,0.81923,0.708,0.78574,0.76064,0.74733,0.77334,0.75392,0.76064,0.76321,0.75764,0.76151,0.76064,0.76007,0.75985,0.76007,0.76064,0.76007,0.75985,0.76007,0.76064,0.76007,0.75985,0.76007,0.76064,0.76007,0.75985,0.76007,0.76064,0.76007,0.75985,0.76007,0.76064,0.76007,0.75985,0.76007,0.76064,0.76007,0.75985,0.76007,0.76064,0.76007,0.75985,0.76007,0.76064,0.76007,0.75985,0.76007,0.76064,0.76007,0.75985,0.76007,0.76064,0.76007,0.75985,0.76007,0.76064,0.76007,0.75985,0.76007,0.76064,0.76007,0.75985,0.76007,0.76064,0.76007,0.75985,0.76007,0.76064,0.76007,0.75985,0.76007,0.76064,0.76007,0.75985,0.76007,0.76064,0.76007,0.75985,0.76007,0.76064,0.76007,0.75985,0.76007,0.76064,0.76007,0.75985,0.76007,0.76064,0.76007,0.75985,0.76007,0.76064,0.76007,0.75985,0.76007,0.76064,0.76007,0.75985,0.76007,0.76064,0.76007,0.75985,0.76007,0.76064,0.76007,0.75985,0.76007,0.76064,0.76007,0.75985,0.76007,0.76064,0.76007,0.75985,0.76007,0.76064,0.76007,0.75985,0.76007,0.76064,0.76007,0.75985,0.76007,0.76064,0.76007,0.75985,0.76007,0.76064,0.76007,0.75985,0.76007,0.76064,0.76007,0.75985,0.76007,0.76064,0.76007,0.75985,0.76007,0.76064,0.76007,0.75985,0.76007,0.76064,0.76007,0.75985,0.76007,0.76064,0.76007,0.75985,0.76007,0.76064,0.76007,0.75985,0.76007,0.76064,0.76007,0.75985,0.76007,0.76064,0.76007,0.75985,0.76007,0.76064,0.76007,0.75985,0.76007,0.76064,0.76007,0.75985,0.76007,0.76064,0.76007,0.75985,0.76007,0.76064,0.76007,0.75985,0.76007,0.76064,0.76007,0.75985,0.76007,0.76064,0.76007,0.75985,0.76007,0.76064,0.76007,0.75985,0.76007,0.76064,0.76007,0.75985,0.76007,0.76064,0.76007,0.75985,0.76007,0.76064,0.76007,0.75985,0.76007,0.76064,0.76007,0.75985,0.76007,0.76064,0.76007,0.75985,0.76007,0.76064,0.76007,0.75985,0.76007,0.76064,0.76007,0.75985,0.76007,0.76064,0.76007,0.75985,0.76007,0.76064,0.76007,0.75985,0.76007,0.76064,0.76007,0.75985,0.76007,0.76064,0.76007,0.75985,0.76007,0.76064,0.76007,0.75985,0.76007,0.76064,0.76007,0.75985,0.76092,0.76064,0.75828,0.76508,0.75515,0.76064,0.77081,0.73985,0.78034,0.76064,0.71787,0.86147,0.59381
0.8224,0.88574,0.76549,0.84953,0.8224,0.808,0.83613,0.81514,0.8224,0.82517,0.81915,0.82334,0.8224,0.82178,0.82155,0.82178,0.8224,0.82178,0.82155,0.82178,0.8224,0.82178,0.82155,0.82178,0.8224,0.82178,0.82155,0.82178,0.8224,0.82178,0.82155,0.82178,0.8224,0.82178,0.82155,0.82178,0.8224,0.82178,0.82155,0.82178,0.8224,0.82178,0.82155,0.82178,0.8224,0.82178,0.82155,0.82178,0.8224,0.82178,0.82155,0.82178,0.8224,0.82178,0.82155,0.82178,0.8224,0.82178,0.82155,0.82178,0.8224,0.82178,0.82155,0.82178,0.8224,0.82178,0.82155,0.82178,0.8224,0.82178,0.82155,0.82178,0.8224,0.82178,0.82155,0.82178,0.8224,0.82178,0.82155,0.82178,0.8224,0.82178,0.82155,0.82178,0.8224,0.82178,0.82155,0.82178,0.8224,0.82178,0.82155,0.82178,0.8224,0.82178,0.82155,0.82178,0.8224,0.82178,0.82155,0.82178,0.8224,0.82178,0.82155,0.82178,0.8224,0.82178,0.82155,0.82178,0.8224,0.82178,0.82155,0.82178,0.8224,0.82178,0.82155,0.82178,0.8224,0.82178,0.82155,0.82178,0.8224,0.82178,0.82155,0.82178,0.8224,0.82178,0.82155,0.82178,0.8224,0.82178,0.82155,0.82178,0.8224,0.82178,0.82155,0.82178,0.8224,0.82178,0.82155,0.82178,0.8224,0.82178,0.82155,0.82178,0.8224,0.82178,0.82155,0.82178,0.8224,0.82178,0.82155,0.82178,0.8224,0.82178,0.82155,0.82178,0.8224,0.82178,0.82155,0.82178,0.8224,0.82178,0.82155,0.82178,0.8224,0.82178,0.82155,0.82178,0.8224,0.82178,0.82155,0.82178,0.8224,0.82178,0.82155,0.82178,0.8224,0.82178,0.82155,0.82178,0.8224,0.82178,0.82155,0.82178,0.8224,0.82178,0.82155,0.82178,0.8224,0.82178,0.82155,0.82178,0.8224,0.82178,0.82155,0.82178,0.8224,0.82178,0.82155,0.82178,0.8224,0.82178,0.82155,0.82178,0.8224,0.82178,0.82155,0.82178,0.8224,0.82178,0.82155,0.82178,0.8224,0.82178,0.82155,0.82178,0.8224,0.82178,0.82155,0.82178,0.8224,0.82178,0.82155,0.82178,0.8224,0.82178,0.82155,0.82178,0.8224,0.82178,0.82155,0.82178,0.8224,0.82178,0.82155,0.82178,0.8224,0.82178,0.82155,0.82178,0.8224,0.82178,0.82155,0.8227,0.8224,0.81984,0.8272,0.81646,0.8224,0.8334,0.79992,0.84369,0.8224,0.77615,0.93141,0.64202
0.79003,0.85088,0.73536,0.8161,0.79003,0.77621,0.80323,0.78306,0.79003,0.7927,0.78691,0.79094,0.79003,0.78944,0.78922,0.78944,0.79003,0.78944,0.78922,0.78944,0.79003,0.78944,0.78922,0.78944,0.79003,0.78944,0.78922,0.78944,0.79003,0.78944,0.78922,0.78944,0.79003,0.78944,0.78922,0.78944,0.79003,0.78944,0.78922,0.78944,0.79003,0.78944,0.78922,0.78944,0.79003,0.78944,0.78922,0.78944,0.79003,0.78944,0.78922,0.78944,0.79003,0.78944,0.78922,0.78944,0.79003,0.78944,0.78922,0.78944,0.79003,0.78944,0.78922,0.78944,0.79003,0.78944,0.78922,0.78944,0.79003,0.78944,0.78922,0.78944,0.79003,0.78944,0.78922,0.78944,0.79003,0.78944,0.78922,0.78944,0.79003,0.78944,0.78922,0.78944,0.79003,0.78944,0.78922,0.78944,0.79003,0.78944,0.78922,0.78944,0.79003,0.78944,0.78922,0.78944,0.79003,0.78944,0.78922,0.78944,0.79003,0.78944,0.78922,0.78944,0.79003,0.78944,0.78922,0.78944,0.79003,0.78944,0.78922,0.78944,0.79003,0.78944,0.78922,0.78944,0.79003,0.78944,0.78922,0.78944,0.79003,0.78944,0.78922,0.78944,0.79003,0.78944,0.78922,0.78944,0.79003,0.78944,0.78922,0.78944,0.79003,0.78944,0.78922,0.78944,0.79003,0.78944,0.78922,0.78944,0.79003,0.78944,0.78922,0.78944,0.79003,0.78944,0.78922,0.78944,0.79003,0.78944,0.78922,0.78944,0.79003,0.78944,0.78922,0.78944,0.79003,0.78944,0.78922,0.78944,0.79003,0.78944,0.78922,0.78944,0.79003,0.78944,0.78922,0.78944,0.79003,0.78944,0.78922,0.78944,0.79003,0.78944,0.78922,0.78944,0.79003,0.78944,0.78922,0.78944,0.79003,0.78944,0.78922,0.78944,0.79003,0.78944,0.78922,0.78944,0.79003,0.78944,0.78922,0.78944,0.79003,0.78944,0.78922,0.78944,0.79003,0.78944,0.78922,0.78944,0.79003,0.78944,0.78922,0.78944,0.79003,0.78944,0.78922,0.78944,0.79003,0.78944,0.78922,0.78944,0.79003,0.78944,0.78922,0.78944,0.79003,0.78944,0.78922,0.78944,0.79003,0.78944,0.78922,0.78944,0.79003,0.78944,0.78922,0.78944,0.79003,0.78944,0.78922,0.78944,0.79003,0.78944,0.78922,0.78944,0.79003,0.78944,0.78922,0.78944,0.79003,0.78944,0.78922,0.79033,0.79003,0.78758,0.79464,0.78433,0.79003,0.8006,0.76845,0.81049,0.79003,0.74561,0.89476,0.61676
0.89282,0.96158,0.83103,0.92227,0.89282,0.87719,0.90772,0.88493,0.89282,0.89583,0.88929,0.89384,0.89282,0.89214,0.89189,0.89214,0.89282,0.89214,0.89189,0.89214,0.89282,0.89214,0.89189,0.89214,0.89282,0.89214,0.89189,0.89214,0.89282,0.89214,0.89189,0.89214,0.89282,0.89214,0.89189,0.89214,0.89282,0.89214,0.89189,0.89214,0.89282,0.89214,0.89189,0.89214,0.89282,0.89214,0.89189,0.89214,0.89282,0.89214,0.89189,0.89214,0.89282,0.89214,0.89189,0.89214,0.89282,0.89214,0.89189,0.89214,0.89282,0.89214,0.89189,0.89214,0.89282,0.89214,0.89189,0.89214,0.89282,0.89214,0.89189,0.89214,0.89282,0.89214,0.89189,0.89214,0.89282,0.89214,0.89189,0.89214,0.89282,0.89214,0.89189,0.89214,0.89282,0.89214,0.89189,0.89214,0.89282,0.89214,0.89189,0.89214,0.89282,0.89214,0.89189,0.89214,0.89282,0.89214,0.89189,0.89214,0.89282,0.89214,0.89189,0.89214,0.89282,0.89214,0.89189,0.89214,0.89282,0.89214,0.89189,0.89214,0.89282,0.89214,0.89189,0.89252,0.89282,0.89135,0.89421,0.88996,0.89282,0.89692,0.88301,0.90115,0.89282,0.87339,0.93704,0.81827,0.55487,0.52816,0.57733,0.54304,0.55487,0.56011,0.5483,0.55718,0.55487,0.55305,0.55528,0.55381,0.55487,0.55445,0.55429,0.55445,0.55487,0.55445,0.55429,0.55445,0.55487,0.55445,0.55429,0.55445,0.55487,0.55445,0.55429,0.55445,0.55487,0.55445,0.55429,0.55445,0.55487,0.55445,0.55429,0.55445,0.55487,0.55445,0.55429,0.55445,0.55487,0.55445,0.55429,0.55445,0.55487,0.55445,0.55429,0.55445,0.55487,0.55445,0.55429,0.55445,0.55487,0.55445,0.55429,0.55445,0.55487,0.55445,0.55429,0.55445,0.55487,0.55445,0.55429,0.55445,0.55487,0.55445,0.55429,0.55445,0.55487,0.55445,0.55429,0.55445,0.55487,0.55445,0.55429,0.55445,0.55487,0.55445,0.55429,0.55445,0.55487,0.55445,0.55429,0.55445,0.55487,0.55445,0.55429,0.55445,0.55487,0.55445,0.55429,0.55445,0.55487,0.55445,0.55429,0.55445,0.55487,0.55445,0.55429,0.55445,0.55487,0.55445,0.55429,0.55445,0.55487,0.55445,0.55429,0.55445,0.55487,0.55445,0.55429,0.55445,0.55487,0.55445,0.55429,0.55508,0.55487,0.55315,0.55811,0.55086,0.55487,0.56229,0.53971,0.56924,0.55487,0.52367,0.62842,0.43317
0.80703,0.86919,0.75118,0.83365,0.80703,0.7929,0.8205,0.7999,0.80703,0.80975,0.80384,0.80795,0.80703,0.80642,0.80619,0.80642,0.80703,0.80642,0.80619,0.80642,0.80703,0.80642,0.80619,0.80642,0.80703,0.80642,0.80619,0.80642,0.80703,0.80642,0.80619,0.80642,0.80703,0.80642,0.80619,0.80642,0.80703,0.80642,0.80619,0.80642,0.80703,0.80642,0.80619,0.80642,0.80703,0.80642,0.80619,0.80642,0.80703,0.80642,0.80619,0.80642,0.80703,0.80642,0.80619,0.80642,0.80703,0.80642,0.80619,0.80642,0.80703,0.80642,0.80619,0.80642,0.80703,0.80642,0.80619,0.80642,0.80703,0.80642,0.80619,0.80642,0.80703,0.80642,0.80619,0.80642,0.80703,0.80642,0.80619,0.80642,0.80703,0.80642,0.80619,0.80642,0.80703,0.80642,0.80619,0.80642,0.80703,0.80642,0.80619,0.80642,0.80703,0.80642,0.80619,0.80642,0.80703,0.80642,0.80619,0.80642,0.80703,0.80642,0.80619,0.80642,0.80703,0.80642,0.80619,0.80642,0.80703,0.80642,0.80619,0.80642,0.80703,0.80642,0.80619,0.80642,0.80703,0.80642,0.80619,0.80642,0.80703,0.80642,0.80619,0.80642,0.80703,0.80642,0.80619,0.80642,0.80703,0.80642,0.80619,0.80642,0.80703,0.80642,0.80619,0.80642,0.80703,0.80642,0.80619,0.80642,0.80703,0.80642,0.80619,0.80642,0.80703,0.80642,0.80619,0.80642,0.80703,0.80642,0.80619,0.80642,0.80703,0.80642,0.80619,0.80642,0.80703,0.80642,0.80619,0.80642,0.80703,0.80642,0.80619,0.80642,0.80703,0.80642,0.80619,0.80642,0.80703,0.80642,0.80619,0.80642,0.80703,0.80642,0.80619,0.80642,0.80703,0.80642,0.80619,0.80642,0.80703,0.80642,0.80619,0.80642,0.80703,0.80642,0.80619,0.80642,0.80703,0.80642,0.80619,0.80642,0.80703,0.80642,0.80619,0.80642,0.80703,0.80642,0.80619,0.80642,0.80703,0.80642,0.80619,0.80642,0.80703,0.80642,0.80619,0.80642,0.80703,0.80642,0.80619,0.80642,0.80703,0.80642,0.80619,0.80642,0.80703,0.80642,0.80619,0.80642,0.80703,0.80642,0.80619,0.80642,0.80703,0.80642,0.80619,0.80642,0.80703,0.80642,0.80619,0.80642,0.80703,0.80642,0.80619,0.80642,0.80703,0.80642,0.80619,0.80642,0.80703,0.80642,0.80619,0.80733,0.80703,0.80452,0.81174,0.8012,0.80703,0.81782,0.78497,0.82792,0.80703,0.76165,0.914,0.63002
0.86271,0.92916,0.80301,0.89118,0.86271,0.84761,0.87712,0.8551,0.86271,0.86563,0.85931,0.8637,0.86271,0.86206,0.86182,0.86206,0.86271,0.86206,0.86182,0.86206,0.86271,0.86206,0.86182,0.86206,0.86271,0.86206,0.86182,0.86206,0.86271,0.86206,0.86182,0.86206,0.86271,0.86206,0.86182,0.86206,0.86271,0.86206,0.86182,0.86206,0.86271,0.86206,0.86182,0.86206,0.86271,0.86206,0.86182,0.86206,0.86271,0.86206,0.86182,0.86206,0.86271,0.86206,0.86182,0.86206,0.86271,0.86206,0.86182,0.86206,0.86271,0.86206,0.86182,0.86206,0.86271,0.86206,0.86182,0.86206,0.86271,0.86206,0.86182,0.86206,0.86271,0.86206,0.86182,0.86206,0.86271,0.86206,0.86182,0.86206,0.86271,0.86206,0.86182,0.86206,0.86271,0.86206,0.86182,0.86206,0.86271,0.86206,0.86182,0.86206,0.86271,0.86206,0.86182,0.86206,0.86271,0.86206,0.86182,0.86206,0.86271,0.86206,0.86182,0.86206,0.86271,0.86206,0.86182,0.86206,0.86271,0.86206,0.86182,0.86206,0.86271,0.86206,0.86182,0.86275,0.86271,0.86062,0.86602,0.8581,0.86271,0.87071,0.84573,0.87837,0.86271,0.82811,0.94357,0.7283,0.25076,0.20297,0.29221,0.22991,0.25076,0.26081,0.23965,0.25551,0.25076,0.24804,0.25228,0.2494,0.25076,0.25057,0.2505,0.25057,0.25076,0.25057,0.2505,0.25057,0.25076,0.25057,0.2505,0.25057,0.25076,0.25057,0.2505,0.25057,0.25076,0.25057,0.2505,0.25057,0.25076,0.25057,0.2505,0.25057,0.25076,0.25057,0.2505,0.25057,0.25076,0.25057,0.2505,0.25057,0.25076,0.25057,0.2505,0.25057,0.25076,0.25057,0.2505,0.25057,0.25076,0.25057,0.2505,0.25057,0.25076,0.25057,0.2505,0.25057,0.25076,0.25057,0.2505,0.25057,0.25076,0.25057,0.2505,0.25057,0.25076,0.25057,0.2505,0.25057,0.25076,0.25057,0.2505,0.25057,0.25076,0.25057,0.2505,0.25057,0.25076,0.25057,0.2505,0.25057,0.25076,0.25057,0.2505,0.25057,0.25076,0.25057,0.2505,0.25057,0.25076,0.25057,0.2505,0.25057,0.25076,0.25057,0.2505,0.25057,0.25076,0.25057,0.2505,0.25057,0.25076,0.25057,0.2505,0.25057,0.25076,0.25057,0.2505,0.25057,0.25076,0.25057,0.2505,0.25085,0.25076,0.24998,0.25222,0.24895,0.25076,0.25411,0.2439,0.25725,0.25076,0.23666,0.284,0.19576
0.83688,0.90134,0.77897,0.8645,0.83688,0.82224,0.85086,0.82949,0.83688,0.83971,0.83358,0.83784,0.83688,0.83625,0.83602,0.83625,0.83688,0.83625,0.83602,0.83625,0.83688,0.83625,0.83602,0.83625,0.83688,0.83625,0.83602,0.83625,0.83688,0.83625,0.83602,0.83625,0.83688,0.83625,0.83602,0.83625,0.83688,0.83625,0.83602,0.83625,0.83688,0.83625,0.83602,0.83625,0.83688,0.83625,0.83602,0.83625,0.83688,0.83625,0.83602,0.83625,0.83688,0.83625,0.83602,0.83625,0.83688,0.83625,0.83602,0.83625,0.83688,0.83625,0.83602,0.83625,0.83688,0.83625,0.83602,0.83625,0.83688,0.83625,0.83602,0.83625,0.83688,0.83625,0.83602,0.83625,0.83688,0.83625,0.83602,0.83625,0.83688,0.83625,0.83602,0.83625,0.83688,0.83625,0.83602,0.83625,0.83688,0.83625,0.83602,0.83625,0.83688,0.83625,0.83602,0.83625,0.83688,0.83625,0.83602,0.83625,0.83688,0.83625,0.83602,0.83625,0.83688,0.83625,0.83602,0.83625,0.83688,0.83625,0.83602,0.83625,0.83688,0.83625,0.83602,0.83625,0.83688,0.83625,0.83602,0.83625,0.83688,0.83625,0.83602,0.83625,0.83688,0.83625,0.83602,0.83625,0.83688,0.83625,0.83602,0.83625,0.83688,0.83625,0.83602,0.83625,0.83688,0.83625,0.83602,0.83625,0.83688,0.83625,0.83602,0.83625,0.83688,0.83625,0.83602,0.83625,0.83688,0.83625,0.83602,0.83625,0.83688,0.83625,0.83602,0.83625,0.83688,0.83625,0.83602,0.83625,0.83688,0.83625,0.83602,0.83625,0.83688,0.83625,0.83602,0.83625,0.83688,0.83625,0.83602,0.83625,0.83688,0.83625,0.83602,0.83625,0.83688,0.83625,0.83602,0.83625,0.83688,0.83625,0.83602,0.83625,0.83688,0.83625,0.83602,0.83625,0.83688,0.83625,0.83602,0.83625,0.83688,0.83625,0.83602,0.83625,0.83688,0.83625,0.83602,0.83625,0.83688,0.83625,0.83602,0.83625,0.83688,0.83625,0.83602,0.83625,0.83688,0.83625,0.83602,0.83625,0.83688,0.83625,0.83602,0.83625,0.83688,0.83625,0.83602,0.83625,0.83688,0.83625,0.83602,0.83625,0.83688,0.83625,0.83602,0.83625,0.83688,0.83625,0.83602,0.83625,0.83688,0.83625,0.83602,0.83625,0.83688,0.83625,0.83602,0.83625,0.83688,0.83625,0.83602,0.8372,0.83688,0.83428,0.84177,0.83084,0.83688,0.84808,0.81401,0.85855,0.83688,0.78982,0.94782,0.65333
0.84425,0.90927,0.78582,0.8721,0.84425,0.82947,0.85834,0.83679,0.84425,0.8471,0.84091,0.84521,0.84425,0.84361,0.84337,0.84361,0.84425,0.84361,0.84337,0.84361,0.84425,0.84361,0.84337,0.84361,0.84425,0.84361,0.84337,0.84361,0.84425,0.84361,0.84337,0.84361,0.84425,0.84361,0.84337,0.84361,0.84425,0.84361,0.84337,0.84361,0.84425,0.84361,0.84337,0.84361,0.84425,0.84361,0.84337,0.84361,0.84425,0.84361,0.84337,0.84361,0.84425,0.84361,0.84337,0.84361,0.84425,0.84361,0.84337,0.84361,0.84425,0.84361,0.84337,0.84361,0.84425,0.84361,0.84337,0.84361,0.84425,0.84361,0.84337,0.84361,0.84425,0.84361,0.84337,0.84361,0.84425,0.84361,0.84337,0.84361,0.84425,0.84361,0.84337,0.84361,0.84425,0.84361,0.84337,0.84361,0.84425,0.84361,0.84337,0.84361,0.84425,0.84361,0.84337,0.84361,0.84425,0.84361,0.84337,0.84361,0.84425,0.84361,0.84337,0.84361,0.84425,0.84361,0.84337,0.84361,0.84425,0.84361,0.84337,0.84361,0.84425,0.84361,0.84337,0.84385,0.84425,0.8431,0.84485,0.84222,0.84425,0.84665,0.83771,0.84935,0.84425,0.83166,0.87215,0.79652,0.6288,0.61157,0.64284,0.62106,0.6288,0.63194,0.62433,0.63007,0.6288,0.62744,0.62878,0.62792,0.6288,0.62833,0.62815,0.62833,0.6288,0.62833,0.62815,0.62833,0.6288,0.62833,0.62815,0.62833,0.6288,0.62833,0.62815,0.62833,0.6288,0.62833,0.62815,0.62833,0.6288,0.62833,0.62815,0.62833,0.6288,0.62833,0.62815,0.62833,0.6288,0.62833,0.62815,0.62833,0.6288,0.62833,0.62815,0.62833,0.6288,0.62833,0.62815,0.62833,0.6288,0.62833,0.62815,0.62833,0.6288,0.62833,0.62815,0.62833,0.6288,0.62833,0.62815,0.62833,0.6288,0.62833,0.62815,0.62833,0.6288,0.62833,0.62815,0.62833,0.6288,0.62833,0.62815,0.62833,0.6288,0.62833,0.62815,0.62833,0.6288,0.62833,0.62815,0.62833,0.6288,0.62833,0.62815,0.62833,0.6288,0.62833,0.62815,0.62833,0.6288,0.62833,0.62815,0.62833,0.6288,0.62833,0.62815,0.62833,0.6288,0.62833,0.62815,0.62833,0.6288,0.62833,0.62815,0.62833,0.6288,0.62833,0.62815,0.62833,0.6288,0.62833,0.62815,0.62904,0.6288,0.62685,0.63247,0.62426,0.6288,0.63721,0.61162,0.64509,0.6288,0.59344,0.71215,0.49089
0.81235,0.87492,0.75613,0.83915,0.81235,0.79813,0.82591,0.80518,0.81235,0.81509,0.80914,0.81328,0.81235,0.81173,0.81151,0.81173,0.81235,0.81173,0.81151,0.81173,0.81235,0.81173,0.81151,0.81173,0.81235,0.81173,0.81151,0.81173,0.81235,0.81173,0.81151,0.81173,0.81235,0.81173,0.81151,0.81173,0.81235,0.81173,0.81151,0.81173,0.81235,0.81173,0.81151,0.81173,0.81235,0.81173,0.81151,0.81173,0.81235,0.81173,0.81151,0.81173,0.81235,0.81173,0.81151,0.81173,0.81235,0.81173,0.81151,0.81173,0.81235,0.81173,0.81151,0.81173,0.81235,0.81173,0.81151,0.81173,0.81235,0.81173,0.81151,0.81173,0.81235,0.81173,0.81151,0.81173,0.81235,0.81173,0.81151,0.81173,0.81235,0.81173,0.81151,0.81173,0.81235,0.81173,0.81151,0.81173,0.81235,0.81173,0.81151,0.81173,0.81235,0.81173,0.81151,0.81173,0.81235,0.81173,0.81151,0.81173,0.81235,0.81173,0.81151,0.81173,0.81235,0.81173,0.81151,0.81173,0.81235,0.81173,0.81151,0.81173,0.81235,0.81173,0.81151,0.81173,0.81235,0.81173,0.81151,0.81173,0.81235,0.81173,0.81151,0.81173,0.81235,0.81173,0.81151,0.81173,0.81235,0.81173,0.81151,0.81173,0.81235,0.81173,0.81151,0.81173,0.81235,0.81173,0.81151,0.81173,0.81235,0.81173,0.81151,0.81173,0.81235,0.81173,0.81151,0.81173,0.81235,0.81173,0.81151,0.81173,0.81235,0.81173,0.81151,0.81173,0.81235,0.81173,0.81151,0.81173,0.81235,0.81173,0.81151,0.81173,0.81235,0.81173,0.81151,0.81173,0.81235,0.81173,0.81151,0.81173,0.81235,0.81173,0.81151,0.81173,0.81235,0.81173,0.81151,0.81173,0.81235,0.81173,0.81151,0.81173,0.81235,0.81173,0.81151,0.81173,0.81235,0.81173,0.81151,0.81173,0.81235,0.81173,0.81151,0.81173,0.81235,0.81173,0.81151,0.81173,0.81235,0.81173,0.81151,0.81173,0.81235,0.81173,0.81151,0.81173,0.81235,0.81173,0.81151,0.81173,0.81235,0.81173,0.81151,0.81173,0.81235,0.81173,0.81151,0.81173,0.81235,0.81173,0.81151,0.81173,0.81235,0.81173,0.81151,0.81173,0.81235,0.81173,0.81151,0.81173,0.81235,0.81173,0.81151,0.81173,0.81235,0.81173,0.81151,0.81173,0.81235,0.81173,0.81151,0.81265,0.81235,0.80983,0.81709,0.80648,0.81235,0.82321,0.79015,0.83338,0.81235,0.76667,0.92003,0.63417
0.83472,0.89901,0.77696,0.86226,0.83472,0.82011,0.84866,0.82735,0.83472,0.83754,0.83142,0.83567,0.83472,0.83409,0.83385,0.83409,0.83472,0.83409,0.83385,0.83409,0.83472,0.83409,0.83385,0.83409,0.83472,0.83409,0.83385,0.83409,0.83472,0.83409,0.83385,0.83409,0.83472,0.83409,0.83385,0.83409,0.83472,0.83409,0.83385,0.83409,0.83472,0.83409,0.83385,0.83409,0.83472,0.83409,0.83385,0.83409,0.83472,0.83409,0.83385,0.83409,0.83472,0.83409,0.83385,0.83409,0.83472,0.83409,0.83385,0.83409,0.83472,0.83409,0.83385,0.83409,0.83472,0.83409,0.83385,0.83409,0.83472,0.83409,0.83385,0.83409,0.83472,0.83409,0.83385,0.83409,0.83472,0.83409,0.83385,0.83409,0.83472,0.83409,0.83385,0.83409,0.83472,0.83409,0.83385,0.83409,0.83472,0.83409,0.83385,0.83409,0.83472,0.83409,0.83385,0.83409,0.83472,0.83409,0.83385,0.83409,0.83472,0.83409,0.83385,0.83409,0.83472,0.83409,0.83385,0.83409,0.83472,0.83409,0.83385,0.83409,0.83472,0.83409,0.83385,0.83409,0.83472,0.83409,0.83385,0.83409,0.83472,0.83409,0.83385,0.83409,0.83472,0.83409,0.83385,0.83409,0.83472,0.83409,0.83385,0.83409,0.83472,0.83409,0.83385,0.83409,0.83472,0.83409,0.83385,0.83409,0.83472,0.83409,0.83385,0.83409,0.83472,0.83409,0.83385,0.83409,0.83472,0.83409,0.83385,0.83409,0.83472,0.83409,0.83385,0.83409,0.83472,0.83409,0.83385,0.83409,0.83472,0.83409,0.83385,0.83409,0.83472,0.83409,0.83385,0.83409,0.83472,0.83409,0.83385,0.83409,0.83472,0.83409,0.83385,0.83409,0.83472,0.83409,0.83385,0.83409,0.83472,0.83409,0.83385,0.83409,0.83472,0.83409,0.83385,0.83409,0.83472,0.83409,0.83385,0.83409,0.83472,0.83409,0.83385,0.83409,0.83472,0.83409,0.83385,0.83409,0.83472,0.83409,0.83385,0.83409,0.83472,0.83409,0.83385,0.83409,0.83472,0.83409,0.83385,0.83409,0.83472,0.83409,0.83385,0.83409,0.83472,0.83409,0.83385,0.83409,0.83472,0.83409,0.83385,0.83409,0.83472,0.83409,0.83385,0.83409,0.83472,0.83409,0.83385,0.83409,0.83472,0.83409,0.83385,0.83409,0.83472,0.83409,0.83385,0.83409,0.83472,0.83409,0.83385,0.83503,0.83472,0.83213,0.83959,0.82869,0.83472,0.84588,0.81191,0.85633,0.83472,0.78778,0.94536,0.65164
0.81888,0.88195,0.76221,0.8459,0.81888,0.80455,0.83255,0.81165,0.81888,0.82164,0.81564,0.81982,0.81888,0.81826,0.81803,0.81826,0.81888,0.81826,0.81803,0.81826,0.81888,0.81826,0.81803,0.81826,0.81888,0.81826,0.81803,0.81826,0.81888,0.81826,0.81803,0.81826,0.81888,0.81826,0.81803,0.81826,0.81888,0.81826,0.81803,0.81826,0.81888,0.81826,0.81803,0.81826,0.81888,0.81826,0.81803,0.81826,0.81888,0.81826,0.81803,0.81826,0.81888,0.81826,0.81803,0.81826,0.81888,0.81826,0.81803,0.81826,0.81888,0.81826,0.81803,0.81826,0.81888,0.81826,0.81803,0.81826,0.81888,0.81826,0.81803,0.81826,0.81888,0.81826,0.81803,0.81826,0.81888,0.81826,0.81803,0.81826,0.81888,0.81826,0.81803,0.81826,0.81888,0.81826,0.81803,0.81826,0.81888,0.81826,0.81803,0.81826,0.81888,0.81826,0.81803,0.81826,0.81888,0.81826,0.81803,0.81826,0.81888,0.81826,0.81803,0.81826,0.81888,0.81826,0.81803,0.81826,0.81888,0.81826,0.81803,0.81826,0.81888,0.81826,0.81803,0.81826,0.81888,0.81826,0.81803,0.81826,0.81888,0.81826,0.81803,0.81826,0.81888,0.81826,0.81803,0.81826,0.81888,0.81826,0.81803,0.81826,0.81888,0.81826,0.81803,0.81826,0.81888,0.81826,0.81803,0.81826,0.81888,0.81826,0.81803,0.81826,0.81888,0.81826,0.81803,0.81826,0.81888,0.81826,0.81803,0.81826,0.81888,0.81826,0.81803,0.81826,0.81888,0.81826,0.81803,0.81826,0.81888,0.81826,0.81803,0.81826,0.81888,0.81826,0.81803,0.81826,0.81888,0.81826,0.81803,0.81826,0.81888,0.81826,0.81803,0.81826,0.81888,0.81826,0.81803,0.81826,0.81888,0.81826,0.81803,0.81826,0.81888,0.81826,0.81803,0.81826,0.81888,0.81826,0.81803,0.81826,0.81888,0.81826,0.81803,0.81826,0.81888,0.81826,0.81803,0.81826,0.81888,0.81826,0.81803,0.81826,0.81888,0.81826,0.81803,0.81826,0.81888,0.81826,0.81803,0.81826,0.81888,0.81826,0.81803,0.81826,0.81888,0.81826,0.81803,0.81826,0.81888,0.81826,0.81803,0.81826,0.81888,0.81826,0.81803,0.81826,0.81888,0.81826,0.81803,0.81826,0.81888,0.81826,0.81803,0.81826,0.81888,0.81826,0.81803,0.81826,0.81888,0.81826,0.81803,0.81918,0.81888,0.81634,0.82366,0.81297,0.81888,0.82983,0.7965,0.84008,0.81888,0.77283,0.92742,0.63927
0.84939,0.91482,0.79062,0.87742,0.84939,0.83453,0.86358,0.8419,0.84939,0.85226,0.84604,0.85037,0.84939,0.84875,0.84852,0.84875,0.84939,0.84875,0.84852,0.84875,0.84939,0.84875,0.84852,0.84875,0.84939,0.84875,0.84852,0.84875,0.84939,0.84875,0.84852,0.84875,0.84939,0.84875,0.84852,0.84875,0.84939,0.84875,0.84852,0.84875,0.84939,0.84875,0.84852,0.84875,0.84939,0.84875,0.84852,0.84875,0.84939,0.84875,0.84852,0.84875,0.84939,0.84875,0.84852,0.84875,0.84939,0.84875,0.84852,0.84875,0.84939,0.84875,0.84852,0.84875,0.84939,0.84875,0.84852,0.84875,0.84939,0.84875,0.84852,0.84875,0.84939,0.84875,0.84852,0.84875,0.84939,0.84875,0.84852,0.84875,0.84939,0.84875,0.84852,0.84875,0.84939,0.84875,0.84852,0.84875,0.84939,0.84875,0.84852,0.84875,0.84939,0.84875,0.84852,0.84875,0.84939,0.84875,0.84852,0.84875,0.84939,0.84875,0.84852,0.84875,0.84939,0.84875,0.84852,0.84875,0.84939,0.84875,0.84852,0.84875,0.84939,0.84875,0.84852,0.84875,0.84939,0.84875,0.84852,0.84875,0.84939,0.84875,0.84852,0.84875,0.84939,0.84875,0.84852,0.84875,0.84939,0.84875,0.84852,0.84875,0.84939,0.84875,0.84852,0.84875,0.84939,0.84875,0.84852,0.84875,0.84939,0.84875,0.84852,0.84875,0.84939,0.84875,0.84852,0.84875,0.84939,0.84875,0.84852,0.84875,0.84939,0.84875,0.84852,0.84875,0.84939,0.84875,0.84852,0.84875,0.84939,0.84875,0.84852,0.84875,0.84939,0.84875,0.84852,0.84875,0.84939,0.84875,0.84852,0.84875,0.84939,0.84875,0.84852,0.84875,0.84939,0.84875,0.84852,0.84875,0.84939,0.84875,0.84852,0.84875,0.84939,0.84875,0.84852,0.84875,0.84939,0.84875,0.84852,0.84875,0.84939,0.84875,0.84852,0.84875,0.84939,0.84875,0.84852,0.84875,0.84939,0.84875,0.84852,0.84875,0.84939,0.84875,0.84852,0.84875,0.84939,0.84875,0.84852,0.84875,0.84939,0.84875,0.84852,0.84875,0.84939,0.84875,0.84852,0.84875,0.84939,0.84875,0.84852,0.84875,0.84939,0.84875,0.84852,0.84875,0.84939,0.84875,0.84852,0.84875,0.84939,0.84875,0.84852,0.84875,0.84939,0.84875,0.84852,0.84875,0.84939,0.84875,0.84852,0.84971,0.84939,0.84676,0.85435,0.84326,0.84939,0.86076,0.82618,0.87139,0.84939,0.80163,0.96199,0.6631
0.18196,0.19598,0.16937,0.18797,0.18196,0.17878,0.185,0.18036,0.18196,0.18258,0.18124,0.18217,0.18196,0.18182,0.18177,0.18182,0.18196,0.18182,0.18177,0.18182,0.18196,0.18182,0.18177,0.18182,0.18196,0.18182,0.18177,0.18182,0.18196,0.18182,0.18177,0.18182,0.18196,0.18182,0.18177,0.18182,0.18196,0.18182,0.18177,0.18182,0.18196,0.18182,0.18177,0.18182,0.18196,0.18182,0.18177,0.18182,0.18196,0.18182,0.18177,0.18182,0.18196,0.18182,0.18177,0.18182,0.18196,0.18182,0.18177,0.18182,0.18196,0.18182,0.18177,0.18182,0.18196,0.18182,0.18177,0.18182,0.18196,0.18182,0.18177,0.18182,0.18196,0.18182,0.18177,0.18182,0.18196,0.18182,0.18177,0.18182,0.18196,0.18182,0.18177,0.18182,0.18196,0.18182,0.18177,0.18182,0.18196,0.18182,0.18177,0.18182,0.18196,0.18182,0.18177,0.18182,0.18196,0.18182,0.18177,0.18182,0.18196,0.18182,0.18177,0.18182,0.18196,0.18182,0.18177,0.18182,0.18196,0.18182,0.18177,0.18182,0.18196,0.18182,0.18177,0.18106,0.18196,0.18341,0.17714,0.18619,0.18196,0.17229,0.19951,0.16384,0.18196,0.21925,0.091639,0.3293,0.85667,0.9085,0.80979,0.87879,0.85667,0.84472,0.86774,0.85057,0.85667,0.85881,0.85381,0.8573,0.85667,0.85602,0.85578,0.85602,0.85667,0.85602,0.85578,0.85602,0.85667,0.85602,0.85578,0.85602,0.85667,0.85602,0.85578,0.85602,0.85667,0.85602,0.85578,0.85602,0.85667,0.85602,0.85578,0.85602,0.85667,0.85602,0.85578,0.85602,0.85667,0.85602,0.85578,0.85602,0.85667,0.85602,0.85578,0.85602,0.85667,0.85602,0.85578,0.85602,0.85667,0.85602,0.85578,0.85602,0.85667,0.85602,0.85578,0.85602,0.85667,0.85602,0.85578,0.85602,0.85667,0.85602,0.85578,0.85602,0.85667,0.85602,0.85578,0.85602,0.85667,0.85602,0.85578,0.85602,0.85667,0.85602,0.85578,0.85602,0.85667,0.85602,0.85578,0.85602,0.85667,0.85602,0.85578,0.85602,0.85667,0.85602,0.85578,0.85602,0.85667,0.85602,0.85578,0.85602,0.85667,0.85602,0.85578,0.85602,0.85667,0.85602,0.85578,0.85602,0.85667,0.85602,0.85578,0.85602,0.85667,0.85602,0.85578,0.85602,0.85667,0.85602,0.85578,0.85699,0.85667,0.85401,0.86167,0.85048,0.85667,0.86813,0.83326,0.87885,0.85667,0.80849,0.97022,0.66877
0.78508,0.84555,0.73075,0.81098,0.78508,0.77134,0.79819,0.77815,0.78508,0.78773,0.78198,0.78598,0.78508,0.78448,0.78426,0.78448,0.78508,0.78448,0.78426,0.78448,0.78508,0.78448,0.78426,0.78448,0.78508,0.78448,0.78426,0.78448,0.78508,0.78448,0.78426,0.78448,0.78508,0.78448,0.78426,0.78448,0.78508,0.78448,0.78426,0.78448,0.78508,0.78448,0.78426,0.78448,0.78508,0.78448,0.78426,0.78448,0.78508,0.78448,0.78426,0.78448,0.78508,0.78448,0.78426,0.78448,0.78508,0.78448,0.78426,0.78448,0.78508,0.78448,0.78426,0.78448,0.78508,0.78448,0.78426,0.78448,0.78508,0.78448,0.78426,0.78448,0.78508,0.78448,0.78426,0.78448,0.78508,0.78448,0.78426,0.78448,0.78508,0.78448,0.78426,0.78448,0.78508,0.78448,0.78426,0.78448,0.78508,0.78448,0.78426,0.78448,0.78508,0.78448,0.78426,0.78448,0.78508,0.78448,0.78426,0.78448,0.78508,0.78448,0.78426,0.78448,0.78508,0.78448,0.78426,0.78448,0.78508,0.78448,0.78426,0.78448,0.78508,0.78448,0.78426,0.78448,0.78508,0.78448,0.78426,0.78448,0.78508,0.78448,0.78426,0.78448,0.78508,0.78448,0.78426,0.78448,0.78508,0.78448,0.78426,0.78448,0.78508,0.78448,0.78426,0.78448,0.78508,0.78448,0.78426,0.78448,0.78508,0.78448,0.78426,0.78448,0.78508,0.78448,0.78426,0.78448,0.78508,0.78448,0.78426,0.78448,0.78508,0.78448,0.78426,0.78448,0.78508,0.78448,0.78426,0.78448,0.78508,0.78448,0.78426,0.78448,0.78508,0.78448,0.78426,0.78448,0.78508,0.78448,0.78426,0.78448,0.78508,0.78448,0.78426,0.78448,0.78508,0.78448,0.78426,0.78448,0.78508,0.78448,0.78426,0.78448,0.78508,0.78448,0.78426,0.78448,0.78508,0.78448,0.78426,0.78448,0.78508,0.78448,0.78426,0.78448,0.78508,0.78448,0.78426,0.78448,0.78508,0.78448,0.78426,0.78448,0.78508,0.78448,0.78426,0.78448,0.78508,0.78448,0.78426,0.78448,0.78508,0.78448,0.78426,0.78448,0.78508,0.78448,0.78426,0.78448,0.78508,0.78448,0.78426,0.78448,0.78508,0.78448,0.78426,0.78448,0.78508,0.78448,0.78426,0.78448,0.78508,0.78448,0.78426,0.78448,0.78508,0.78448,0.78426,0.78448,0.78508,0.78448,0.78426,0.78537,0.78508,0.78264,0.78966,0.77941,0.78508,0.79558,0.76362,0.80541,0.78508,0.74093,0.88914,0.61289
0.5324,0.5734,0.49555,0.54996,0.5324,0.52308,0.54129,0.5277,0.5324,0.5342,0.53029,0.53301,0.5324,0.53199,0.53185,0.53199,0.5324,0.53199,0.53185,0.53199,0.5324,0.53199,0.53185,0.53199,0.5324,0.53199,0.53185,0.53199,0.5324,0.53199,0.53185,0.53199,0.5324,0.53199,0.53185,0.53199,0.5324,0.53199,0.53185,0.53199,0.5324,0.53199,0.53185,0.53199,0.5324,0.53199,0.53185,0.53199,0.5324,0.53199,0.53185,0.53199,0.5324,0.53199,0.53185,0.53199,0.5324,0.53199,0.53185,0.53199,0.5324,0.53199,0.53185,0.53199,0.5324,0.53199,0.53185,0.53199,0.5324,0.53199,0.53185,0.53199,0.5324,0.53199,0.53185,0.53199,0.5324,0.53199,0.53185,0.53199,0.5324,0.53199,0.53185,0.53199,0.5324,0.53199,0.53185,0.53199,0.5324,0.53199,0.53185,0.53199,0.5324,0.53199,0.53185,0.53199,0.5324,0.53199,0.53185,0.53199,0.5324,0.53199,0.53185,0.53199,0.5324,0.53199,0.53185,0.53199,0.5324,0.53199,0.53185,0.53199,0.5324,0.53199,0.53185,0.53176,0.5324,0.53249,0.53039,0.53337,0.5324,0.529,0.53742,0.52634,0.5324,0.54376,0.50351,0.57835,0.7445,0.76043,0.72927,0.75109,0.7445,0.74038,0.74749,0.74222,0.7445,0.74481,0.74311,0.74434,0.7445,0.74393,0.74373,0.74393,0.7445,0.74393,0.74373,0.74393,0.7445,0.74393,0.74373,0.74393,0.7445,0.74393,0.74373,0.74393,0.7445,0.74393,0.74373,0.74393,0.7445,0.74393,0.74373,0.74393,0.7445,0.74393,0.74373,0.74393,0.7445,0.74393,0.74373,0.74393,0.7445,0.74393,0.74373,0.74393,0.7445,0.74393,0.74373,0.74393,0.7445,0.74393,0.74373,0.74393,0.7445,0.74393,0.74373,0.74393,0.7445,0.74393,0.74373,0.74393,0.7445,0.74393,0.74373,0.74393,0.7445,0.74393,0.74373,0.74393,0.7445,0.74393,0.74373,0.74393,0.7445,0.74393,0.74373,0.74393,0.7445,0.74393,0.74373,0.74393,0.7445,0.74393,0.74373,0.74393,0.7445,0.74393,0.74373,0.74393,0.7445,0.74393,0.74373,0.74393,0.7445,0.74393,0.74373,0.74393,0.7445,0.74393,0.74373,0.74393,0.7445,0.74393,0.74373,0.74393,0.7445,0.74393,0.74373,0.74393,0.7445,0.74393,0.74373,0.74478,0.7445,0.74219,0.74884,0.73912,0.7445,0.75446,0.72415,0.76378,0.7445,0.70263,0.84318,0.58121
0.78623,0.84679,0.73182,0.81217,0.78623,0.77247,0.79936,0.77929,0.78623,0.78889,0.78313,0.78713,0.78623,0.78564,0.78542,0.78564,0.78623,0.78564,0.78542,0.78564,0.78623,0.78564,0.78542,0.78564,0.78623,0.78564,0.78542,0.78564,0.78623,0.78564,0.78542,0.78564,0.78623,0.78564,0.78542,0.78564,0.78623,0.78564,0.78542,0.78564,0.78623,0.78564,0.78542,0.78564,0.78623,0.78564,0.78542,0.78564,0.78623,0.78564,0.78542,0.78564,0.78623,0.78564,0.78542,0.78564,0.78623,0.78564,0.78542,0.78564,0.78623,0.78564,0.78542,0.78564,0.78623,0.78564,0.78542,0.78564,0.78623,0.78564,0.78542,0.78564,0.78623,0.78564,0.78542,0.78564,0.78623,0.78564,0.78542,0.78564,0.78623,0.78564,0.78542,0.78564,0.78623,0.78564,0.78542,0.78564,0.78623,0.78564,0.78542,0.78564,0.78623,0.78564,0.78542,0.78564,0.78623,0.78564,0.78542,0.78564,0.78623,0.78564,0.78542,0.78564,0.78623,0.78564,0.78542,0.78564,0.78623,0.78564,0.78542,0.78564,0.78623,0.78564,0.78542,0.78577,0.78623,0.78537,0.7862,0.7849,0.78623,0.78725,0.78242,0.78867,0.78623,0.77932,0.80064,0.76073,0.67228,0.66291,0.67935,0.66792,0.67228,0.67368,0.66956,0.67269,0.67228,0.6713,0.67191,0.67155,0.67228,0.67177,0.67158,0.67177,0.67228,0.67177,0.67158,0.67177,0.67228,0.67177,0.67158,0.67177,0.67228,0.67177,0.67158,0.67177,0.67228,0.67177,0.67158,0.67177,0.67228,0.67177,0.67158,0.67177,0.67228,0.67177,0.67158,0.67177,0.67228,0.67177,0.67158,0.67177,0.67228,0.67177,0.67158,0.67177,0.67228,0.67177,0.67158,0.67177,0.67228,0.67177,0.67158,0.67177,0.67228,0.67177,0.67158,0.67177,0.67228,0.67177,0.67158,0.67177,0.67228,0.67177,0.67158,0.67177,0.67228,0.67177,0.67158,0.67177,0.67228,0.67177,0.67158,0.67177,0.67228,0.67177,0.67158,0.67177,0.67228,0.67177,0.67158,0.67177,0.67228,0.67177,0.67158,0.67177,0.67228,0.67177,0.67158,0.67177,0.67228,0.67177,0.67158,0.67177,0.67228,0.67177,0.67158,0.67177,0.67228,0.67177,0.67158,0.67177,0.67228,0.67177,0.67158,0.67177,0.67228,0.67177,0.67158,0.67177,0.67228,0.67177,0.67158,0.67253,0.67228,0.67019,0.6762,0.66742,0.67228,0.68127,0.65391,0.68969,0.67228,0.63447,0.76139,0.52483
0.82826,0.89206,0.77094,0.85559,0.82826,0.81376,0.84209,0.82095,0.82826,0.83106,0.82499,0.82921,0.82826,0.82763,0.8274,0.82763,0.82826,0.82763,0.8274,0.82763,0.82826,0.82763,0.8274,0.82763,0.82826,0.82763,0.8274,0.82763,0.82826,0.82763,0.8274,0.82763,0.82826,0.82763,0.8274,0.82763,0.82826,0.82763,0.8274,0.82763,0.82826,0.82763,0.8274,0.82763,0.82826,0.82763,0.8274,0.82763,0.82826,0.82763,0.8274,0.82763,0.82826,0.82763,0.8274,0.82763,0.82826,0.82763,0.8274,0.82763,0.82826,0.82763,0.8274,0.82763,0.82826,0.82763,0.8274,0.82763,0.82826,0.82763,0.8274,0.82763,0.82826,0.82763,0.8274,0.82763,0.82826,0.82763,0.8274,0.82763,0.82826,0.82763,0.8274,0.82763,0.82826,0.82763,0.8274,0.82763,0.82826,0.82763,0.8274,0.82763,0.82826,0.82763,0.8274,0.82763,0.82826,0.82763,0.8274,0.82763,0.82826,0.82763,0.8274,0.82763,0.82826,0.82763,0.8274,0.82763,0.82826,0.82763,0.8274,0.82763,0.82826,0.82763,0.8274,0.82829,0.82826,0.82627,0.8314,0.82388,0.82826,0.83585,0.81212,0.84313,0.82826,0.79538,0.90506,0.70057,0.24693,0.20153,0.2863,0.22712,0.24693,0.25648,0.23637,0.25144,0.24693,0.24434,0.24837,0.24564,0.24693,0.24674,0.24667,0.24674,0.24693,0.24674,0.24667,0.24674,0.24693,0.24674,0.24667,0.24674,0.24693,0.24674,0.24667,0.24674,0.24693,0.24674,0.24667,0.24674,0.24693,0.24674,0.24667,0.24674,0.24693,0.24674,0.24667,0.24674,0.24693,0.24674,0.24667,0.24674,0.24693,0.24674,0.24667,0.24674,0.24693,0.24674,0.24667,0.24674,0.24693,0.24674,0.24667,0.24674,0.24693,0.24674,0.24667,0.24674,0.24693,0.24674,0.24667,0.24674,0.24693,0.24674,0.24667,0.24674,0.24693,0.24674,0.24667,0.24674,0.24693,0.24674,0.24667,0.24674,0.24693,0.24674,0.24667,0.24674,0.24693,0.24674,0.24667,0.24674,0.24693,0.24674,0.24667,0.24674,0.24693,0.24674,0.24667,0.24674,0.24693,0.24674,0.24667,0.24674,0.24693,0.24674,0.24667,0.24674,0.24693,0.24674,0.24667,0.24674,0.24693,0.24674,0.24667,0.24674,0.24693,0.24674,0.24667,0.24674,0.24693,0.24674,0.24667,0.24702,0.24693,0.24616,0.24837,0.24515,0.24693,0.25023,0.24018,0.25332,0.24693,0.23304,0.27966,0.19277
0.75084,0.80867,0.69888,0.77561,0.75084,0.7377,0.76338,0.74421,0.75084,0.75338,0.74788,0.7517,0.75084,0.75027,0.75006,0.75027,0.75084,0.75027,0.75006,0.75027,0.75084,0.75027,0.75006,0.75027,0.75084,0.75027,0.75006,0.75027,0.75084,0.75027,0.75006,0.75027,0.75084,0.75027,0.75006,0.75027,0.75084,0.75027,0.75006,0.75027,0.75084,0.75027,0.75006,0.75027,0.75084,0.75027,0.75006,0.75027,0.75084,0.75027,0.75006,0.75027,0.75084,0.75027,0.75006,0.75027,0.75084,0.75027,0.75006,0.75027,0.75084,0.75027,0.75006,0.75027,0.75084,0.75027,0.75006,0.75027,0.75084,0.75027,0.75006,0.75027,0.75084,0.75027,0.75006,0.75027,0.75084,0.75027,0.75006,0.75027,0.75084,0.75027,0.75006,0.75027,0.75084,0.75027,0.75006,0.75027,0.75084,0.75027,0.75006,0.75027,0.75084,0.75027,0.75006,0.75027,0.75084,0.75027,0.75006,0.75027,0.75084,0.75027,0.75006,0.75027,0.75084,0.75027,0.75006,0.75027,0.75084,0.75027,0.75006,0.75027,0.75084,0.75027,0.75006,0.75048,0.75084,0.74984,0.75134,0.74907,0.75084,0.7529,0.74518,0.75522,0.75084,0.73997,0.77488,0.70967,0.56508,0.5502,0.57715,0.55838,0.56508,0.56776,0.5612,0.56615,0.56508,0.56388,0.56503,0.5643,0.56508,0.56465,0.56449,0.56465,0.56508,0.56465,0.56449,0.56465,0.56508,0.56465,0.56449,0.56465,0.56508,0.56465,0.56449,0.56465,0.56508,0.56465,0.56449,0.56465,0.56508,0.56465,0.56449,0.56465,0.56508,0.56465,0.56449,0.56465,0.56508,0.56465,0.56449,0.56465,0.56508,0.56465,0.56449,0.56465,0.56508,0.56465,0.56449,0.56465,0.56508,0.56465,0.56449,0.56465,0.56508,0.56465,0.56449,0.56465,0.56508,0.56465,0.56449,0.56465,0.56508,0.56465,0.56449,0.56465,0.56508,0.56465,0.56449,0.56465,0.56508,0.56465,0.56449,0.56465,0.56508,0.56465,0.56449,0.56465,0.56508,0.56465,0.56449,0.56465,0.56508,0.56465,0.56449,0.56465,0.56508,0.56465,0.56449,0.56465,0.56508,0.56465,0.56449,0.56465,0.56508,0.56465,0.56449,0.56465,0.56508,0.56465,0.56449,0.56465,0.56508,0.56465,0.56449,0.56465,0.56508,0.56465,0.56449,0.56465,0.56508,0.56465,0.56449,0.56529,0.56508,0.56332,0.56837,0.561,0.56508,0.57264,0.54964,0.57971,0.56508,0.5333,0.63998,0.44114
0.84543,0.91054,0.78692,0.87332,0.84543,0.83063,0.85954,0.83796,0.84543,0.84828,0.84209,0.84639,0.84543,0.84479,0.84455,0.84479,0.84543,0.84479,0.84455,0.84479,0.84543,0.84479,0.84455,0.84479,0.84543,0.84479,0.84455,0.84479,0.84543,0.84479,0.84455,0.84479,0.84543,0.84479,0.84455,0.84479,0.84543,0.84479,0.84455,0.84479,0.84543,0.84479,0.84455,0.84479,0.84543,0.84479,0.84455,0.84479,0.84543,0.84479,0.84455,0.84479,0.84543,0.84479,0.84455,0.84479,0.84543,0.84479,0.84455,0.84479,0.84543,0.84479,0.84455,0.84479,0.84543,0.84479,0.84455,0.84479,0.84543,0.84479,0.84455,0.84479,0.84543,0.84479,0.84455,0.84479,0.84543,0.84479,0.84455,0.84479,0.84543,0.84479,0.84455,0.84479,0.84543,0.84479,0.84455,0.84479,0.84543,0.84479,0.84455,0.84479,0.84543,0.84479,0.84455,0.84479,0.84543,0.84479,0.84455,0.84479,0.84543,0.84479,0.84455,0.84479,0.84543,0.84479,0.84455,0.84479,0.84543,0.84479,0.84455,0.84479,0.84543,0.84479,0.84455,0.84518,0.84543,0.84398,0.84691,0.84256,0.84543,0.84965,0.83551,0.85395,0.84543,0.8257,0.89051,0.7696,0.50142,0.47429,0.52435,0.48943,0.50142,0.5068,0.4948,0.50382,0.50142,0.49962,0.50191,0.50039,0.50142,0.50104,0.5009,0.50104,0.50142,0.50104,0.5009,0.50104,0.50142,0.50104,0.5009,0.50104,0.50142,0.50104,0.5009,0.50104,0.50142,0.50104,0.5009,0.50104,0.50142,0.50104,0.5009,0.50104,0.50142,0.50104,0.5009,0.50104,0.50142,0.50104,0.5009,0.50104,0.50142,0.50104,0.5009,0.50104,0.50142,0.50104,0.5009,0.50104,0.50142,0.50104,0.5009,0.50104,0.50142,0.50104,0.5009,0.50104,0.50142,0.50104,0.5009,0.50104,0.50142,0.50104,0.5009,0.50104,0.50142,0.50104,0.5009,0.50104,0.50142,0.50104,0.5009,0.50104,0.50142,0.50104,0.5009,0.50104,0.50142,0.50104,0.5009,0.50104,0.50142,0.50104,0.5009,0.50104,0.50142,0.50104,0.5009,0.50104,0.50142,0.50104,0.5009,0.50104,0.50142,0.50104,0.5009,0.50104,0.50142,0.50104,0.5009,0.50104,0.50142,0.50104,0.5009,0.50104,0.50142,0.50104,0.5009,0.50104,0.50142,0.50104,0.5009,0.50161,0.50142,0.49987,0.50435,0.4978,0.50142,0.50813,0.48772,0.51441,0.50142,0.47323,0.56789,0.39145
0.62132,0.66918,0.57833,0.64182,0.62132,0.61045,0.6317,0.61584,0.62132,0.62342,0.61887,0.62203,0.62132,0.62085,0.62068,0.62085,0.62132,0.62085,0.62068,0.62085,0.62132,0.62085,0.62068,0.62085,0.62132,0.62085,0.62068,0.62085,0.62132,0.62085,0.62068,0.62085,0.62132,0.62085,0.62068,0.62085,0.62132,0.62085,0.62068,0.62085,0.62132,0.62085,0.62068,0.62085,0.62132,0.62085,0.62068,0.62085,0.62132,0.62085,0.62068,0.62085,0.62132,0.62085,0.62068,0.62085,0.62132,0.62085,0.62068,0.62085,0.62132,0.62085,0.62068,0.62085,0.62132,0.62085,0.62068,0.62085,0.62132,0.62085,0.62068,0.62085,0.62132,0.62085,0.62068,0.62085,0.62132,0.62085,0.62068,0.62085,0.62132,0.62085,0.62068,0.62085,0.62132,0.62085,0.62068,0.62085,0.62132,0.62085,0.62068,0.62085,0.62132,0.62085,0.62068,0.62085,0.62132,0.62085,0.62068,0.62085,0.62132,0.62085,0.62068,0.62085,0.62132,0.62085,0.62068,0.62085,0.62132,0.62085,0.62068,0.62085,0.62132,0.62085,0.62068,0.6206,0.62132,0.62137,0.61915,0.62228,0.62132,0.61772,0.62651,0.61494,0.62132,0.63315,0.59107,0.6693,0.84297,0.85957,0.82699,0.84981,0.84297,0.83862,0.84603,0.84054,0.84297,0.84325,0.84145,0.84275,0.84297,0.84233,0.8421,0.84233,0.84297,0.84233,0.8421,0.84233,0.84297,0.84233,0.8421,0.84233,0.84297,0.84233,0.8421,0.84233,0.84297,0.84233,0.8421,0.84233,0.84297,0.84233,0.8421,0.84233,0.84297,0.84233,0.8421,0.84233,0.84297,0.84233,0.8421,0.84233,0.84297,0.84233,0.8421,0.84233,0.84297,0.84233,0.8421,0.84233,0.84297,0.84233,0.8421,0.84233,0.84297,0.84233,0.8421,0.84233,0.84297,0.84233,0.8421,0.84233,0.84297,0.84233,0.8421,0.84233,0.84297,0.84233,0.8421,0.84233,0.84297,0.84233,0.8421,0.84233,0.84297,0.84233,0.8421,0.84233,0.84297,0.84233,0.8421,0.84233,0.84297,0.84233,0.8421,0.84233,0.84297,0.84233,0.8421,0.84233,0.84297,0.84233,0.8421,0.84233,0.84297,0.84233,0.8421,0.84233,0.84297,0.84233,0.8421,0.84233,0.84297,0.84233,0.8421,0.84233,0.84297,0.84233,0.8421,0.84233,0.84297,0.84233,0.8421,0.84328,0.84297,0.84035,0.84789,0.83688,0.84297,0.85424,0.81993,0.8648,0.84297,0.79557,0.95471,0.65808
0.8532,0.91891,0.79416,0.88135,0.8532,0.83827,0.86744,0.84567,0.8532,0.85608,0.84983,0.85417,0.8532,0.85255,0.85232,0.85255,0.8532,0.85255,0.85232,0.85255,0.8532,0.85255,0.85232,0.85255,0.8532,0.85255,0.85232,0.85255,0.8532,0.85255,0.85232,0.85255,0.8532,0.85255,0.85232,0.85255,0.8532,0.85255,0.85232,0.85255,0.8532,0.85255,0.85232,0.85255,0.8532,0.85255,0.85232,0.85255,0.8532,0.85255,0.85232,0.85255,0.8532,0.85255,0.85232,0.85255,0.8532,0.85255,0.85232,0.85255,0.8532,0.85255,0.85232,0.85255,0.8532,0.85255,0.85232,0.85255,0.8532,0.85255,0.85232,0.85255,0.8532,0.85255,0.85232,0.85255,0.8532,0.85255,0.85232,0.85255,0.8532,0.85255,0.85232,0.85255,0.8532,0.85255,0.85232,0.85255,0.8532,0.85255,0.85232,0.85255,0.8532,0.85255,0.85232,0.85255,0.8532,0.85255,0.85232,0.85255,0.8532,0.85255,0.85232,0.85255,0.8532,0.85255,0.85232,0.85255,0.8532,0.85255,0.85232,0.85255,0.8532,0.85255,0.85232,0.85255,0.8532,0.85255,0.85232,0.85255,0.8532,0.85255,0.85232,0.85255,0.8532,0.85255,0.85232,0.85255,0.8532,0.85255,0.85232,0.85255,0.8532,0.85255,0.85232,0.85255,0.8532,0.85255,0.85232,0.85255,0.8532,0.85255,0.85232,0.85255,0.8532,0.85255,0.85232,0.85255,0.8532,0.85255,0.85232,0.85255,0.8532,0.85255,0.85232,0.85255,0.8532,0.85255,0.85232,0.85255,0.8532,0.85255,0.85232,0.85255,0.8532,0.85255,0.85232,0.85255,0.8532,0.85255,0.85232,0.85255,0.8532,0.85255,0.85232,0.85255,0.8532,0.85255,0.85232,0.85255,0.8532,0.85255,0.85232,0.85255,0.8532,0.85255,0.85232,0.85255,0.8532,0.85255,0.85232,0.85255,0.8532,0.85255,0.85232,0.85255,0.8532,0.85255,0.85232,0.85255,0.8532,0.85255,0.85232,0.85255,0.8532,0.85255,0.85232,0.85255,0.8532,0.85255,0.85232,0.85255,0.8532,0.85255,0.85232,0.85255,0.8532,0.85255,0.85232,0.85255,0.8532,0.85255,0.85232,0.85255,0.8532,0.85255,0.85232,0.85255,0.8532,0.85255,0.85232,0.85255,0.8532,0.85255,0.85232,0.85255,0.8532,0.85255,0.85232,0.85255,0.8532,0.85255,0.85232,0.85352,0.8532,0.85055,0.85818,0.84704,0.8532,0.86461,0.82988,0.87529,0.8532,0.80522,0.96629,0.66607
0.28784,0.31002,0.26793,0.29734,0.28784,0.28281,0.29265,0.2853,0.28784,0.28882,0.28671,0.28817,0.28784,0.28763,0.28755,0.28763,0.28784,0.28763,0.28755,0.28763,0.28784,0.28763,0.28755,0.28763,0.28784,0.28763,0.28755,0.28763,0.28784,0.28763,0.28755,0.28763,0.28784,0.28763,0.28755,0.28763,0.28784,0.28763,0.28755,0.28763,0.28784,0.28763,0.28755,0.28763,0.28784,0.28763,0.28755,0.28763,0.28784,0.28763,0.28755,0.28763,0.28784,0.28763,0.28755,0.28763,0.28784,0.28763,0.28755,0.28763,0.28784,0.28763,0.28755,0.28763,0.28784,0.28763,0.28755,0.28763,0.28784,0.28763,0.28755,0.28763,0.28784,0.28763,0.28755,0.28763,0.28784,0.28763,0.28755,0.28763,0.28784,0.28763,0.28755,0.28763,0.28784,0.28763,0.28755,0.28763,0.28784,0.28763,0.28755,0.28763,0.28784,0.28763,0.28755,0.28763,0.28784,0.28763,0.28755,0.28763,0.28784,0.28763,0.28755,0.28763,0.28784,0.28763,0.28755,0.28763,0.28784,0.28763,0.28755,0.28763,0.28784,0.28763,0.28755,0.28705,0.28784,0.28884,0.28401,0.29095,0.28784,0.28035,0.30108,0.27391,0.28784,0.31617,0.2188,0.4001,0.80242,0.84184,0.76652,0.81918,0.80242,0.7932,0.81072,0.79766,0.80242,0.80394,0.80009,0.8028,0.80242,0.80182,0.80159,0.80182,0.80242,0.80182,0.80159,0.80182,0.80242,0.80182,0.80159,0.80182,0.80242,0.80182,0.80159,0.80182,0.80242,0.80182,0.80159,0.80182,0.80242,0.80182,0.80159,0.80182,0.80242,0.80182,0.80159,0.80182,0.80242,0.80182,0.80159,0.80182,0.80242,0.80182,0.80159,0.80182,0.80242,0.80182,0.80159,0.80182,0.80242,0.80182,0.80159,0.80182,0.80242,0.80182,0.80159,0.80182,0.80242,0.80182,0.80159,0.80182,0.80242,0.80182,0.80159,0.80182,0.80242,0.80182,0.80159,0.80182,0.80242,0.80182,0.80159,0.80182,0.80242,0.80182,0.80159,0.80182,0.80242,0.80182,0.80159,0.80182,0.80242,0.80182,0.80159,0.80182,0.80242,0.80182,0.80159,0.80182,0.80242,0.80182,0.80159,0.80182,0.80242,0.80182,0.80159,0.80182,0.80242,0.80182,0.80159,0.80182,0.80242,0.80182,0.80159,0.80182,0.80242,0.80182,0.80159,0.80182,0.80242,0.80182,0.80159,0.80272,0.80242,0.79993,0.80711,0.79663,0.80242,0.81316,0.7805,0.8232,0.80242,0.7573,0.90879,0.62643
0.86557,0.93224,0.80567,0.89413,0.86557,0.85042,0.88002,0.85793,0.86557,0.86849,0.86215,0.86656,0.86557,0.86491,0.86467,0.86491,0.86557,0.86491,0.86467,0.86491,0.86557,0.86491,0.86467,0.86491,0.86557,0.86491,0.86467,0.86491,0.86557,0.86491,0.86467,0.86491,0.86557,0.86491,0.86467,0.86491,0.86557,0.86491,0.86467,0.86491,0.86557,0.86491,0.86467,0.86491,0.86557,0.86491,0.86467,0.86491,0.86557,0.86491,0.86467,0.86491,0.86557,0.86491,0.86467,0.86491,0.86557,0.86491,0.86467,0.86491,0.86557,0.86491,0.86467,0.86491,0.86557,0.86491,0.86467,0.86491,0.86557,0.86491,0.86467,0.86491,0.86557,0.86491,0.86467,0.86491,0.86557,0.86491,0.86467,0.86491,0.86557,0.86491,0.86467,0.86491,0.86557,0.86491,0.86467,0.86491,0.86557,0.86491,0.86467,0.86491,0.86557,0.86491,0.86467,0.86491,0.86557,0.86491,0.86467,0.86491,0.86557,0.86491,0.86467,0.86491,0.86557,0.86491,0.86467,0.86491,0.86557,0.86491,0.86467,0.86491,0.86557,0.86491,0.86467,0.86518,0.86557,0.86436,0.86628,0.8634,0.86557,0.86822,0.85851,0.87116,0.86557,0.85192,0.89597,0.81371,0.63131,0.61261,0.64662,0.62292,0.63131,0.63475,0.6265,0.63272,0.63131,0.62986,0.63134,0.63039,0.63131,0.63083,0.63065,0.63083,0.63131,0.63083,0.63065,0.63083,0.63131,0.63083,0.63065,0.63083,0.63131,0.63083,0.63065,0.63083,0.63131,0.63083,0.63065,0.63083,0.63131,0.63083,0.63065,0.63083,0.63131,0.63083,0.63065,0.63083,0.63131,0.63083,0.63065,0.63083,0.63131,0.63083,0.63065,0.63083,0.63131,0.63083,0.63065,0.63083,0.63131,0.63083,0.63065,0.63083,0.63131,0.63083,0.63065,0.63083,0.63131,0.63083,0.63065,0.63083,0.63131,0.63083,0.63065,0.63083,0.63131,0.63083,0.63065,0.63083,0.63131,0.63083,0.63065,0.63083,0.63131,0.63083,0.63065,0.63083,0.63131,0.63083,0.63065,0.63083,0.63131,0.63083,0.63065,0.63083,0.63131,0.63083,0.63065,0.63083,0.63131,0.63083,0.63065,0.63083,0.63131,0.63083,0.63065,0.63083,0.63131,0.63083,0.63065,0.63083,0.63131,0.63083,0.63065,0.63083,0.63131,0.63083,0.63065,0.63083,0.63131,0.63083,0.63065,0.63154,0.63131,0.62935,0.63499,0.62675,0.63131,0.63975,0.61406,0.64766,0.63131,0.59581,0.71499,0.49284
0.8384,0.90298,0.78038,0.86606,0.8384,0.82373,0.8524,0.831,0.8384,0.84123,0.83509,0.83936,0.8384,0.83777,0.83753,0.83777,0.8384,0.83777,0.83753,0.83777,0.8384,0.83777,0.83753,0.83777,0.8384,0.83777,0.83753,0.83777,0.8384,0.83777,0.83753,0.83777,0.8384,0.83777,0.83753,0.83777,0.8384,0.83777,0.83753,0.83777,0.8384,0.83777,0.83753,0.83777,0.8384,0.83777,0.83753,0.83777,0.8384,0.83777,0.83753,0.83777,0.8384,0.83777,0.83753,0.83777,0.8384,0.83777,0.83753,0.83777,0.8384,0.83777,0.83753,0.83777,0.8384,0.83777,0.83753,0.83777,0.8384,0.83777,0.83753,0.83777,0.8384,0.83777,0.83753,0.83777,0.8384,0.83777,0.83753,0.83777,0.8384,0.83777,0.83753,0.83777,0.8384,0.83777,0.83753,0.83777,0.8384,0.83777,0.83753,0.83777,0.8384,0.83777,0.83753,0.83777,0.8384,0.83777,0.83753,0.83777,0.8384,0.83777,0.83753,0.83777,0.8384,0.83777,0.83753,0.83777,0.8384,0.83777,0.83753,0.83777,0.8384,0.83777,0.83753,0.83796,0.8384,0.83737,0.83871,0.83666,0.8384,0.84018,0.83304,0.84232,0.8384,0.82829,0.86034,0.80044,0.66764,0.65386,0.67859,0.66138,0.66764,0.67,0.66392,0.66852,0.66764,0.66643,0.66745,0.66681,0.66764,0.66714,0.66695,0.66714,0.66764,0.66714,0.66695,0.66714,0.66764,0.66714,0.66695,0.66714,0.66764,0.66714,0.66695,0.66714,0.66764,0.66714,0.66695,0.66714,0.66764,0.66714,0.66695,0.66714,0.66764,0.66714,0.66695,0.66714,0.66764,0.66714,0.66695,0.66714,0.66764,0.66714,0.66695,0.66714,0.66764,0.66714,0.66695,0.66714,0.66764,0.66714,0.66695,0.66714,0.66764,0.66714,0.66695,0.66714,0.66764,0.66714,0.66695,0.66714,0.66764,0.66714,0.66695,0.66714,0.66764,0.66714,0.66695,0.66714,0.66764,0.66714,0.66695,0.66714,0.66764,0.66714,0.66695,0.66714,0.66764,0.66714,0.66695,0.66714,0.66764,0.66714,0.66695,0.66714,0.66764,0.66714,0.66695,0.66714,0.66764,0.66714,0.66695,0.66714,0.66764,0.66714,0.66695,0.66714,0.66764,0.66714,0.66695,0.66714,0.66764,0.66714,0.66695,0.66714,0.66764,0.66714,0.66695,0.66714,0.66764,0.66714,0.66695,0.66789,0.66764,0.66557,0.67154,0.66282,0.66764,0.67657,0.6494,0.68493,0.66764,0.6301,0.75614,0.52121
0.59626,0.64583,0.54636,0.63046,0.66513,0.66115,0.66827,0.66392,0.66164,0.65687,0.67344,0.64071,0.56672,0.55955,0.57158,0.56422,0.56913,0.5695,0.56867,0.56731,0.56586,0.56794,0.55836,0.57691,0.61698,0.61927,0.61592,0.61286,0.5901,0.58571,0.59443,0.58526,0.57941,0.58035,0.5753,0.58474,0.60562,0.60711,0.6036,0.60477,0.59529,0.59156,0.60043,0.58772,0.57295,0.57456,0.56564,0.58349,0.61499,0.61306,0.62274,0.59864,0.54628,0.54484,0.53927,0.56209,0.62782,0.63273,0.6259,0.62123,0.58391,0.57823,0.58839,0.57951,0.56866,0.5646,0.57558,0.55871,0.54413,0.55059,0.52486,0.57495,0.68282,0.68994,0.68113,0.67135,0.60108,0.58752,0.61854,0.58122,0.53684,0.53636,0.53159,0.54691,0.59076,0.59536,0.58515,0.5931,0.59274,0.59086,0.59374,0.59204,0.6016,0.6056,0.59212,0.6145,0.65787,0.66026,0.65738,0.65138,0.61241,0.60312,0.62631,0.59241,0.52895,0.52159,0.53589,0.52338,0.52866,0.53521,0.51303,0.55114,0.62834,0.6342,0.62378,0.62699,0.61199,0.60969,0.61199,0.61258,0.61373,0.60982,0.62223,0.59854,0.55223,0.5504,0.54768,0.56299,0.61023,0.614,0.6077,0.60778,0.59564,0.5955,0.59153,0.60134,0.61326,0.60756,0.62752,0.58779,0.50536,0.50091,0.50137,0.51866,0.57887,0.583,0.57793,0.57303,0.55305,0.55554,0.54065,0.57459,0.65251,0.65658,0.65402,0.6391,0.56973,0.55799,0.5837,0.55526,0.53099,0.53342,0.52195,0.54445,0.58963,0.59092,0.5919,0.57955,0.53709,0.53203,0.53962,0.53785,0.55957,0.56502,0.54933,0.57105,0.60101,0.59991,0.6055,0.591,0.56317,0.56424,0.55413,0.57903,0.63527,0.6368,0.63909,0.62197,0.57115,0.56776,0.56835,0.58068,0.62687,0.63086,0.6242,0.62392,0.60466,0.60165,0.6062,0.6028,0.59685,0.59299,0.60425,0.58398,0.5452,0.54324,0.54259,0.55107,0.5753,0.57506,0.57869,0.56514,0.52562,0.52121,0.52744,0.52695,0.54966,0.55524,0.53911,0.56206,0.59847,0.59939,0.59946,0.59222,0.56591,0.5623,0.56815,0.56427,0.56637,0.56643,0.56564,0.56561,0.56585,0.56649,0.56245,0.56972,0.58249,0.58178,0.58415,0.57805,0.56844,0.56978,0.56175,0.57992,0.62139,0.62341,0.62246,0.61577,0.6013,0.60432,0.59299,0.60688,0.5652,0.53116,0.64207,0.44028
0.80298,0.86483,0.74741,0.82947,0.80298,0.78892,0.81638,0.79589,0.80298,0.80569,0.79981,0.8039,0.80298,0.80237,0.80215,0.80237,0.80298,0.80237,0.80215,0.80237,0.80298,0.80237,0.80215,0.80237,0.80298,0.80237,0.80215,0.80237,0.80298,0.80237,0.80215,0.80237,0.80298,0.80237,0.80215,0.80237,0.80298,0.80237,0.80215,0.80237,0.80298,0.80237,0.80215,0.80237,0.80298,0.80237,0.80215,0.80237,0.80298,0.80237,0.80215,0.80237,0.80298,0.80237,0.80215,0.80237,0.80298,0.80237,0.80215,0.80237,0.80298,0.80237,0.80215,0.80237,0.80298,0.80237,0.80215,0.80237,0.80298,0.80237,0.80215,0.80237,0.80298,0.80237,0.80215,0.80237,0.80298,0.80237,0.80215,0.80237,0.80298,0.80237,0.80215,0.80237,0.80298,0.80237,0.80215,0.80237,0.80298,0.80237,0.80215,0.80237,0.80298,0.80237,0.80215,0.80237,0.80298,0.80237,0.80215,0.80237,0.80298,0.80237,0.80215,0.80237,0.80298,0.80237,0.80215,0.80237,0.80298,0.80237,0.80215,0.80237,0.80298,0.80237,0.80215,0.80237,0.80298,0.80237,0.80215,0.80237,0.80298,0.80237,0.80215,0.80237,0.80298,0.80237,0.80215,0.80237,0.80298,0.80237,0.80215,0.80237,0.80298,0.80237,0.80215,0.80237,0.80298,0.80237,0.80215,0.80237,0.80298,0.80237,0.80215,0.80237,0.80298,0.80237,0.80215,0.80237,0.80298,0.80237,0.80215,0.80237,0.80298,0.80237,0.80215,0.80237,0.80298,0.80237,0.80215,0.80237,0.80298,0.80237,0.80215,0.80237,0.80298,0.80237,0.80215,0.80237,0.80298,0.80237,0.80215,0.80237,0.80298,0.80237,0.80215,0.80237,0.80298,0.80237,0.80215,0.80237,0.80298,0.80237,0.80215,0.80237,0.80298,0.80237,0.80215,0.80237,0.80298,0.80237,0.80215,0.80237,0.80298,0.80237,0.80215,0.80237,0.80298,0.80237,0.80215,0.80237,0.80298,0.80237,0.80215,0.80237,0.80298,0.80237,0.80215,0.80237,0.80298,0.80237,0.80215,0.80237,0.80298,0.80237,0.80215,0.80237,0.80298,0.80237,0.80215,0.80237,0.80298,0.80237,0.80215,0.80237,0.80298,0.80237,0.80215,0.80237,0.80298,0.80237,0.80215,0.80237,0.80298,0.80237,0.80215,0.80237,0.80298,0.80237,0.80215,0.80237,0.80298,0.80237,0.80215,0.80328,0.80298,0.80048,0.80766,0.79718,0.80298,0.81372,0.78103,0.82377,0.80298,0.75782,0.90942,0.62686
0.1046,0.11266,0.097363,0.10805,0.1046,0.10277,0.10635,0.10368,0.1046,0.10495,0.10419,0.10472,0.1046,0.10452,0.10449,0.10452,0.1046,0.10452,0.10449,0.10452,0.1046,0.10452,0.10449,0.10452,0.1046,0.10452,0.10449,0.10452,0.1046,0.10452,0.10449,0.10452,0.1046,0.10452,0.10449,0.10452,0.1046,0.10452,0.10449,0.10452,0.1046,0.10452,0.10449,0.10452,0.1046,0.10452,0.10449,0.10452,0.1046,0.10452,0.10449,0.10452,0.1046,0.10452,0.10449,0.10452,0.1046,0.10452,0.10449,0.10452,0.1046,0.10452,0.10449,0.10452,0.1046,0.10452,0.10449,0.10452,0.1046,0.10452,0.10449,0.10452,0.1046,0.10452,0.10449,0.10452,0.1046,0.10452,0.10449,0.10452,0.1046,0.10452,0.10449,0.10452,0.1046,0.10452,0.10449,0.10452,0.1046,0.10452,0.10449,0.10452,0.1046,0.10452,0.10449,0.10452,0.1046,0.10452,0.10449,0.10452,0.1046,0.10452,0.10449,0.10452,0.1046,0.10452,0.10449,0.10452,0.1046,0.10452,0.10449,0.10452,0.1046,0.10452,0.10449,0.10362,0.1046,0.1064,0.099015,0.10968,0.1046,0.093255,0.12545,0.083276,0.1046,0.14875,-0.0020118,0.27878,0.90185,0.96318,0.84657,0.92808,0.90185,0.88782,0.91506,0.89473,0.90185,0.90447,0.8986,0.90269,0.90185,0.90117,0.90092,0.90117,0.90185,0.90117,0.90092,0.90117,0.90185,0.90117,0.90092,0.90117,0.90185,0.90117,0.90092,0.90117,0.90185,0.90117,0.90092,0.90117,0.90185,0.90117,0.90092,0.90117,0.90185,0.90117,0.90092,0.90117,0.90185,0.90117,0.90092,0.90117,0.90185,0.90117,0.90092,0.90117,0.90185,0.90117,0.90092,0.90117,0.90185,0.90117,0.90092,0.90117,0.90185,0.90117,0.90092,0.90117,0.90185,0.90117,0.90092,0.90117,0.90185,0.90117,0.90092,0.90117,0.90185,0.90117,0.90092,0.90117,0.90185,0.90117,0.90092,0.90117,0.90185,0.90117,0.90092,0.90117,0.90185,0.90117,0.90092,0.90117,0.90185,0.90117,0.90092,0.90117,0.90185,0.90117,0.90092,0.90117,0.90185,0.90117,0.90092,0.90117,0.90185,0.90117,0.90092,0.90117,0.90185,0.90117,0.90092,0.90117,0.90185,0.90117,0.90092,0.90117,0.90185,0.90117,0.90092,0.90117,0.90185,0.90117,0.90092,0.90219,0.90185,0.89905,0.90712,0.89534,0.90185,0.91392,0.87721,0.92521,0.90185,0.85114,1.0214,0.70405
0.80218,0.86397,0.74667,0.82865,0.80218,0.78815,0.81558,0.7951,0.80218,0.8049,0.79902,0.8031,0.80218,0.80158,0.80136,0.80158,0.80218,0.80158,0.80136,0.80158,0.80218,0.80158,0.80136,0.80158,0.80218,0.80158,0.80136,0.80158,0.80218,0.80158,0.80136,0.80158,0.80218,0.80158,0.80136,0.80158,0.80218,0.80158,0.80136,0.80158,0.80218,0.80158,0.80136,0.80158,0.80218,0.80158,0.80136,0.80158,0.80218,0.80158,0.80136,0.80158,0.80218,0.80158,0.80136,0.80158,0.80218,0.80158,0.80136,0.80158,0.80218,0.80158,0.80136,0.80158,0.80218,0.80158,0.80136,0.80158,0.80218,0.80158,0.80136,0.80158,0.80218,0.80158,0.80136,0.80158,0.80218,0.80158,0.80136,0.80158,0.80218,0.80158,0.80136,0.80158,0.80218,0.80158,0.80136,0.80158,0.80218,0.80158,0.80136,0.80158,0.80218,0.80158,0.80136,0.80158,0.80218,0.80158,0.80136,0.80158,0.80218,0.80158,0.80136,0.80158,0.80218,0.80158,0.80136,0.80158,0.80218,0.80158,0.80136,0.80158,0.80218,0.80158,0.80136,0.80158,0.80218,0.80158,0.80136,0.80158,0.80218,0.80158,0.80136,0.80158,0.80218,0.80158,0.80136,0.80158,0.80218,0.80158,0.80136,0.80158,0.80218,0.80158,0.80136,0.80158,0.80218,0.80158,0.80136,0.80158,0.80218,0.80158,0.80136,0.80158,0.80218,0.80158,0.80136,0.80158,0.80218,0.80158,0.80136,0.80158,0.80218,0.80158,0.80136,0.80158,0.80218,0.80158,0.80136,0.80158,0.80218,0.80158,0.80136,0.80158,0.80218,0.80158,0.80136,0.80158,0.80218,0.80158,0.80136,0.80158,0.80218,0.80158,0.80136,0.80158,0.80218,0.80158,0.80136,0.80158,0.80218,0.80158,0.80136,0.80158,0.80218,0.80158,0.80136,0.80158,0.80218,0.80158,0.80136,0.80158,0.80218,0.80158,0.80136,0.80158,0.80218,0.80158,0.80136,0.80158,0.80218,0.80158,0.80136,0.80158,0.80218,0.80158,0.80136,0.80158,0.80218,0.80158,0.80136,0.80158,0.80218,0.80158,0.80136,0.80158,0.80218,0.80158,0.80136,0.80158,0.80218,0.80158,0.80136,0.80158,0.80218,0.80158,0.80136,0.80158,0.80218,0.80158,0.80136,0.80158,0.80218,0.80158,0.80136,0.80158,0.80218,0.80158,0.80136,0.80158,0.80218,0.80158,0.80136,0.80249,0.80218,0.79969,0.80687,0.79639,0.80218,0.81292,0.78026,0.82296,0.80218,0.75708,0.90852,0.62624
0.1203,0.12957,0.11198,0.12427,0.1203,0.1182,0.12231,0.11924,0.1203,0.12071,0.11983,0.12044,0.1203,0.12021,0.12018,0.12021,0.1203,0.12021,0.12018,0.12021,0.1203,0.12021,0.12018,0.12021,0.1203,0.12021,0.12018,0.12021,0.1203,0.12021,0.12018,0.12021,0.1203,0.12021,0.12018,0.12021,0.1203,0.12021,0.12018,0.12021,0.1203,0.12021,0.12018,0.12021,0.1203,0.12021,0.12018,0.12021,0.1203,0.12021,0.12018,0.12021,0.1203,0.12021,0.12018,0.12021,0.1203,0.12021,0.12018,0.12021,0.1203,0.12021,0.12018,0.12021,0.1203,0.12021,0.12018,0.12021,0.1203,0.12021,0.12018,0.12021,0.1203,0.12021,0.12018,0.12021,0.1203,0.12021,0.12018,0.12021,0.1203,0.12021,0.12018,0.12021,0.1203,0.12021,0.12018,0.12021,0.1203,0.12021,0.12018,0.12021,0.1203,0.12021,0.12018,0.12021,0.1203,0.12021,0.12018,0.12021,0.1203,0.12021,0.12018,0.12021,0.1203,0.12021,0.12018,0.12021,0.1203,0.12021,0.12018,0.12021,0.1203,0.12021,0.12018,0.11933,0.1203,0.12205,0.1148,0.12527,0.1203,0.10914,0.14077,0.099339,0.1203,0.16366,0.015552,0.29139,0.90348,0.96371,0.84916,0.92923,0.90348,0.88968,0.91643,0.89647,0.90348,0.90603,0.90026,0.90428,0.90348,0.90279,0.90254,0.90279,0.90348,0.90279,0.90254,0.90279,0.90348,0.90279,0.90254,0.90279,0.90348,0.90279,0.90254,0.90279,0.90348,0.90279,0.90254,0.90279,0.90348,0.90279,0.90254,0.90279,0.90348,0.90279,0.90254,0.90279,0.90348,0.90279,0.90254,0.90279,0.90348,0.90279,0.90254,0.90279,0.90348,0.90279,0.90254,0.90279,0.90348,0.90279,0.90254,0.90279,0.90348,0.90279,0.90254,0.90279,0.90348,0.90279,0.90254,0.90279,0.90348,0.90279,0.90254,0.90279,0.90348,0.90279,0.90254,0.90279,0.90348,0.90279,0.90254,0.90279,0.90348,0.90279,0.90254,0.90279,0.90348,0.90279,0.90254,0.90279,0.90348,0.90279,0.90254,0.90279,0.90348,0.90279,0.90254,0.90279,0.90348,0.90279,0.90254,0.90279,0.90348,0.90279,0.90254,0.90279,0.90348,0.90279,0.90254,0.90279,0.90348,0.90279,0.90254,0.90279,0.90348,0.90279,0.90254,0.90279,0.90348,0.90279,0.90254,0.90381,0.90348,0.90067,0.90875,0.89695,0.90348,0.91556,0.87879,0.92687,0.90348,0.85267,1.0232,0.70532
0.77135,0.83076,0.71797,0.7968,0.77135,0.75785,0.78423,0.76454,0.77135,0.77396,0.76831,0.77224,0.77135,0.77077,0.77055,0.77077,0.77135,0.77077,0.77055,0.77077,0.77135,0.77077,0.77055,0.77077,0.77135,0.77077,0.77055,0.77077,0.77135,0.77077,0.77055,0.77077,0.77135,0.77077,0.77055,0.77077,0.77135,0.77077,0.77055,0.77077,0.77135,0.77077,0.77055,0.77077,0.77135,0.77077,0.77055,0.77077,0.77135,0.77077,0.77055,0.77077,0.77135,0.77077,0.77055,0.77077,0.77135,0.77077,0.77055,0.77077,0.77135,0.77077,0.77055,0.77077,0.77135,0.77077,0.77055,0.77077,0.77135,0.77077,0.77055,0.77077,0.77135,0.77077,0.77055,0.77077,0.77135,0.77077,0.77055,0.77077,0.77135,0.77077,0.77055,0.77077,0.77135,0.77077,0.77055,0.77077,0.77135,0.77077,0.77055,0.77077,0.77135,0.77077,0.77055,0.77077,0.77135,0.77077,0.77055,0.77077,0.77135,0.77077,0.77055,0.77077,0.77135,0.77077,0.77055,0.77077,0.77135,0.77077,0.77055,0.77077,0.77135,0.77077,0.77055,0.77135,0.77135,0.76957,0.77407,0.76746,0.77135,0.778,0.7571,0.78441,0.77135,0.74238,0.83892,0.65891,0.2596,0.2196,0.29421,0.24213,0.2596,0.26797,0.25025,0.26353,0.2596,0.25729,0.26082,0.25843,0.2596,0.2594,0.25933,0.2594,0.2596,0.2594,0.25933,0.2594,0.2596,0.2594,0.25933,0.2594,0.2596,0.2594,0.25933,0.2594,0.2596,0.2594,0.25933,0.2594,0.2596,0.2594,0.25933,0.2594,0.2596,0.2594,0.25933,0.2594,0.2596,0.2594,0.25933,0.2594,0.2596,0.2594,0.25933,0.2594,0.2596,0.2594,0.25933,0.2594,0.2596,0.2594,0.25933,0.2594,0.2596,0.2594,0.25933,0.2594,0.2596,0.2594,0.25933,0.2594,0.2596,0.2594,0.25933,0.2594,0.2596,0.2594,0.25933,0.2594,0.2596,0.2594,0.25933,0.2594,0.2596,0.2594,0.25933,0.2594,0.2596,0.2594,0.25933,0.2594,0.2596,0.2594,0.25933,0.2594,0.2596,0.2594,0.25933,0.2594,0.2596,0.2594,0.25933,0.2594,0.2596,0.2594,0.25933,0.2594,0.2596,0.2594,0.25933,0.2594,0.2596,0.2594,0.25933,0.2594,0.2596,0.2594,0.25933,0.2594,0.2596,0.2594,0.25933,0.2597,0.2596,0.25879,0.26111,0.25772,0.2596,0.26307,0.2525,0.26632,0.2596,0.245,0.29401,0.20266
0.74923,0.80694,0.69738,0.77395,0.74923,0.73612,0.76174,0.74261,0.74923,0.75176,0.74627,0.75009,0.74923,0.74866,0.74845,0.74866,0.74923,0.74866,0.74845,0.74866,0.74923,0.74866,0.74845,0.74866,0.74923,0.74866,0.74845,0.74866,0.74923,0.74866,0.74845,0.74866,0.74923,0.74866,0.74845,0.74866,0.74923,0.74866,0.74845,0.74866,0.74923,0.74866,0.74845,0.74866,0.74923,0.74866,0.74845,0.74866,0.74923,0.74866,0.74845,0.74915,0.74923,0.74765,0.75142,0.74587,0.74923,0.75476,0.7371,0.76017,0.74923,0.72471,0.80613,0.65429,0.31746,0.28364,0.34657,0.30265,0.31746,0.32445,0.30948,0.32071,0.31746,0.31544,0.31839,0.3164,0.31746,0.31722,0.31713,0.31722,0.31746,0.31722,0.31713,0.31722,0.31746,0.31722,0.31713,0.31722,0.31746,0.31722,0.31713,0.31722,0.31746,0.31722,0.31713,0.31722,0.31746,0.31722,0.31713,0.31722,0.31746,0.31722,0.31713,0.31722,0.31746,0.31722,0.31713,0.31722,0.31746,0.31722,0.31713,0.31722,0.31746,0.31722,0.31713,0.31715,0.31746,0.31738,0.31668,0.31765,0.31746,0.31629,0.31887,0.31547,0.31746,0.32088,0.30834,0.33161,0.3833,0.38814,0.37842,0.38524,0.3833,0.38191,0.38408,0.38248,0.3833,0.38329,0.38272,0.38314,0.3833,0.38301,0.38291,0.38301,0.3833,0.38301,0.38291,0.38301,0.3833,0.38301,0.38291,0.38301,0.3833,0.38301,0.38291,0.38301,0.3833,0.38301,0.38291,0.38301,0.3833,0.38301,0.38291,0.38301,0.3833,0.38301,0.38291,0.38301,0.3833,0.38301,0.38291,0.38301,0.3833,0.38301,0.38291,0.38301,0.3833,0.38301,0.38291,0.38301,0.3833,0.38303,0.38286,0.38306,0.3833,0.38292,0.38308,0.38284,0.3833,0.38337,0.38204,0.38443,0.38978,0.38999,0.38894,0.38971,0.38978,0.38938,0.38949,0.38944,0.38978,0.38952,0.38936,0.3895,0.38978,0.38949,0.38938,0.38949,0.38978,0.38949,0.38938,0.38949,0.38978,0.38949,0.38938,0.38949,0.38978,0.38949,0.38938,0.38949,0.38978,0.38949,0.38938,0.38949,0.38978,0.38949,0.38938,0.38949,0.38978,0.38949,0.38938,0.38949,0.38978,0.38949,0.38938,0.38949,0.38978,0.38949,0.38938,0.38949,0.38978,0.38949,0.38938,0.38993,0.38978,0.38857,0.39206,0.38697,0.38978,0.395,0.37913,0.39988,0.38978,0.36786,0.44145,0.30429
0.15952,0.1718,0.14848,0.16478,0.15952,0.15673,0.16218,0.15811,0.15952,0.16006,0.15889,0.1597,0.15952,0.1594,0.15935,0.1594,0.15952,0.1594,0.15935,0.1594,0.15952,0.1594,0.15935,0.1594,0.15952,0.1594,0.15935,0.1594,0.15952,0.1594,0.15935,0.1594,0.15952,0.1594,0.15935,0.1594,0.15952,0.1594,0.15935,0.1594,0.15952,0.1594,0.15935,0.1594,0.15952,0.1594,0.15935,0.1594,0.15952,0.1594,0.15935,0.1594,0.15952,0.1594,0.15935,0.1594,0.15952,0.1594,0.15935,0.1594,0.15952,0.1594,0.15935,0.1594,0.15952,0.1594,0.15935,0.1594,0.15952,0.1594,0.15935,0.1594,0.15952,0.1594,0.15935,0.1594,0.15952,0.1594,0.15935,0.1594,0.15952,0.1594,0.15935,0.1594,0.15952,0.1594,0.15935,0.1594,0.15952,0.1594,0.15935,0.1594,0.15952,0.1594,0.15935,0.1594,0.15952,0.1594,0.15935,0.1594,0.15952,0.1594,0.15935,0.1594,0.15952,0.1594,0.15935,0.1594,0.15952,0.1594,0.15935,0.1594,0.15952,0.1594,0.15935,0.1586,0.15952,0.16106,0.15449,0.16397,0.15952,0.1494,0.17796,0.14054,0.15952,0.19866,0.064809,0.31408,0.86723,0.92162,0.81809,0.89046,0.86723,0.85472,0.87888,0.86086,0.86723,0.8695,0.86427,0.86792,0.86723,0.86657,0.86633,0.86657,0.86723,0.86657,0.86633,0.86657,0.86723,0.86657,0.86633,0.86657,0.86723,0.86657,0.86633,0.86657,0.86723,0.86657,0.86633,0.86657,0.86723,0.86657,0.86633,0.86657,0.86723,0.86657,0.86633,0.86657,0.86723,0.86657,0.86633,0.86657,0.86723,0.86657,0.86633,0.86657,0.86723,0.86657,0.86633,0.86657,0.86723,0.86657,0.86633,0.86657,0.86723,0.86657,0.86633,0.86657,0.86723,0.86657,0.86633,0.86657,0.86723,0.86657,0.86633,0.86657,0.86723,0.86657,0.86633,0.86657,0.86723,0.86657,0.86633,0.86657,0.86723,0.86657,0.86633,0.86657,0.86723,0.86657,0.86633,0.86657,0.86723,0.86657,0.86633,0.86657,0.86723,0.86657,0.86633,0.86657,0.86723,0.86657,0.86633,0.86657,0.86723,0.86657,0.86633,0.86657,0.86723,0.86657,0.86633,0.86657,0.86723,0.86657,0.86633,0.86657,0.86723,0.86657,0.86633,0.86657,0.86723,0.86657,0.86633,0.86755,0.86723,0.86454,0.87229,0.86097,0.86723,0.87883,0.84353,0.88968,0.86723,0.81846,0.98218,0.67702
0.58848,0.63082,0.55476,0.59682,0.54164,0.52949,0.55051,0.54132,0.56692,0.56976,0.56621,0.56366,0.55472,0.55804,0.54341,0.57196,0.62863,0.62961,0.63349,0.61302,0.54623,0.53758,0.55334,0.54319,0.56367,0.57268,0.54554,0.58713,0.65493,0.6556,0.66131,0.63647,0.56187,0.55361,0.56717,0.56032,0.56865,0.56804,0.57141,0.56215,0.55117,0.55606,0.53582,0.57459,0.64919,0.64991,0.6575,0.62601,0.53017,0.51903,0.53846,0.52765,0.54991,0.55674,0.53757,0.56472,0.6124,0.61651,0.60706,0.61568,0.62208,0.62164,0.6217,0.62085,0.61319,0.60938,0.61992,0.60103,0.55757,0.55151,0.56419,0.54993,0.53622,0.5367,0.53252,0.54045,0.55113,0.54852,0.55736,0.53897,0.50169,0.50028,0.49733,0.51119,0.55211,0.55503,0.55016,0.54963,0.5373,0.53662,0.53363,0.54623,0.59772,0.60847,0.57876,0.62065,0.68341,0.6835,0.69011,0.6652,0.58904,0.57892,0.59903,0.58049,0.57187,0.57331,0.56785,0.57471,0.57485,0.56975,0.58495,0.55796,0.50978,0.509,0.50229,0.52567,0.59198,0.59783,0.58727,0.59138,0.58191,0.58171,0.57769,0.58939,0.61849,0.61922,0.62042,0.60951,0.56585,0.55748,0.57683,0.55209,0.51987,0.51941,0.5153,0.52866,0.56849,0.57319,0.5619,0.57358,0.58669,0.58742,0.58406,0.58944,0.60188,0.60306,0.59932,0.60286,0.60083,0.59758,0.6064,0.59095,0.56108,0.55892,0.55999,0.56473,0.5868,0.58952,0.58252,0.58984,0.5993,0.60016,0.59644,0.60156,0.60687,0.60499,0.61043,0.59886,0.56974,0.56557,0.57329,0.56615,0.56577,0.56776,0.55961,0.57429,0.60846,0.6124,0.60213,0.61409,0.62953,0.62978,0.62868,0.62911,0.6309,0.63167,0.62781,0.6336,0.63755,0.634,0.64534,0.62243,0.56807,0.56153,0.57381,0.56237,0.55137,0.54921,0.55425,0.54627,0.53788,0.54008,0.52964,0.55037,0.59502,0.59738,0.59469,0.58903,0.55774,0.55212,0.56362,0.55135,0.54292,0.54426,0.53758,0.55005,0.57414,0.5745,0.57488,0.57045,0.56479,0.56791,0.55417,0.58169,0.64328,0.64762,0.6411,0.63774,0.59943,0.59054,0.61162,0.58397,0.54663,0.54595,0.54194,0.55633,0.60096,0.60647,0.59364,0.60583,0.61209,0.6099,0.6156,0.60533,0.5769,0.57051,0.58716,0.56436,0.54473,0.55094,0.52956,0.56084,0.55609,0.5261,0.62857,0.4347
0.84867,0.91403,0.78994,0.87667,0.84867,0.83381,0.86284,0.84117,0.84867,0.85153,0.84531,0.84964,0.84867,0.84802,0.84779,0.84802,0.84867,0.84802,0.84779,0.84802,0.84867,0.84802,0.84779,0.84802,0.84867,0.84802,0.84779,0.84802,0.84867,0.84802,0.84779,0.84802,0.84867,0.84802,0.84779,0.84802,0.84867,0.84802,0.84779,0.84802,0.84867,0.84802,0.84779,0.84802,0.84867,0.84802,0.84779,0.84802,0.84867,0.84802,0.84779,0.84802,0.84867,0.84802,0.84779,0.84802,0.84867,0.84802,0.84779,0.84802,0.84867,0.84802,0.84779,0.84802,0.84867,0.84802,0.84779,0.84802,0.84867,0.84802,0.84779,0.84802,0.84867,0.84802,0.84779,0.84802,0.84867,0.84802,0.84779,0.84802,0.84867,0.84802,0.84779,0.84802,0.84867,0.84802,0.84779,0.84802,0.84867,0.84802,0.84779,0.84802,0.84867,0.84802,0.84779,0.84802,0.84867,0.84802,0.84779,0.84802,0.84867,0.84802,0.84779,0.84802,0.84867,0.84802,0.84779,0.84802,0.84867,0.84802,0.84779,0.84802,0.84867,0.84802,0.84779,0.84802,0.84867,0.84802,0.84779,0.84802,0.84867,0.84802,0.84779,0.84802,0.84867,0.84802,0.84779,0.84802,0.84867,0.84802,0.84779,0.84802,0.84867,0.84802,0.84779,0.84802,0.84867,0.84802,0.84779,0.84802,0.84867,0.84802,0.84779,0.84802,0.84867,0.84802,0.84779,0.84802,0.84867,0.84802,0.84779,0.84802,0.84867,0.84802,0.84779,0.84802,0.84867,0.84802,0.84779,0.84802,0.84867,0.84802,0.84779,0.84802,0.84867,0.84802,0.84779,0.84802,0.84867,0.84802,0.84779,0.84802,0.84867,0.84802,0.84779,0.84802,0.84867,0.84802,0.84779,0.84802,0.84867,0.84802,0.84779,0.84802,0.84867,0.84802,0.84779,0.84802,0.84867,0.84802,0.84779,0.84802,0.84867,0.84802,0.84779,0.84802,0.84867,0.84802,0.84779,0.84802,0.84867,0.84802,0.84779,0.84802,0.84867,0.84802,0.84779,0.84802,0.84867,0.84802,0.84779,0.84802,0.84867,0.84802,0.84779,0.84802,0.84867,0.84802,0.84779,0.84802,0.84867,0.84802,0.84779,0.84802,0.84867,0.84802,0.84779,0.84802,0.84867,0.84802,0.84779,0.84802,0.84867,0.84802,0.84779,0.84802,0.84867,0.84802,0.84779,0.84802,0.84867,0.84802,0.84779,0.84898,0.84867,0.84603,0.85362,0.84254,0.84867,0.86002,0.82547,0.87064,0.84867,0.80094,0.96116,0.66253
0.25531,0.27497,0.23764,0.26373,0.25531,0.25084,0.25957,0.25305,0.25531,0.25617,0.2543,0.2556,0.25531,0.25511,0.25504,0.25511,0.25531,0.25511,0.25504,0.25511,0.25531,0.25511,0.25504,0.25511,0.25531,0.25511,0.25504,0.25511,0.25531,0.25511,0.25504,0.25511,0.25531,0.25511,0.25504,0.25511,0.25531,0.25511,0.25504,0.25511,0.25531,0.25511,0.25504,0.25511,0.25531,0.25511,0.25504,0.25511,0.25531,0.25511,0.25504,0.25511,0.25531,0.25511,0.25504,0.25511,0.25531,0.25511,0.25504,0.25511,0.25531,0.25511,0.25504,0.25511,0.25531,0.25511,0.25504,0.25511,0.25531,0.25511,0.25504,0.25511,0.25531,0.25511,0.25504,0.25511,0.25531,0.25511,0.25504,0.25511,0.25531,0.25511,0.25504,0.25511,0.25531,0.25511,0.25504,0.25511,0.25531,0.25511,0.25504,0.25511,0.25531,0.25511,0.25504,0.25511,0.25531,0.25511,0.25504,0.25511,0.25531,0.25511,0.25504,0.25511,0.25531,0.25511,0.25504,0.25511,0.25531,0.25511,0.25504,0.25511,0.25531,0.25511,0.25504,0.25441,0.25531,0.25657,0.25079,0.25912,0.25531,0.24636,0.27132,0.23862,0.25531,0.28946,0.17234,0.39042,0.87437,0.92186,0.83127,0.8946,0.87437,0.86334,0.88444,0.86871,0.87437,0.87627,0.87166,0.87488,0.87437,0.87371,0.87346,0.87371,0.87437,0.87371,0.87346,0.87371,0.87437,0.87371,0.87346,0.87371,0.87437,0.87371,0.87346,0.87371,0.87437,0.87371,0.87346,0.87371,0.87437,0.87371,0.87346,0.87371,0.87437,0.87371,0.87346,0.87371,0.87437,0.87371,0.87346,0.87371,0.87437,0.87371,0.87346,0.87371,0.87437,0.87371,0.87346,0.87371,0.87437,0.87371,0.87346,0.87371,0.87437,0.87371,0.87346,0.87371,0.87437,0.87371,0.87346,0.87371,0.87437,0.87371,0.87346,0.87371,0.87437,0.87371,0.87346,0.87371,0.87437,0.87371,0.87346,0.87371,0.87437,0.87371,0.87346,0.87371,0.87437,0.87371,0.87346,0.87371,0.87437,0.87371,0.87346,0.87371,0.87437,0.87371,0.87346,0.87371,0.87437,0.87371,0.87346,0.87371,0.87437,0.87371,0.87346,0.87371,0.87437,0.87371,0.87346,0.87371,0.87437,0.87371,0.87346,0.87371,0.87437,0.87371,0.87346,0.87371,0.87437,0.87371,0.87346,0.8747,0.87437,0.87165,0.87947,0.86806,0.87437,0.88607,0.85048,0.89701,0.87437,0.8252,0.99027,0.68259
0.62102,0.66885,0.57805,0.64151,0.62102,0.61015,0.63139,0.61554,0.62102,0.62312,0.61857,0.62173,0.62102,0.62055,0.62038,0.62055,0.62102,0.62055,0.62038,0.62055,0.62102,0.62055,0.62038,0.62055,0.62102,0.62055,0.62038,0.62055,0.62102,0.62055,0.62038,0.62055,0.62102,0.62055,0.62038,0.62055,0.62102,0.62055,0.62038,0.62055,0.62102,0.62055,0.62038,0.62055,0.62102,0.62055,0.62038,0.62055,0.62102,0.62055,0.62038,0.62055,0.62102,0.62055,0.62038,0.62055,0.62102,0.62055,0.62038,0.62055,0.62102,0.62055,0.62038,0.62055,0.62102,0.62055,0.62038,0.62055,0.62102,0.62055,0.62038,0.62055,0.62102,0.62055,0.62038,0.62055,0.62102,0.62055,0.62038,0.62055,0.62102,0.62055,0.62038,0.62055,0.62102,0.62055,0.62038,0.62055,0.62102,0.62055,0.62038,0.62055,0.62102,0.62055,0.62038,0.62055,0.62102,0.62055,0.62038,0.62055,0.62102,0.62055,0.62038,0.62055,0.62102,0.62055,0.62038,0.62055,0.62102,0.62055,0.62038,0.62055,0.62102,0.62055,0.62038,0.62035,0.62102,0.62097,0.61917,0.62169,0.62102,0.61806,0.62502,0.61585,0.62102,0.63034,0.59681,0.65912,0.79746,0.81058,0.78461,0.80282,0.79746,0.79391,0.79977,0.79544,0.79746,0.79759,0.79612,0.7972,0.79746,0.79686,0.79664,0.79686,0.79746,0.79686,0.79664,0.79686,0.79746,0.79686,0.79664,0.79686,0.79746,0.79686,0.79664,0.79686,0.79746,0.79686,0.79664,0.79686,0.79746,0.79686,0.79664,0.79686,0.79746,0.79686,0.79664,0.79686,0.79746,0.79686,0.79664,0.79686,0.79746,0.79686,0.79664,0.79686,0.79746,0.79686,0.79664,0.79686,0.79746,0.79686,0.79664,0.79686,0.79746,0.79686,0.79664,0.79686,0.79746,0.79686,0.79664,0.79686,0.79746,0.79686,0.79664,0.79686,0.79746,0.79686,0.79664,0.79686,0.79746,0.79686,0.79664,0.79686,0.79746,0.79686,0.79664,0.79686,0.79746,0.79686,0.79664,0.79686,0.79746,0.79686,0.79664,0.79686,0.79746,0.79686,0.79664,0.79686,0.79746,0.79686,0.79664,0.79686,0.79746,0.79686,0.79664,0.79686,0.79746,0.79686,0.79664,0.79686,0.79746,0.79686,0.79664,0.79686,0.79746,0.79686,0.79664,0.79686,0.79746,0.79686,0.79664,0.79776,0.79746,0.79499,0.80212,0.7917,0.79746,0.80813,0.77567,0.81811,0.79746,0.75262,0.90317,0.62255
0.74095,0.79803,0.68968,0.7654,0.74095,0.72799,0.75333,0.73441,0.74095,0.74346,0.73803,0.7418,0.74095,0.74039,0.74019,0.74039,0.74095,0.74039,0.74019,0.74039,0.74095,0.74039,0.74019,0.74039,0.74095,0.74039,0.74019,0.74039,0.74095,0.74039,0.74019,0.74039,0.74095,0.74039,0.74019,0.74039,0.74095,0.74039,0.74019,0.74039,0.74095,0.74039,0.74019,0.74039,0.74095,0.74039,0.74019,0.74039,0.74095,0.74039,0.74019,0.74039,0.74095,0.74039,0.74019,0.74039,0.74095,0.74039,0.74019,0.74039,0.74095,0.74039,0.74019,0.74039,0.74095,0.74039,0.74019,0.74039,0.74095,0.74039,0.74019,0.74039,0.74095,0.74039,0.74019,0.74039,0.74095,0.74039,0.74019,0.74039,0.74095,0.74039,0.74019,0.74039,0.74095,0.74039,0.74019,0.74039,0.74095,0.74039,0.74019,0.74039,0.74095,0.74039,0.74019,0.74039,0.74095,0.74039,0.74019,0.74039,0.74095,0.74039,0.74019,0.74039,0.74095,0.74039,0.74019,0.74039,0.74095,0.74039,0.74019,0.74039,0.74095,0.74039,0.74019,0.74104,0.74095,0.73905,0.74412,0.7367,0.74095,0.74848,0.72515,0.75563,0.74095,0.70867,0.81658,0.61541,0.16913,0.12453,0.20793,0.1497,0.16913,0.17858,0.15881,0.17362,0.16913,0.16664,0.17062,0.16791,0.16913,0.169,0.16895,0.169,0.16913,0.169,0.16895,0.169,0.16913,0.169,0.16895,0.169,0.16913,0.169,0.16895,0.169,0.16913,0.169,0.16895,0.169,0.16913,0.169,0.16895,0.169,0.16913,0.169,0.16895,0.169,0.16913,0.169,0.16895,0.169,0.16913,0.169,0.16895,0.169,0.16913,0.169,0.16895,0.169,0.16913,0.169,0.16895,0.169,0.16913,0.169,0.16895,0.169,0.16913,0.169,0.16895,0.169,0.16913,0.169,0.16895,0.169,0.16913,0.169,0.16895,0.169,0.16913,0.169,0.16895,0.169,0.16913,0.169,0.16895,0.169,0.16913,0.169,0.16895,0.169,0.16913,0.169,0.16895,0.169,0.16913,0.169,0.16895,0.169,0.16913,0.169,0.16895,0.169,0.16913,0.169,0.16895,0.169,0.16913,0.169,0.16895,0.169,0.16913,0.169,0.16895,0.169,0.16913,0.169,0.16895,0.169,0.16913,0.169,0.16895,0.16919,0.16913,0.1686,0.17012,0.16791,0.16913,0.17139,0.16451,0.17351,0.16913,0.15962,0.19155,0.13203
0.34007,0.36626,0.31653,0.35129,0.34007,0.33411,0.34574,0.33706,0.34007,0.34121,0.33872,0.34045,0.34007,0.33981,0.33971,0.33981,0.34007,0.33981,0.33971,0.33981,0.34007,0.33981,0.33971,0.33981,0.34007,0.33981,0.33971,0.33981,0.34007,0.33981,0.33971,0.33981,0.34007,0.33981,0.33971,0.33981,0.34007,0.33981,0.33971,0.33981,0.34007,0.33981,0.33971,0.33981,0.34007,0.33981,0.33971,0.33981,0.34007,0.33981,0.33971,0.33981,0.34007,0.33981,0.33971,0.33981,0.34007,0.33981,0.33971,0.33981,0.34007,0.33981,0.33971,0.33981,0.34007,0.33981,0.33971,0.33981,0.34007,0.33981,0.33971,0.33981,0.34007,0.33981,0.33971,0.33981,0.34007,0.33981,0.33971,0.33981,0.34007,0.33981,0.33971,0.33981,0.34007,0.33981,0.33971,0.33981,0.34007,0.33981,0.33971,0.33981,0.34007,0.33981,0.33971,0.33981,0.34007,0.33981,0.33971,0.33981,0.34007,0.33981,0.33971,0.33981,0.34007,0.33981,0.33971,0.33981,0.34007,0.33981,0.33971,0.33981,0.34007,0.33981,0.33971,0.33925,0.34007,0.34097,0.33632,0.343,0.34007,0.33284,0.35268,0.32666,0.34007,0.36717,0.27382,0.44762,0.83329,0.87102,0.79881,0.84931,0.83329,0.8244,0.84118,0.82868,0.83329,0.8347,0.83099,0.8336,0.83329,0.83266,0.83243,0.83266,0.83329,0.83266,0.83243,0.83266,0.83329,0.83266,0.83243,0.83266,0.83329,0.83266,0.83243,0.83266,0.83329,0.83266,0.83243,0.83266,0.83329,0.83266,0.83243,0.83266,0.83329,0.83266,0.83243,0.83266,0.83329,0.83266,0.83243,0.83266,0.83329,0.83266,0.83243,0.83266,0.83329,0.83266,0.83243,0.83266,0.83329,0.83266,0.83243,0.83266,0.83329,0.83266,0.83243,0.83266,0.83329,0.83266,0.83243,0.83266,0.83329,0.83266,0.83243,0.83266,0.83329,0.83266,0.83243,0.83266,0.83329,0.83266,0.83243,0.83266,0.83329,0.83266,0.83243,0.83266,0.83329,0.83266,0.83243,0.83266,0.83329,0.83266,0.83243,0.83266,0.83329,0.83266,0.83243,0.83266,0.83329,0.83266,0.83243,0.83266,0.83329,0.83266,0.83243,0.83266,0.83329,0.83266,0.83243,0.83266,0.83329,0.83266,0.83243,0.83266,0.83329,0.83266,0.83243,0.83266,0.83329,0.83266,0.83243,0.8336,0.83329,0.8307,0.83816,0.82728,0.83329,0.84444,0.81052,0.85487,0.83329,0.78643,0.94375,0.65053
0.78669,0.84729,0.73225,0.81265,0.78669,0.77293,0.79983,0.77975,0.78669,0.78935,0.78359,0.78759,0.78669,0.7861,0.78588,0.7861,0.78669,0.7861,0.78588,0.7861,0.78669,0.7861,0.78588,0.7861,0.78669,0.7861,0.78588,0.7861,0.78669,0.7861,0.78588,0.7861,0.78669,0.7861,0.78588,0.7861,0.78669,0.7861,0.78588,0.7861,0.78669,0.7861,0.78588,0.7861,0.78669,0.7861,0.78588,0.7861,0.78669,0.7861,0.78588,0.7861,0.78669,0.7861,0.78588,0.7861,0.78669,0.7861,0.78588,0.7861,0.78669,0.7861,0.78588,0.7861,0.78669,0.7861,0.78588,0.7861,0.78669,0.7861,0.78588,0.7861,0.78669,0.7861,0.78588,0.7861,0.78669,0.7861,0.78588,0.7861,0.78669,0.7861,0.78588,0.7861,0.78669,0.7861,0.78588,0.7861,0.78669,0.7861,0.78588,0.7861,0.78669,0.7861,0.78588,0.7861,0.78669,0.7861,0.78588,0.7861,0.78669,0.7861,0.78588,0.7861,0.78669,0.7861,0.78588,0.7861,0.78669,0.7861,0.78588,0.7861,0.78669,0.7861,0.78588,0.7861,0.78669,0.7861,0.78588,0.7861,0.78669,0.7861,0.78588,0.7861,0.78669,0.7861,0.78588,0.7861,0.78669,0.7861,0.78588,0.7861,0.78669,0.7861,0.78588,0.7861,0.78669,0.7861,0.78588,0.7861,0.78669,0.7861,0.78588,0.7861,0.78669,0.7861,0.78588,0.7861,0.78669,0.7861,0.78588,0.7861,0.78669,0.7861,0.78588,0.7861,0.78669,0.7861,0.78588,0.7861,0.78669,0.7861,0.78588,0.7861,0.78669,0.7861,0.78588,0.7861,0.78669,0.7861,0.78588,0.7861,0.78669,0.7861,0.78588,0.7861,0.78669,0.7861,0.78588,0.7861,0.78669,0.7861,0.78588,0.7861,0.78669,0.7861,0.78588,0.7861,0.78669,0.7861,0.78588,0.7861,0.78669,0.7861,0.78588,0.7861,0.78669,0.7861,0.78588,0.7861,0.78669,0.7861,0.78588,0.7861,0.78669,0.7861,0.78588,0.7861,0.78669,0.7861,0.78588,0.7861,0.78669,0.7861,0.78588,0.7861,0.78669,0.7861,0.78588,0.7861,0.78669,0.7861,0.78588,0.7861,0.78669,0.7861,0.78588,0.7861,0.78669,0.7861,0.78588,0.7861,0.78669,0.7861,0.78588,0.7861,0.78669,0.7861,0.78588,0.7861,0.78669,0.7861,0.78588,0.78699,0.78669,0.78425,0.79129,0.78101,0.78669,0.79722,0.7652,0.80706,0.78669,0.74246,0.89097,0.61415
0.74562,0.80305,0.69402,0.77022,0.74562,0.73257,0.75807,0.73904,0.74562,0.74814,0.74268,0.74647,0.74562,0.74506,0.74485,0.74506,0.74562,0.74506,0.74485,0.74506,0.74562,0.74506,0.74485,0.74506,0.74562,0.74506,0.74485,0.74506,0.74562,0.74506,0.74485,0.74506,0.74562,0.74506,0.74485,0.74506,0.74562,0.74506,0.74485,0.74506,0.74562,0.74506,0.74485,0.74506,0.74562,0.74506,0.74485,0.74506,0.74562,0.74506,0.74485,0.74506,0.74562,0.74506,0.74485,0.74506,0.74562,0.74506,0.74485,0.74506,0.74562,0.74506,0.74485,0.74506,0.74562,0.74506,0.74485,0.74506,0.74562,0.74506,0.74485,0.74506,0.74562,0.74506,0.74485,0.74506,0.74562,0.74506,0.74485,0.74506,0.74562,0.74506,0.74485,0.74506,0.74562,0.74506,0.74485,0.74506,0.74562,0.74506,0.74485,0.74506,0.74562,0.74506,0.74485,0.74506,0.74562,0.74506,0.74485,0.74506,0.74562,0.74506,0.74485,0.74506,0.74562,0.74506,0.74485,0.74506,0.74562,0.74506,0.74485,0.74506,0.74562,0.74506,0.74485,0.74563,0.74562,0.74386,0.74834,0.74177,0.74562,0.75224,0.73149,0.7586,0.74562,0.71688,0.81271,0.63403,0.23764,0.19795,0.27202,0.22032,0.23764,0.24597,0.22839,0.24156,0.23764,0.23536,0.23887,0.2365,0.23764,0.23746,0.23739,0.23746,0.23764,0.23746,0.23739,0.23746,0.23764,0.23746,0.23739,0.23746,0.23764,0.23746,0.23739,0.23746,0.23764,0.23746,0.23739,0.23746,0.23764,0.23746,0.23739,0.23746,0.23764,0.23746,0.23739,0.23746,0.23764,0.23746,0.23739,0.23746,0.23764,0.23746,0.23739,0.23746,0.23764,0.23746,0.23739,0.23746,0.23764,0.23746,0.23739,0.23746,0.23764,0.23746,0.23739,0.23746,0.23764,0.23746,0.23739,0.23746,0.23764,0.23746,0.23739,0.23746,0.23764,0.23746,0.23739,0.23746,0.23764,0.23746,0.23739,0.23746,0.23764,0.23746,0.23739,0.23746,0.23764,0.23746,0.23739,0.23746,0.23764,0.23746,0.23739,0.23746,0.23764,0.23746,0.23739,0.23746,0.23764,0.23746,0.23739,0.23746,0.23764,0.23746,0.23739,0.23746,0.23764,0.23746,0.23739,0.23746,0.23764,0.23746,0.23739,0.23746,0.23764,0.23746,0.23739,0.23746,0.23764,0.23746,0.23739,0.23773,0.23764,0.2369,0.23903,0.23593,0.23764,0.24082,0.23115,0.24379,0.23764,0.22428,0.26914,0.18552
0.77581,0.83556,0.72212,0.80141,0.77581,0.76223,0.78876,0.76896,0.77581,0.77843,0.77274,0.7767,0.77581,0.77522,0.77501,0.77522,0.77581,0.77522,0.77501,0.77522,0.77581,0.77522,0.77501,0.77522,0.77581,0.77522,0.77501,0.77522,0.77581,0.77522,0.77501,0.77522,0.77581,0.77522,0.77501,0.77522,0.77581,0.77522,0.77501,0.77522,0.77581,0.77522,0.77501,0.77522,0.77581,0.77522,0.77501,0.77522,0.77581,0.77522,0.77501,0.77522,0.77581,0.77522,0.77501,0.77522,0.77581,0.77522,0.77501,0.77522,0.77581,0.77522,0.77501,0.77522,0.77581,0.77522,0.77501,0.77522,0.77581,0.77522,0.77501,0.77522,0.77581,0.77522,0.77501,0.77522,0.77581,0.77522,0.77501,0.77522,0.77581,0.77522,0.77501,0.77522,0.77581,0.77522,0.77501,0.77522,0.77581,0.77522,0.77501,0.77522,0.77581,0.77522,0.77501,0.77522,0.77581,0.77522,0.77501,0.77522,0.77581,0.77522,0.77501,0.77522,0.77581,0.77522,0.77501,0.77522,0.77581,0.77522,0.77501,0.77522,0.77581,0.77522,0.77501,0.77522,0.77581,0.77522,0.77501,0.77522,0.77581,0.77522,0.77501,0.77522,0.77581,0.77522,0.77501,0.77522,0.77581,0.77522,0.77501,0.77522,0.77581,0.77522,0.77501,0.77522,0.77581,0.77522,0.77501,0.77522,0.77581,0.77522,0.77501,0.77522,0.77581,0.77522,0.77501,0.77522,0.77581,0.77522,0.77501,0.77522,0.77581,0.77522,0.77501,0.77522,0.77581,0.77522,0.77501,0.77522,0.77581,0.77522,0.77501,0.77522,0.77581,0.77522,0.77501,0.77522,0.77581,0.77522,0.77501,0.77522,0.77581,0.77522,0.77501,0.77522,0.77581,0.77522,0.77501,0.77522,0.77581,0.77522,0.77501,0.77522,0.77581,0.77522,0.77501,0.77522,0.77581,0.77522,0.77501,0.77522,0.77581,0.77522,0.77501,0.77522,0.77581,0.77522,0.77501,0.77522,0.77581,0.77522,0.77501,0.77522,0.77581,0.77522,0.77501,0.77522,0.77581,0.77522,0.77501,0.77522,0.77581,0.77522,0.77501,0.77522,0.77581,0.77522,0.77501,0.77522,0.77581,0.77522,0.77501,0.77522,0.77581,0.77522,0.77501,0.77522,0.77581,0.77522,0.77501,0.77522,0.77581,0.77522,0.77501,0.77522,0.77581,0.77522,0.77501,0.77522,0.77581,0.77522,0.77501,0.7761,0.77581,0.7734,0.78034,0.77021,0.77581,0.78619,0.75461,0.7959,0.77581,0.73218,0.87865,0.60565
0.86706,0.93384,0.80706,0.89567,0.86706,0.85188,0.88154,0.8594,0.86706,0.86999,0.86363,0.86805,0.86706,0.8664,0.86616,0.8664,0.86706,0.8664,0.86616,0.8664,0.86706,0.8664,0.86616,0.8664,0.86706,0.8664,0.86616,0.8664,0.86706,0.8664,0.86616,0.8664,0.86706,0.8664,0.86616,0.8664,0.86706,0.8664,0.86616,0.8664,0.86706,0.8664,0.86616,0.8664,0.86706,0.8664,0.86616,0.8664,0.86706,0.8664,0.86616,0.8664,0.86706,0.8664,0.86616,0.8664,0.86706,0.8664,0.86616,0.8664,0.86706,0.8664,0.86616,0.8664,0.86706,0.8664,0.86616,0.8664,0.86706,0.8664,0.86616,0.8664,0.86706,0.8664,0.86616,0.8664,0.86706,0.8664,0.86616,0.8664,0.86706,0.8664,0.86616,0.8664,0.86706,0.8664,0.86616,0.8664,0.86706,0.8664,0.86616,0.8664,0.86706,0.8664,0.86616,0.8664,0.86706,0.8664,0.86616,0.8664,0.86706,0.8664,0.86616,0.8664,0.86706,0.8664,0.86616,0.8664,0.86706,0.8664,0.86616,0.8664,0.86706,0.8664,0.86616,0.8668,0.86706,0.86559,0.86855,0.86416,0.86706,0.87131,0.85703,0.87566,0.86706,0.84714,0.91255,0.79051,0.51985,0.49245,0.54298,0.50774,0.51985,0.52527,0.51315,0.52226,0.51985,0.51802,0.52032,0.51879,0.51985,0.51945,0.51931,0.51945,0.51985,0.51945,0.51931,0.51945,0.51985,0.51945,0.51931,0.51945,0.51985,0.51945,0.51931,0.51945,0.51985,0.51945,0.51931,0.51945,0.51985,0.51945,0.51931,0.51945,0.51985,0.51945,0.51931,0.51945,0.51985,0.51945,0.51931,0.51945,0.51985,0.51945,0.51931,0.51945,0.51985,0.51945,0.51931,0.51945,0.51985,0.51945,0.51931,0.51945,0.51985,0.51945,0.51931,0.51945,0.51985,0.51945,0.51931,0.51945,0.51985,0.51945,0.51931,0.51945,0.51985,0.51945,0.51931,0.51945,0.51985,0.51945,0.51931,0.51945,0.51985,0.51945,0.51931,0.51945,0.51985,0.51945,0.51931,0.51945,0.51985,0.51945,0.51931,0.51945,0.51985,0.51945,0.51931,0.51945,0.51985,0.51945,0.51931,0.51945,0.51985,0.51945,0.51931,0.51945,0.51985,0.51945,0.51931,0.51945,0.51985,0.51945,0.51931,0.51945,0.51985,0.51945,0.51931,0.51945,0.51985,0.51945,0.51931,0.52004,0.51985,0.51823,0.52288,0.51609,0.51985,0.5268,0.50564,0.53331,0.51985,0.49062,0.58876,0.40583
0.1399,0.15067,0.13022,0.14451,0.1399,0.13745,0.14223,0.13866,0.1399,0.14037,0.13934,0.14006,0.1399,0.13979,0.13975,0.13979,0.1399,0.13979,0.13975,0.13979,0.1399,0.13979,0.13975,0.13979,0.1399,0.13979,0.13975,0.13979,0.1399,0.13979,0.13975,0.13979,0.1399,0.13979,0.13975,0.13979,0.1399,0.13979,0.13975,0.13979,0.1399,0.13979,0.13975,0.13979,0.1399,0.13979,0.13975,0.13979,0.1399,0.13979,0.13975,0.13979,0.1399,0.13979,0.13975,0.13979,0.1399,0.13979,0.13975,0.13979,0.1399,0.13979,0.13975,0.13979,0.1399,0.13979,0.13975,0.13979,0.1399,0.13979,0.13975,0.13979,0.1399,0.13979,0.13975,0.13979,0.1399,0.13979,0.13975,0.13979,0.1399,0.13979,0.13975,0.13979,0.1399,0.13979,0.13975,0.13979,0.1399,0.13979,0.13975,0.13979,0.1399,0.13979,0.13975,0.13979,0.1399,0.13979,0.13975,0.13979,0.1399,0.13979,0.13975,0.13979,0.1399,0.13979,0.13975,0.13979,0.1399,0.13979,0.13975,0.13979,0.1399,0.13979,0.13975,0.13896,0.1399,0.14152,0.13468,0.14456,0.1399,0.12936,0.15915,0.12013,0.1399,0.18073,0.041172,0.30108,0.87782,0.93455,0.82661,0.90206,0.87782,0.8648,0.88999,0.8712,0.87782,0.8802,0.87476,0.87856,0.87782,0.87715,0.87691,0.87715,0.87782,0.87715,0.87691,0.87715,0.87782,0.87715,0.87691,0.87715,0.87782,0.87715,0.87691,0.87715,0.87782,0.87715,0.87691,0.87715,0.87782,0.87715,0.87691,0.87715,0.87782,0.87715,0.87691,0.87715,0.87782,0.87715,0.87691,0.87715,0.87782,0.87715,0.87691,0.87715,0.87782,0.87715,0.87691,0.87715,0.87782,0.87715,0.87691,0.87715,0.87782,0.87715,0.87691,0.87715,0.87782,0.87715,0.87691,0.87715,0.87782,0.87715,0.87691,0.87715,0.87782,0.87715,0.87691,0.87715,0.87782,0.87715,0.87691,0.87715,0.87782,0.87715,0.87691,0.87715,0.87782,0.87715,0.87691,0.87715,0.87782,0.87715,0.87691,0.87715,0.87782,0.87715,0.87691,0.87715,0.87782,0.87715,0.87691,0.87715,0.87782,0.87715,0.87691,0.87715,0.87782,0.87715,0.87691,0.87715,0.87782,0.87715,0.87691,0.87715,0.87782,0.87715,0.87691,0.87715,0.87782,0.87715,0.87691,0.87814,0.87782,0.87509,0.88294,0.87148,0.87782,0.88956,0.85383,0.90055,0.87782,0.82845,0.99418,0.68528
0.84725,0.9125,0.78862,0.8752,0.84725,0.83242,0.86139,0.83977,0.84725,0.85011,0.8439,0.84822,0.84725,0.84661,0.84637,0.84661,0.84725,0.84661,0.84637,0.84661,0.84725,0.84661,0.84637,0.84661,0.84725,0.84661,0.84637,0.84661,0.84725,0.84661,0.84637,0.84661,0.84725,0.84661,0.84637,0.84661,0.84725,0.84661,0.84637,0.84661,0.84725,0.84661,0.84637,0.84661,0.84725,0.84661,0.84637,0.84661,0.84725,0.84661,0.84637,0.84661,0.84725,0.84661,0.84637,0.84661,0.84725,0.84661,0.84637,0.84661,0.84725,0.84661,0.84637,0.84661,0.84725,0.84661,0.84637,0.84661,0.84725,0.84661,0.84637,0.84661,0.84725,0.84661,0.84637,0.84661,0.84725,0.84661,0.84637,0.84661,0.84725,0.84661,0.84637,0.84661,0.84725,0.84661,0.84637,0.84661,0.84725,0.84661,0.84637,0.84661,0.84725,0.84661,0.84637,0.84661,0.84725,0.84661,0.84637,0.84661,0.84725,0.84661,0.84637,0.84661,0.84725,0.84661,0.84637,0.84661,0.84725,0.84661,0.84637,0.84661,0.84725,0.84661,0.84637,0.84661,0.84725,0.84661,0.84637,0.84661,0.84725,0.84661,0.84637,0.84661,0.84725,0.84661,0.84637,0.84661,0.84725,0.84661,0.84637,0.84661,0.84725,0.84661,0.84637,0.84661,0.84725,0.84661,0.84637,0.84661,0.84725,0.84661,0.84637,0.84661,0.84725,0.84661,0.84637,0.84661,0.84725,0.84661,0.84637,0.84661,0.84725,0.84661,0.84637,0.84661,0.84725,0.84661,0.84637,0.84661,0.84725,0.84661,0.84637,0.84661,0.84725,0.84661,0.84637,0.84661,0.84725,0.84661,0.84637,0.84661,0.84725,0.84661,0.84637,0.84661,0.84725,0.84661,0.84637,0.84661,0.84725,0.84661,0.84637,0.84661,0.84725,0.84661,0.84637,0.84661,0.84725,0.84661,0.84637,0.84661,0.84725,0.84661,0.84637,0.84661,0.84725,0.84661,0.84637,0.84661,0.84725,0.84661,0.84637,0.84661,0.84725,0.84661,0.84637,0.84661,0.84725,0.84661,0.84637,0.84661,0.84725,0.84661,0.84637,0.84661,0.84725,0.84661,0.84637,0.84661,0.84725,0.84661,0.84637,0.84661,0.84725,0.84661,0.84637,0.84661,0.84725,0.84661,0.84637,0.84661,0.84725,0.84661,0.84637,0.84661,0.84725,0.84661,0.84637,0.84661,0.84725,0.84661,0.84637,0.84756,0.84725,0.84462,0.85219,0.84113,0.84725,0.85858,0.82409,0.86918,0.84725,0.7996,0.95955,0.66142
0.10721,0.11546,0.099788,0.11074,0.10721,0.10533,0.109,0.10626,0.10721,0.10757,0.10678,0.10733,0.10721,0.10713,0.1071,0.10713,0.10721,0.10713,0.1071,0.10713,0.10721,0.10713,0.1071,0.10713,0.10721,0.10713,0.1071,0.10713,0.10721,0.10713,0.1071,0.10713,0.10721,0.10713,0.1071,0.10713,0.10721,0.10713,0.1071,0.10713,0.10721,0.10713,0.1071,0.10713,0.10721,0.10713,0.1071,0.10713,0.10721,0.10713,0.1071,0.10713,0.10721,0.10713,0.1071,0.10713,0.10721,0.10713,0.1071,0.10713,0.10721,0.10713,0.1071,0.10713,0.10721,0.10713,0.1071,0.10713,0.10721,0.10713,0.1071,0.10713,0.10721,0.10713,0.1071,0.10713,0.10721,0.10713,0.1071,0.10713,0.10721,0.10713,0.1071,0.10713,0.10721,0.10713,0.1071,0.10713,0.10721,0.10713,0.1071,0.10713,0.10721,0.10713,0.1071,0.10713,0.10721,0.10713,0.1071,0.10713,0.10721,0.10713,0.1071,0.10713,0.10721,0.10713,0.1071,0.10713,0.10721,0.10713,0.1071,0.10713,0.10721,0.10713,0.1071,0.10626,0.10721,0.10892,0.10185,0.11206,0.10721,0.09633,0.12718,0.086768,0.10721,0.1495,0.0050464,0.2741,0.87111,0.92986,0.81813,0.89623,0.87111,0.85766,0.88375,0.86428,0.87111,0.87361,0.86798,0.8719,0.87111,0.87045,0.8702,0.87045,0.87111,0.87045,0.8702,0.87045,0.87111,0.87045,0.8702,0.87045,0.87111,0.87045,0.8702,0.87045,0.87111,0.87045,0.8702,0.87045,0.87111,0.87045,0.8702,0.87045,0.87111,0.87045,0.8702,0.87045,0.87111,0.87045,0.8702,0.87045,0.87111,0.87045,0.8702,0.87045,0.87111,0.87045,0.8702,0.87045,0.87111,0.87045,0.8702,0.87045,0.87111,0.87045,0.8702,0.87045,0.87111,0.87045,0.8702,0.87045,0.87111,0.87045,0.8702,0.87045,0.87111,0.87045,0.8702,0.87045,0.87111,0.87045,0.8702,0.87045,0.87111,0.87045,0.8702,0.87045,0.87111,0.87045,0.8702,0.87045,0.87111,0.87045,0.8702,0.87045,0.87111,0.87045,0.8702,0.87045,0.87111,0.87045,0.8702,0.87045,0.87111,0.87045,0.8702,0.87045,0.87111,0.87045,0.8702,0.87045,0.87111,0.87045,0.8702,0.87045,0.87111,0.87045,0.8702,0.87045,0.87111,0.87045,0.8702,0.87143,0.87111,0.8684,0.87619,0.86482,0.87111,0.88276,0.8473,0.89366,0.87111,0.82212,0.98658,0.68005
0.86484,0.93145,0.80499,0.89337,0.86484,0.8497,0.87928,0.8572,0.86484,0.86776,0.86142,0.86583,0.86484,0.86418,0.86394,0.86418,0.86484,0.86418,0.86394,0.86418,0.86484,0.86418,0.86394,0.86418,0.86484,0.86418,0.86394,0.86418,0.86484,0.86418,0.86394,0.86418,0.86484,0.86418,0.86394,0.86418,0.86484,0.86418,0.86394,0.86418,0.86484,0.86418,0.86394,0.86418,0.86484,0.86418,0.86394,0.86418,0.86484,0.86418,0.86394,0.86418,0.86484,0.86418,0.86394,0.86418,0.86484,0.86418,0.86394,0.86418,0.86484,0.86418,0.86394,0.86418,0.86484,0.86418,0.86394,0.86418,0.86484,0.86418,0.86394,0.86418,0.86484,0.86418,0.86394,0.86418,0.86484,0.86418,0.86394,0.86418,0.86484,0.86418,0.86394,0.86418,0.86484,0.86418,0.86394,0.86418,0.86484,0.86418,0.86394,0.86418,0.86484,0.86418,0.86394,0.86418,0.86484,0.86418,0.86394,0.86418,0.86484,0.86418,0.86394,0.86418,0.86484,0.86418,0.86394,0.86418,0.86484,0.86418,0.86394,0.86418,0.86484,0.86418,0.86394,0.86418,0.86484,0.86418,0.86394,0.86418,0.86484,0.86418,0.86394,0.86418,0.86484,0.86418,0.86394,0.86418,0.86484,0.86418,0.86394,0.86418,0.86484,0.86418,0.86394,0.86418,0.86484,0.86418,0.86394,0.86418,0.86484,0.86418,0.86394,0.86418,0.86484,0.86418,0.86394,0.86418,0.86484,0.86418,0.86394,0.86418,0.86484,0.86418,0.86394,0.86418,0.86484,0.86418,0.86394,0.86418,0.86484,0.86418,0.86394,0.86418,0.86484,0.86418,0.86394,0.86418,0.86484,0.86418,0.86394,0.86418,0.86484,0.86418,0.86394,0.86418,0.86484,0.86418,0.86394,0.86418,0.86484,0.86418,0.86394,0.86418,0.86484,0.86418,0.86394,0.86418,0.86484,0.86418,0.86394,0.86418,0.86484,0.86418,0.86394,0.86418,0.86484,0.86418,0.86394,0.86418,0.86484,0.86418,0.86394,0.86418,0.86484,0.86418,0.86394,0.86418,0.86484,0.86418,0.86394,0.86418,0.86484,0.86418,0.86394,0.86418,0.86484,0.86418,0.86394,0.86418,0.86484,0.86418,0.86394,0.86418,0.86484,0.86418,0.86394,0.86418,0.86484,0.86418,0.86394,0.86418,0.86484,0.86418,0.86394,0.86418,0.86484,0.86418,0.86394,0.86418,0.86484,0.86418,0.86394,0.86516,0.86484,0.86215,0.86988,0.85859,0.86484,0.87641,0.8412,0.88723,0.86484,0.81621,0.97948,0.67515
0.75828,0.81669,0.70581,0.7833,0.75828,0.74501,0.77094,0.75159,0.75828,0.76084,0.75529,0.75915,0.75828,0.75771,0.7575,0.75771,0.75828,0.75771,0.7575,0.75771,0.75828,0.75771,0.7575,0.75771,0.75828,0.75771,0.7575,0.75771,0.75828,0.75771,0.7575,0.75771,0.75828,0.75771,0.7575,0.75771,0.75828,0.75771,0.7575,0.75771,0.75828,0.75771,0.7575,0.75771,0.75828,0.75771,0.7575,0.75771,0.75828,0.75771,0.7575,0.75771,0.75828,0.75771,0.7575,0.75771,0.75828,0.75771,0.7575,0.75771,0.75828,0.75771,0.7575,0.75771,0.75828,0.75771,0.7575,0.75771,0.75828,0.75771,0.7575,0.75771,0.75828,0.75771,0.7575,0.75771,0.75828,0.75771,0.7575,0.75771,0.75828,0.75771,0.7575,0.75771,0.75828,0.75771,0.7575,0.75771,0.75828,0.75771,0.7575,0.75771,0.75828,0.75771,0.7575,0.75771,0.75828,0.75771,0.7575,0.75771,0.75828,0.75771,0.7575,0.75771,0.75828,0.75771,0.7575,0.75771,0.75828,0.75771,0.7575,0.75771,0.75828,0.75771,0.7575,0.75793,0.75828,0.75725,0.75885,0.75644,0.75828,0.76049,0.75233,0.76295,0.75828,0.74681,0.78375,0.71476,0.56179,0.54608,0.5746,0.55473,0.56179,0.56465,0.55772,0.56295,0.56179,0.56055,0.56178,0.56099,0.56179,0.56136,0.5612,0.56136,0.56179,0.56136,0.5612,0.56136,0.56179,0.56136,0.5612,0.56136,0.56179,0.56136,0.5612,0.56136,0.56179,0.56136,0.5612,0.56136,0.56179,0.56136,0.5612,0.56136,0.56179,0.56136,0.5612,0.56136,0.56179,0.56136,0.5612,0.56136,0.56179,0.56136,0.5612,0.56136,0.56179,0.56136,0.5612,0.56136,0.56179,0.56136,0.5612,0.56136,0.56179,0.56136,0.5612,0.56136,0.56179,0.56136,0.5612,0.56136,0.56179,0.56136,0.5612,0.56136,0.56179,0.56136,0.5612,0.56136,0.56179,0.56136,0.5612,0.56136,0.56179,0.56136,0.5612,0.56136,0.56179,0.56136,0.5612,0.56136,0.56179,0.56136,0.5612,0.56136,0.56179,0.56136,0.5612,0.56136,0.56179,0.56136,0.5612,0.56136,0.56179,0.56136,0.5612,0.56136,0.56179,0.56136,0.5612,0.56136,0.56179,0.56136,0.5612,0.56136,0.56179,0.56136,0.5612,0.56136,0.56179,0.56136,0.5612,0.562,0.56179,0.56004,0.56506,0.55773,0.56179,0.5693,0.54643,0.57633,0.56179,0.5302,0.63625,0.43857
0.85697,0.92298,0.79767,0.88525,0.85697,0.84197,0.87128,0.84941,0.85697,0.85987,0.85359,0.85795,0.85697,0.85632,0.85608,0.85632,0.85697,0.85632,0.85608,0.85632,0.85697,0.85632,0.85608,0.85632,0.85697,0.85632,0.85608,0.85632,0.85697,0.85632,0.85608,0.85632,0.85697,0.85632,0.85608,0.85632,0.85697,0.85632,0.85608,0.85632,0.85697,0.85632,0.85608,0.85632,0.85697,0.85632,0.85608,0.85632,0.85697,0.85632,0.85608,0.85632,0.85697,0.85632,0.85608,0.85632,0.85697,0.85632,0.85608,0.85632,0.85697,0.85632,0.85608,0.85632,0.85697,0.85632,0.85608,0.85632,0.85697,0.85632,0.85608,0.85632,0.85697,0.85632,0.85608,0.85632,0.85697,0.85632,0.85608,0.85632,0.85697,0.85632,0.85608,0.85632,0.85697,0.85632,0.85608,0.85632,0.85697,0.85632,0.85608,0.85632,0.85697,0.85632,0.85608,0.85632,0.85697,0.85632,0.85608,0.85632,0.85697,0.85632,0.85608,0.85632,0.85697,0.85632,0.85608,0.85632,0.85697,0.85632,0.85608,0.85632,0.85697,0.85632,0.85608,0.85661,0.85697,0.85574,0.85781,0.8547,0.85697,0.85986,0.8495,0.863,0.85697,0.84243,0.88955,0.80156,0.60645,0.5865,0.62289,0.59753,0.60645,0.61018,0.60138,0.60801,0.60645,0.60495,0.60655,0.60551,0.60645,0.60599,0.60582,0.60599,0.60645,0.60599,0.60582,0.60599,0.60645,0.60599,0.60582,0.60599,0.60645,0.60599,0.60582,0.60599,0.60645,0.60599,0.60582,0.60599,0.60645,0.60599,0.60582,0.60599,0.60645,0.60599,0.60582,0.60599,0.60645,0.60599,0.60582,0.60599,0.60645,0.60599,0.60582,0.60599,0.60645,0.60599,0.60582,0.60599,0.60645,0.60599,0.60582,0.60599,0.60645,0.60599,0.60582,0.60599,0.60645,0.60599,0.60582,0.60599,0.60645,0.60599,0.60582,0.60599,0.60645,0.60599,0.60582,0.60599,0.60645,0.60599,0.60582,0.60599,0.60645,0.60599,0.60582,0.60599,0.60645,0.60599,0.60582,0.60599,0.60645,0.60599,0.60582,0.60599,0.60645,0.60599,0.60582,0.60599,0.60645,0.60599,0.60582,0.60599,0.60645,0.60599,0.60582,0.60599,0.60645,0.60599,0.60582,0.60599,0.60645,0.60599,0.60582,0.60599,0.60645,0.60599,0.60582,0.60599,0.60645,0.60599,0.60582,0.60667,0.60645,0.60456,0.60998,0.60207,0.60645,0.61456,0.58987,0.62215,0.60645,0.57234,0.68683,0.47343
0.36109,0.3889,0.3361,0.373,0.36109,0.35477,0.36711,0.3579,0.36109,0.36231,0.35966,0.3615,0.36109,0.36081,0.36071,0.36081,0.36109,0.36081,0.36071,0.36081,0.36109,0.36081,0.36071,0.36081,0.36109,0.36081,0.36071,0.36081,0.36109,0.36081,0.36071,0.36081,0.36109,0.36081,0.36071,0.36081,0.36109,0.36081,0.36071,0.36081,0.36109,0.36081,0.36071,0.36081,0.36109,0.36081,0.36071,0.36081,0.36109,0.36081,0.36071,0.36081,0.36109,0.36081,0.36071,0.36081,0.36109,0.36081,0.36071,0.36081,0.36109,0.36081,0.36071,0.36081,0.36109,0.36081,0.36071,0.36081,0.36109,0.36081,0.36071,0.36081,0.36109,0.36081,0.36071,0.36081,0.36109,0.36081,0.36071,0.36081,0.36109,0.36081,0.36071,0.36081,0.36109,0.36081,0.36071,0.36081,0.36109,0.36081,0.36071,0.36081,0.36109,0.36081,0.36071,0.36081,0.36109,0.36081,0.36071,0.36081,0.36109,0.36081,0.36071,0.36081,0.36109,0.36081,0.36071,0.36081,0.36109,0.36081,0.36071,0.36081,0.36109,0.36081,0.36071,0.36037,0.36109,0.36174,0.35799,0.36337,0.36109,0.35522,0.37112,0.35026,0.36109,0.38278,0.30781,0.44738,0.75712,0.78736,0.72935,0.76992,0.75712,0.74992,0.76336,0.75336,0.75712,0.75819,0.75519,0.75731,0.75712,0.75655,0.75634,0.75655,0.75712,0.75655,0.75634,0.75655,0.75712,0.75655,0.75634,0.75655,0.75712,0.75655,0.75634,0.75655,0.75712,0.75655,0.75634,0.75655,0.75712,0.75655,0.75634,0.75655,0.75712,0.75655,0.75634,0.75655,0.75712,0.75655,0.75634,0.75655,0.75712,0.75655,0.75634,0.75655,0.75712,0.75655,0.75634,0.75655,0.75712,0.75655,0.75634,0.75655,0.75712,0.75655,0.75634,0.75655,0.75712,0.75655,0.75634,0.75655,0.75712,0.75655,0.75634,0.75655,0.75712,0.75655,0.75634,0.75655,0.75712,0.75655,0.75634,0.75655,0.75712,0.75655,0.75634,0.75655,0.75712,0.75655,0.75634,0.75655,0.75712,0.75655,0.75634,0.75655,0.75712,0.75655,0.75634,0.75655,0.75712,0.75655,0.75634,0.75655,0.75712,0.75655,0.75634,0.75655,0.75712,0.75655,0.75634,0.75655,0.75712,0.75655,0.75634,0.75655,0.75712,0.75655,0.75634,0.75655,0.75712,0.75655,0.75634,0.75741,0.75712,0.75477,0.76154,0.75166,0.75712,0.76725,0.73644,0.77673,0.75712,0.71455,0.85749,0.59106
0.30059,0.32374,0.27978,0.3105,0.30059,0.29532,0.3056,0.29793,0.30059,0.3016,0.2994,0.30093,0.30059,0.30036,0.30027,0.30036,0.30059,0.30036,0.30027,0.30036,0.30059,0.30036,0.30027,0.30036,0.30059,0.30036,0.30027,0.30036,0.30059,0.30036,0.30027,0.30036,0.30059,0.30036,0.30027,0.30036,0.30059,0.30036,0.30027,0.30036,0.30059,0.30036,0.30027,0.30036,0.30059,0.30036,0.30027,0.30036,0.30059,0.30036,0.30027,0.30036,0.30059,0.30036,0.30027,0.30036,0.30059,0.30036,0.30027,0.30036,0.30059,0.30036,0.30027,0.30036,0.30059,0.30036,0.30027,0.30036,0.30059,0.30036,0.30027,0.30036,0.30059,0.30036,0.30027,0.30036,0.30059,0.30036,0.30027,0.30036,0.30059,0.30036,0.30027,0.30036,0.30059,0.30036,0.30027,0.30036,0.30059,0.30036,0.30027,0.30036,0.30059,0.30036,0.30027,0.30036,0.30059,0.30036,0.30027,0.30036,0.30059,0.30036,0.30027,0.30036,0.30059,0.30036,0.30027,0.30036,0.30059,0.30036,0.30027,0.30036,0.30059,0.30036,0.30027,0.29991,0.30059,0.3013,0.29752,0.30295,0.30059,0.29469,0.31082,0.28967,0.30059,0.32261,0.24668,0.38804,0.70174,0.73241,0.67367,0.71475,0.70174,0.69449,0.70812,0.69797,0.70174,0.70287,0.69984,0.70197,0.70174,0.70121,0.70101,0.70121,0.70174,0.70121,0.70101,0.70121,0.70174,0.70121,0.70101,0.70121,0.70174,0.70121,0.70101,0.70121,0.70174,0.70121,0.70101,0.70121,0.70174,0.70121,0.70101,0.70121,0.70174,0.70121,0.70101,0.70121,0.70174,0.70121,0.70101,0.70121,0.70174,0.70121,0.70101,0.70121,0.70174,0.70121,0.70101,0.70121,0.70174,0.70121,0.70101,0.70121,0.70174,0.70121,0.70101,0.70121,0.70174,0.70121,0.70101,0.70121,0.70174,0.70121,0.70101,0.70121,0.70174,0.70121,0.70101,0.70121,0.70174,0.70121,0.70101,0.70121,0.70174,0.70121,0.70101,0.70121,0.70174,0.70121,0.70101,0.70121,0.70174,0.70121,0.70101,0.70121,0.70174,0.70121,0.70101,0.70121,0.70174,0.70121,0.70101,0.70121,0.70174,0.70121,0.70101,0.70121,0.70174,0.70121,0.70101,0.70121,0.70174,0.70121,0.70101,0.70121,0.70174,0.70121,0.70101,0.70121,0.70174,0.70121,0.70101,0.702,0.70174,0.69956,0.70583,0.69667,0.70174,0.71112,0.68256,0.71991,0.70174,0.66228,0.79476,0.54783
0.65142,0.70159,0.60634,0.67291,0.65142,0.64002,0.6623,0.64567,0.65142,0.65362,0.64885,0.65217,0.65142,0.65093,0.65075,0.65093,0.65142,0.65093,0.65075,0.65093,0.65142,0.65093,0.65075,0.65093,0.65142,0.65093,0.65075,0.65093,0.65142,0.65093,0.65075,0.65093,0.65142,0.65093,0.65075,0.65093,0.65142,0.65093,0.65075,0.65093,0.65142,0.65093,0.65075,0.65093,0.65142,0.65093,0.65075,0.65093,0.65142,0.65093,0.65075,0.65093,0.65142,0.65093,0.65075,0.65093,0.65142,0.65093,0.65075,0.65093,0.65142,0.65093,0.65075,0.65093,0.65142,0.65093,0.65075,0.65093,0.65142,0.65093,0.65075,0.65093,0.65142,0.65093,0.65075,0.65093,0.65142,0.65093,0.65075,0.65093,0.65142,0.65093,0.65075,0.65093,0.65142,0.65093,0.65075,0.65093,0.65142,0.65093,0.65075,0.65093,0.65142,0.65093,0.65075,0.65093,0.65142,0.65093,0.65075,0.65093,0.65142,0.65093,0.65075,0.65093,0.65142,0.65093,0.65075,0.65093,0.65142,0.65093,0.65075,0.65093,0.65142,0.65093,0.65075,0.6508,0.65142,0.65119,0.64998,0.65165,0.65142,0.64936,0.65367,0.64797,0.65142,0.65709,0.63591,0.6752,0.76247,0.77053,0.75411,0.76564,0.76247,0.76003,0.76365,0.761,0.76247,0.76235,0.76136,0.76211,0.76247,0.76189,0.76168,0.76189,0.76247,0.76189,0.76168,0.76189,0.76247,0.76189,0.76168,0.76189,0.76247,0.76189,0.76168,0.76189,0.76247,0.76189,0.76168,0.76189,0.76247,0.76189,0.76168,0.76189,0.76247,0.76189,0.76168,0.76189,0.76247,0.76189,0.76168,0.76189,0.76247,0.76189,0.76168,0.76189,0.76247,0.76189,0.76168,0.76189,0.76247,0.76189,0.76168,0.76189,0.76247,0.76189,0.76168,0.76189,0.76247,0.76189,0.76168,0.76189,0.76247,0.76189,0.76168,0.76189,0.76247,0.76189,0.76168,0.76189,0.76247,0.76189,0.76168,0.76189,0.76247,0.76189,0.76168,0.76189,0.76247,0.76189,0.76168,0.76189,0.76247,0.76189,0.76168,0.76189,0.76247,0.76189,0.76168,0.76189,0.76247,0.76189,0.76168,0.76189,0.76247,0.76189,0.76168,0.76189,0.76247,0.76189,0.76168,0.76189,0.76247,0.76189,0.76168,0.76189,0.76247,0.76189,0.76168,0.76189,0.76247,0.76189,0.76168,0.76276,0.76247,0.7601,0.76692,0.75697,0.76247,0.77267,0.74164,0.78221,0.76247,0.7196,0.86354,0.59524
0.57341,0.61757,0.53373,0.59233,0.57341,0.56337,0.58298,0.56834,0.57341,0.57534,0.57114,0.57406,0.57341,0.57297,0.57281,0.57297,0.57341,0.57297,0.57281,0.57297,0.57341,0.57297,0.57281,0.57297,0.57341,0.57297,0.57281,0.57297,0.57341,0.57297,0.57281,0.57297,0.57341,0.57297,0.57281,0.57297,0.57341,0.57297,0.57281,0.57297,0.57341,0.57297,0.57281,0.57297,0.57341,0.57297,0.57281,0.57297,0.57341,0.57297,0.57281,0.57297,0.57341,0.57297,0.57281,0.57297,0.57341,0.57297,0.57281,0.57297,0.57341,0.57297,0.57281,0.57297,0.57341,0.57297,0.57281,0.57297,0.57341,0.57297,0.57281,0.57297,0.57341,0.57297,0.57281,0.57297,0.57341,0.57297,0.57281,0.57297,0.57341,0.57297,0.57281,0.57297,0.57341,0.57297,0.57281,0.57297,0.57341,0.57297,0.57281,0.57297,0.57341,0.57297,0.57281,0.57297,0.57341,0.57297,0.57281,0.57297,0.57341,0.57297,0.57281,0.57297,0.57341,0.57297,0.57281,0.57297,0.57341,0.57297,0.57281,0.57297,0.57341,0.57297,0.57281,0.57264,0.57341,0.57367,0.57077,0.57489,0.57341,0.56878,0.58062,0.56506,0.57341,0.58946,0.53313,0.63791,0.8705,0.89295,0.84935,0.87987,0.8705,0.86487,0.87487,0.86744,0.8705,0.87107,0.86873,0.87041,0.8705,0.86984,0.8696,0.86984,0.8705,0.86984,0.8696,0.86984,0.8705,0.86984,0.8696,0.86984,0.8705,0.86984,0.8696,0.86984,0.8705,0.86984,0.8696,0.86984,0.8705,0.86984,0.8696,0.86984,0.8705,0.86984,0.8696,0.86984,0.8705,0.86984,0.8696,0.86984,0.8705,0.86984,0.8696,0.86984,0.8705,0.86984,0.8696,0.86984,0.8705,0.86984,0.8696,0.86984,0.8705,0.86984,0.8696,0.86984,0.8705,0.86984,0.8696,0.86984,0.8705,0.86984,0.8696,0.86984,0.8705,0.86984,0.8696,0.86984,0.8705,0.86984,0.8696,0.86984,0.8705,0.86984,0.8696,0.86984,0.8705,0.86984,0.8696,0.86984,0.8705,0.86984,0.8696,0.86984,0.8705,0.86984,0.8696,0.86984,0.8705,0.86984,0.8696,0.86984,0.8705,0.86984,0.8696,0.86984,0.8705,0.86984,0.8696,0.86984,0.8705,0.86984,0.8696,0.86984,0.8705,0.86984,0.8696,0.86984,0.8705,0.86984,0.8696,0.87083,0.8705,0.8678,0.87558,0.86421,0.8705,0.88214,0.84671,0.89304,0.8705,0.82155,0.98589,0.67957
0.11111,0.11967,0.10343,0.11478,0.11111,0.10917,0.11297,0.11013,0.11111,0.11149,0.11068,0.11124,0.11111,0.11103,0.111,0.11103,0.11111,0.11103,0.111,0.11103,0.11111,0.11103,0.111,0.11103,0.11111,0.11103,0.111,0.11103,0.11111,0.11103,0.111,0.11103,0.11111,0.11103,0.111,0.11103,0.11111,0.11103,0.111,0.11103,0.11111,0.11103,0.111,0.11103,0.11111,0.11103,0.111,0.11103,0.11111,0.11103,0.111,0.11103,0.11111,0.11103,0.111,0.11103,0.11111,0.11103,0.111,0.11103,0.11111,0.11103,0.111,0.11103,0.11111,0.11103,0.111,0.11103,0.11111,0.11103,0.111,0.11103,0.11111,0.11103,0.111,0.11103,0.11111,0.11103,0.111,0.11103,0.11111,0.11103,0.111,0.11103,0.11111,0.11103,0.111,0.11103,0.11111,0.11103,0.111,0.11103,0.11111,0.11103,0.111,0.11103,0.11111,0.11103,0.111,0.11103,0.11111,0.11103,0.111,0.11103,0.11111,0.11103,0.111,0.11103,0.11111,0.11103,0.111,0.11103,0.11111,0.11103,0.111,0.11014,0.11111,0.11289,0.10557,0.11614,0.11111,0.099855,0.13179,0.089957,0.11111,0.1549,0.0053586,0.28388,0.9019,0.96273,0.84706,0.92791,0.9019,0.88798,0.91499,0.89483,0.9019,0.90449,0.89866,0.90272,0.9019,0.90122,0.90097,0.90122,0.9019,0.90122,0.90097,0.90122,0.9019,0.90122,0.90097,0.90122,0.9019,0.90122,0.90097,0.90122,0.9019,0.90122,0.90097,0.90122,0.9019,0.90122,0.90097,0.90122,0.9019,0.90122,0.90097,0.90122,0.9019,0.90122,0.90097,0.90122,0.9019,0.90122,0.90097,0.90122,0.9019,0.90122,0.90097,0.90122,0.9019,0.90122,0.90097,0.90122,0.9019,0.90122,0.90097,0.90122,0.9019,0.90122,0.90097,0.90122,0.9019,0.90122,0.90097,0.90122,0.9019,0.90122,0.90097,0.90122,0.9019,0.90122,0.90097,0.90122,0.9019,0.90122,0.90097,0.90122,0.9019,0.90122,0.90097,0.90122,0.9019,0.90122,0.90097,0.90122,0.9019,0.90122,0.90097,0.90122,0.9019,0.90122,0.90097,0.90122,0.9019,0.90122,0.90097,0.90122,0.9019,0.90122,0.90097,0.90122,0.9019,0.90122,0.90097,0.90122,0.9019,0.90122,0.90097,0.90122,0.9019,0.90122,0.90097,0.90224,0.9019,0.8991,0.90716,0.89539,0.9019,0.91397,0.87726,0.92525,0.9019,0.85119,1.0215,0.70409
0.84063,0.90538,0.78246,0.86837,0.84063,0.82592,0.85467,0.83321,0.84063,0.84347,0.83732,0.8416,0.84063,0.84,0.83976,0.84,0.84063,0.84,0.83976,0.84,0.84063,0.84,0.83976,0.84,0.84063,0.84,0.83976,0.84,0.84063,0.84,0.83976,0.84,0.84063,0.84,0.83976,0.84,0.84063,0.84,0.83976,0.84,0.84063,0.84,0.83976,0.84,0.84063,0.84,0.83976,0.84,0.84063,0.84,0.83976,0.84,0.84063,0.84,0.83976,0.84,0.84063,0.84,0.83976,0.84,0.84063,0.84,0.83976,0.84,0.84063,0.84,0.83976,0.84,0.84063,0.84,0.83976,0.84,0.84063,0.84,0.83976,0.84,0.84063,0.84,0.83976,0.84,0.84063,0.84,0.83976,0.84,0.84063,0.84,0.83976,0.84,0.84063,0.84,0.83976,0.84,0.84063,0.84,0.83976,0.84,0.84063,0.84,0.83976,0.84,0.84063,0.84,0.83976,0.84,0.84063,0.84,0.83976,0.84,0.84063,0.84,0.83976,0.84,0.84063,0.84,0.83976,0.84,0.84063,0.84,0.83976,0.84,0.84063,0.84,0.83976,0.84,0.84063,0.84,0.83976,0.84,0.84063,0.84,0.83976,0.84,0.84063,0.84,0.83976,0.84,0.84063,0.84,0.83976,0.84,0.84063,0.84,0.83976,0.84,0.84063,0.84,0.83976,0.84,0.84063,0.84,0.83976,0.84,0.84063,0.84,0.83976,0.84,0.84063,0.84,0.83976,0.84,0.84063,0.84,0.83976,0.84,0.84063,0.84,0.83976,0.84,0.84063,0.84,0.83976,0.84,0.84063,0.84,0.83976,0.84,0.84063,0.84,0.83976,0.84,0.84063,0.84,0.83976,0.84,0.84063,0.84,0.83976,0.84,0.84063,0.84,0.83976,0.84,0.84063,0.84,0.83976,0.84,0.84063,0.84,0.83976,0.84,0.84063,0.84,0.83976,0.84,0.84063,0.84,0.83976,0.84,0.84063,0.84,0.83976,0.84,0.84063,0.84,0.83976,0.84,0.84063,0.84,0.83976,0.84,0.84063,0.84,0.83976,0.84,0.84063,0.84,0.83976,0.84,0.84063,0.84,0.83976,0.84,0.84063,0.84,0.83976,0.84,0.84063,0.84,0.83976,0.84,0.84063,0.84,0.83976,0.84095,0.84063,0.83802,0.84554,0.83456,0.84063,0.85188,0.81766,0.8624,0.84063,0.79336,0.95207,0.65626
0.48009,0.51707,0.44687,0.49593,0.48009,0.47169,0.48811,0.47585,0.48009,0.48171,0.4782,0.48064,0.48009,0.47973,0.47959,0.47973,0.48009,0.47973,0.47959,0.47981,0.48009,0.47956,0.48008,0.47928,0.48009,0.48072,0.47775,0.4816,0.48009,0.47584,0.48897,0.4644,0.40994,0.40418,0.4143,0.40726,0.40994,0.41081,0.40827,0.4102,0.40994,0.40934,0.40972,0.4095,0.40994,0.40963,0.40952,0.40963,0.40994,0.40963,0.40952,0.40967,0.40994,0.40956,0.40974,0.40943,0.40994,0.41008,0.40868,0.41048,0.40994,0.40787,0.41377,0.40268,0.37814,0.37538,0.37992,0.37678,0.37814,0.37839,0.37719,0.37811,0.37814,0.37772,0.37784,0.3778,0.37814,0.37786,0.37775,0.37786,0.37814,0.37786,0.37775,0.37752,0.37814,0.37856,0.37569,0.37979,0.37814,0.37362,0.38562,0.36988,0.37814,0.39447,0.33774,0.44331,0.67761,0.70039,0.6565,0.68721,0.67761,0.67209,0.68222,0.67468,0.67761,0.67834,0.67604,0.67767,0.67761,0.6771,0.67691,0.6771,0.67761,0.6771,0.67691,0.67749,0.67761,0.67629,0.6793,0.67486,0.67761,0.682,0.66779,0.68635,0.67761,0.65785,0.72326,0.60126,0.33065,0.30341,0.35396,0.31869,0.33065,0.33621,0.32416,0.3332,0.33065,0.32897,0.33132,0.32974,0.33065,0.3304,0.33031,0.3304,0.33065,0.3304,0.33031,0.33021,0.33065,0.3308,0.32914,0.3315,0.33065,0.32799,0.33479,0.32585,0.33065,0.33987,0.30751,0.3677,0.50132,0.51421,0.48916,0.5067,0.50132,0.49808,0.50382,0.49956,0.50132,0.50164,0.5003,0.50126,0.50132,0.50094,0.5008,0.50094,0.50132,0.50094,0.5008,0.50095,0.50132,0.50091,0.50088,0.50086,0.50132,0.5011,0.50049,0.50125,0.50132,0.50029,0.50235,0.49839,0.48968,0.4884,0.48997,0.48892,0.48968,0.4895,0.48897,0.4894,0.48968,0.48926,0.48921,0.48929,0.48968,0.48931,0.48917,0.48931,0.48968,0.48931,0.48917,0.48922,0.48968,0.48949,0.48865,0.4898,0.48968,0.48823,0.49118,0.48727,0.48968,0.49355,0.47895,0.50604,0.5662,0.57172,0.5604,0.56835,0.5662,0.56449,0.56697,0.56515,0.5662,0.56609,0.56539,0.56592,0.5662,0.56577,0.56561,0.56577,0.5662,0.56577,0.56561,0.56641,0.5662,0.56444,0.5695,0.56211,0.5662,0.57377,0.55073,0.58086,0.5662,0.53436,0.64125,0.44201
0.63023,0.67877,0.58662,0.65103,0.63023,0.6192,0.64076,0.62467,0.63023,0.63236,0.62774,0.63095,0.63023,0.62976,0.62958,0.62976,0.63023,0.62976,0.62958,0.62976,0.63023,0.62976,0.62958,0.62976,0.63023,0.62976,0.62958,0.62976,0.63023,0.62976,0.62958,0.62976,0.63023,0.62976,0.62958,0.62976,0.63023,0.62976,0.62958,0.62976,0.63023,0.62976,0.62958,0.62976,0.63023,0.62976,0.62958,0.62976,0.63023,0.62976,0.62958,0.62976,0.63023,0.62976,0.62958,0.62976,0.63023,0.62976,0.62958,0.62976,0.63023,0.62976,0.62958,0.62976,0.63023,0.62976,0.62958,0.62976,0.63023,0.62976,0.62958,0.62976,0.63023,0.62976,0.62958,0.62976,0.63023,0.62976,0.62958,0.62976,0.63023,0.62976,0.62958,0.62976,0.63023,0.62976,0.62958,0.62976,0.63023,0.62976,0.62958,0.62976,0.63023,0.62976,0.62958,0.62976,0.63023,0.62976,0.62958,0.62976,0.63023,0.62976,0.62958,0.62976,0.63023,0.62976,0.62958,0.62976,0.63023,0.62976,0.62958,0.62976,0.63023,0.62976,0.62958,0.62955,0.63023,0.63019,0.62832,0.63094,0.63023,0.62716,0.63441,0.62486,0.63023,0.63995,0.60503,0.66993,0.81401,0.82769,0.80064,0.8196,0.81401,0.81032,0.81643,0.81191,0.81401,0.81415,0.81263,0.81374,0.81401,0.81339,0.81317,0.81339,0.81401,0.81339,0.81317,0.81339,0.81401,0.81339,0.81317,0.81339,0.81401,0.81339,0.81317,0.81339,0.81401,0.81339,0.81317,0.81339,0.81401,0.81339,0.81317,0.81339,0.81401,0.81339,0.81317,0.81339,0.81401,0.81339,0.81317,0.81339,0.81401,0.81339,0.81317,0.81339,0.81401,0.81339,0.81317,0.81339,0.81401,0.81339,0.81317,0.81339,0.81401,0.81339,0.81317,0.81339,0.81401,0.81339,0.81317,0.81339,0.81401,0.81339,0.81317,0.81339,0.81401,0.81339,0.81317,0.81339,0.81401,0.81339,0.81317,0.81339,0.81401,0.81339,0.81317,0.81339,0.81401,0.81339,0.81317,0.81339,0.81401,0.81339,0.81317,0.81339,0.81401,0.81339,0.81317,0.81339,0.81401,0.81339,0.81317,0.81339,0.81401,0.81339,0.81317,0.81339,0.81401,0.81339,0.81317,0.81339,0.81401,0.81339,0.81317,0.81339,0.81401,0.81339,0.81317,0.81339,0.81401,0.81339,0.81317,0.81431,0.81401,0.81148,0.81876,0.80813,0.81401,0.8249,0.79177,0.83509,0.81401,0.76824,0.92191,0.63547
0.53211,0.5731,0.49529,0.54967,0.53211,0.5228,0.541,0.52742,0.53211,0.53391,0.53001,0.53272,0.53211,0.53171,0.53156,0.53171,0.53211,0.53171,0.53156,0.53171,0.53211,0.53171,0.53156,0.53171,0.53211,0.53171,0.53156,0.53171,0.53211,0.53171,0.53156,0.53171,0.53211,0.53171,0.53156,0.53171,0.53211,0.53171,0.53156,0.53171,0.53211,0.53171,0.53156,0.53171,0.53211,0.53171,0.53156,0.53171,0.53211,0.53171,0.53156,0.53176,0.53211,0.53162,0.53183,0.53146,0.53211,0.53225,0.53056,0.53273,0.53211,0.52959,0.53667,0.52335,0.49387,0.49053,0.49597,0.49221,0.49387,0.49414,0.49268,0.49381,0.49387,0.49334,0.49347,0.49343,0.49387,0.4935,0.49336,0.4935,0.49387,0.4935,0.49336,0.4935,0.49387,0.4935,0.49336,0.4935,0.49387,0.4935,0.49336,0.4935,0.49387,0.4935,0.49336,0.4935,0.49387,0.4935,0.49336,0.4935,0.49387,0.4935,0.49336,0.4935,0.49387,0.4935,0.49336,0.4935,0.49387,0.4935,0.49336,0.4935,0.49387,0.4935,0.49336,0.49359,0.49387,0.4933,0.49394,0.49296,0.49387,0.49468,0.49116,0.49573,0.49387,0.48886,0.50453,0.47522,0.41026,0.40345,0.41553,0.40713,0.41026,0.41135,0.40835,0.41062,0.41026,0.4096,0.41008,0.40979,0.41026,0.40995,0.40983,0.40995,0.41026,0.40995,0.40983,0.40995,0.41026,0.40995,0.40983,0.40995,0.41026,0.40995,0.40983,0.40995,0.41026,0.40995,0.40983,0.40995,0.41026,0.40995,0.40983,0.40995,0.41026,0.40995,0.40983,0.40995,0.41026,0.40995,0.40983,0.40995,0.41026,0.40995,0.40983,0.40995,0.41026,0.40995,0.40983,0.40956,0.41026,0.41075,0.4075,0.41215,0.41026,0.40514,0.41878,0.40088,0.41026,0.42883,0.36437,0.48434,0.75062,0.77652,0.72664,0.76154,0.75062,0.74435,0.75587,0.7473,0.75062,0.75146,0.74885,0.7507,0.75062,0.75005,0.74984,0.75005,0.75062,0.75005,0.74984,0.75005,0.75062,0.75005,0.74984,0.75005,0.75062,0.75005,0.74984,0.75005,0.75062,0.75005,0.74984,0.75005,0.75062,0.75005,0.74984,0.75005,0.75062,0.75005,0.74984,0.75005,0.75062,0.75005,0.74984,0.75005,0.75062,0.75005,0.74984,0.75005,0.75062,0.75005,0.74984,0.7509,0.75062,0.74829,0.755,0.7452,0.75062,0.76066,0.7301,0.77005,0.75062,0.70841,0.85011,0.58598
0.47813,0.51496,0.44505,0.49391,0.47813,0.46976,0.48612,0.47391,0.47813,0.47975,0.47625,0.47868,0.47813,0.47777,0.47764,0.47777,0.47813,0.47777,0.47764,0.47777,0.47813,0.47777,0.47764,0.47777,0.47813,0.47777,0.47764,0.47777,0.47813,0.47777,0.47764,0.47777,0.47813,0.47777,0.47764,0.47777,0.47813,0.47777,0.47764,0.47777,0.47813,0.47777,0.47764,0.47777,0.47813,0.47777,0.47764,0.47777,0.47813,0.47777,0.47764,0.47777,0.47813,0.47777,0.47764,0.47777,0.47813,0.47777,0.47764,0.47777,0.47813,0.47777,0.47764,0.47777,0.47813,0.47777,0.47764,0.47777,0.47813,0.47777,0.47764,0.47777,0.47813,0.47777,0.47764,0.47777,0.47813,0.47777,0.47764,0.47777,0.47813,0.47777,0.47764,0.47777,0.47813,0.47777,0.47764,0.47777,0.47813,0.47777,0.47764,0.47777,0.47813,0.47777,0.47764,0.47777,0.47813,0.47777,0.47764,0.47777,0.47813,0.47777,0.47764,0.47777,0.47813,0.47777,0.47764,0.47777,0.47813,0.47777,0.47764,0.47777,0.47813,0.47777,0.47764,0.47743,0.47813,0.47849,0.47553,0.47975,0.47813,0.47344,0.4857,0.4696,0.47813,0.49479,0.43666,0.54482,0.78488,0.80814,0.76316,0.79464,0.78488,0.77915,0.7895,0.78181,0.78488,0.78555,0.78317,0.78487,0.78488,0.78428,0.78406,0.78428,0.78488,0.78428,0.78406,0.78428,0.78488,0.78428,0.78406,0.78428,0.78488,0.78428,0.78406,0.78428,0.78488,0.78428,0.78406,0.78428,0.78488,0.78428,0.78406,0.78428,0.78488,0.78428,0.78406,0.78428,0.78488,0.78428,0.78406,0.78428,0.78488,0.78428,0.78406,0.78428,0.78488,0.78428,0.78406,0.78428,0.78488,0.78428,0.78406,0.78428,0.78488,0.78428,0.78406,0.78428,0.78488,0.78428,0.78406,0.78428,0.78488,0.78428,0.78406,0.78428,0.78488,0.78428,0.78406,0.78428,0.78488,0.78428,0.78406,0.78428,0.78488,0.78428,0.78406,0.78428,0.78488,0.78428,0.78406,0.78428,0.78488,0.78428,0.78406,0.78428,0.78488,0.78428,0.78406,0.78428,0.78488,0.78428,0.78406,0.78428,0.78488,0.78428,0.78406,0.78428,0.78488,0.78428,0.78406,0.78428,0.78488,0.78428,0.78406,0.78428,0.78488,0.78428,0.78406,0.78428,0.78488,0.78428,0.78406,0.78517,0.78488,0.78244,0.78946,0.77921,0.78488,0.79538,0.76343,0.8052,0.78488,0.74074,0.88892,0.61273
0.51401,0.5536,0.47844,0.53097,0.51401,0.50501,0.52259,0.50947,0.51401,0.51574,0.51198,0.51459,0.51401,0.51362,0.51347,0.51362,0.51401,0.51362,0.51347,0.51362,0.51401,0.51362,0.51347,0.51362,0.51401,0.51362,0.51347,0.51362,0.51401,0.51362,0.51347,0.51362,0.51401,0.51362,0.51347,0.51362,0.51401,0.51362,0.51347,0.51362,0.51401,0.51362,0.51347,0.51362,0.51401,0.51362,0.51347,0.51362,0.51401,0.51362,0.51347,0.51362,0.51401,0.51362,0.51347,0.51362,0.51401,0.51362,0.51347,0.51362,0.51401,0.51362,0.51347,0.51362,0.51401,0.51362,0.51347,0.51362,0.51401,0.51362,0.51347,0.51362,0.51401,0.51362,0.51347,0.51362,0.51401,0.51362,0.51347,0.51362,0.51401,0.51362,0.51347,0.51362,0.51401,0.51362,0.51347,0.51362,0.51401,0.51362,0.51347,0.51362,0.51401,0.51362,0.51347,0.51362,0.51401,0.51362,0.51347,0.51362,0.51401,0.51362,0.51347,0.51362,0.51401,0.51362,0.51347,0.51362,0.51401,0.51362,0.51347,0.51362,0.51401,0.51362,0.51347,0.51329,0.51401,0.5143,0.51148,0.51549,0.51401,0.50952,0.5211,0.50589,0.51401,0.52971,0.47472,0.57703,0.80413,0.82609,0.78352,0.81332,0.80413,0.79867,0.80845,0.80118,0.80413,0.80472,0.80246,0.80408,0.80413,0.80353,0.8033,0.80353,0.80413,0.80353,0.8033,0.80353,0.80413,0.80353,0.8033,0.80353,0.80413,0.80353,0.8033,0.80353,0.80413,0.80353,0.8033,0.80353,0.80413,0.80353,0.8033,0.80353,0.80413,0.80353,0.8033,0.80353,0.80413,0.80353,0.8033,0.80353,0.80413,0.80353,0.8033,0.80353,0.80413,0.80353,0.8033,0.80353,0.80413,0.80353,0.8033,0.80353,0.80413,0.80353,0.8033,0.80353,0.80413,0.80353,0.8033,0.80353,0.80413,0.80353,0.8033,0.80353,0.80413,0.80353,0.8033,0.80353,0.80413,0.80353,0.8033,0.80353,0.80413,0.80353,0.8033,0.80353,0.80413,0.80353,0.8033,0.80353,0.80413,0.80353,0.8033,0.80353,0.80413,0.80353,0.8033,0.80353,0.80413,0.80353,0.8033,0.80353,0.80413,0.80353,0.8033,0.80353,0.80413,0.80353,0.8033,0.80353,0.80413,0.80353,0.8033,0.80353,0.80413,0.80353,0.8033,0.80353,0.80413,0.80353,0.8033,0.80443,0.80413,0.80164,0.80883,0.79833,0.80413,0.81489,0.78216,0.82495,0.80413,0.75891,0.91072,0.62776
0.8171,0.88003,0.76056,0.84406,0.8171,0.8028,0.83074,0.80989,0.8171,0.81986,0.81387,0.81803,0.8171,0.81648,0.81625,0.81648,0.8171,0.81648,0.81625,0.81648,0.8171,0.81648,0.81625,0.81648,0.8171,0.81648,0.81625,0.81648,0.8171,0.81648,0.81625,0.81648,0.8171,0.81648,0.81625,0.81648,0.8171,0.81648,0.81625,0.81648,0.8171,0.81648,0.81625,0.81648,0.8171,0.81648,0.81625,0.81648,0.8171,0.81648,0.81625,0.81648,0.8171,0.81648,0.81625,0.81648,0.8171,0.81648,0.81625,0.81648,0.8171,0.81648,0.81625,0.81648,0.8171,0.81648,0.81625,0.81648,0.8171,0.81648,0.81625,0.81648,0.8171,0.81648,0.81625,0.81648,0.8171,0.81648,0.81625,0.81648,0.8171,0.81648,0.81625,0.81648,0.8171,0.81648,0.81625,0.81648,0.8171,0.81648,0.81625,0.81648,0.8171,0.81648,0.81625,0.81648,0.8171,0.81648,0.81625,0.81648,0.8171,0.81648,0.81625,0.81648,0.8171,0.81648,0.81625,0.81648,0.8171,0.81648,0.81625,0.81648,0.8171,0.81648,0.81625,0.81648,0.8171,0.81648,0.81625,0.81648,0.8171,0.81648,0.81625,0.81648,0.8171,0.81648,0.81625,0.81648,0.8171,0.81648,0.81625,0.81648,0.8171,0.81648,0.81625,0.81648,0.8171,0.81648,0.81625,0.81648,0.8171,0.81648,0.81625,0.81648,0.8171,0.81648,0.81625,0.81648,0.8171,0.81648,0.81625,0.81648,0.8171,0.81648,0.81625,0.81648,0.8171,0.81648,0.81625,0.81648,0.8171,0.81648,0.81625,0.81648,0.8171,0.81648,0.81625,0.81648,0.8171,0.81648,0.81625,0.81648,0.8171,0.81648,0.81625,0.81648,0.8171,0.81648,0.81625,0.81648,0.8171,0.81648,0.81625,0.81648,0.8171,0.81648,0.81625,0.81648,0.8171,0.81648,0.81625,0.81648,0.8171,0.81648,0.81625,0.81648,0.8171,0.81648,0.81625,0.81648,0.8171,0.81648,0.81625,0.81648,0.8171,0.81648,0.81625,0.81648,0.8171,0.81648,0.81625,0.81648,0.8171,0.81648,0.81625,0.81648,0.8171,0.81648,0.81625,0.81648,0.8171,0.81648,0.81625,0.81648,0.8171,0.81648,0.81625,0.81648,0.8171,0.81648,0.81625,0.81648,0.8171,0.81648,0.81625,0.81648,0.8171,0.81648,0.81625,0.81648,0.8171,0.81648,0.81625,0.81741,0.8171,0.81456,0.82187,0.8112,0.8171,0.82803,0.79477,0.83826,0.8171,0.77115,0.92541,0.63788
0.31575,0.34007,0.2939,0.32617,0.31575,0.31023,0.32102,0.31296,0.31575,0.31682,0.31451,0.31611,0.31575,0.31551,0.31543,0.31551,0.31575,0.31551,0.31543,0.31551,0.31575,0.31551,0.31543,0.31551,0.31575,0.31551,0.31543,0.31551,0.31575,0.31551,0.31543,0.31551,0.31575,0.31551,0.31543,0.31551,0.31575,0.31551,0.31543,0.31551,0.31575,0.31551,0.31543,0.31551,0.31575,0.31551,0.31543,0.31551,0.31575,0.31551,0.31543,0.31551,0.31575,0.31551,0.31543,0.31551,0.31575,0.31551,0.31543,0.31551,0.31575,0.31551,0.31543,0.31551,0.31575,0.31551,0.31543,0.31551,0.31575,0.31551,0.31543,0.31551,0.31575,0.31551,0.31543,0.31551,0.31575,0.31551,0.31543,0.31551,0.31575,0.31551,0.31543,0.31551,0.31575,0.31551,0.31543,0.31551,0.31575,0.31551,0.31543,0.31551,0.31575,0.31551,0.31543,0.31551,0.31575,0.31551,0.31543,0.31551,0.31575,0.31551,0.31543,0.31551,0.31575,0.31551,0.31543,0.31551,0.31575,0.31551,0.31543,0.31551,0.31575,0.31551,0.31543,0.31505,0.31575,0.31648,0.31259,0.31818,0.31575,0.30969,0.32626,0.30453,0.31575,0.33838,0.26036,0.40561,0.72793,0.75944,0.69908,0.74129,0.72793,0.72048,0.73449,0.72405,0.72793,0.72909,0.72598,0.72816,0.72793,0.72738,0.72718,0.72738,0.72793,0.72738,0.72718,0.72738,0.72793,0.72738,0.72718,0.72738,0.72793,0.72738,0.72718,0.72738,0.72793,0.72738,0.72718,0.72738,0.72793,0.72738,0.72718,0.72738,0.72793,0.72738,0.72718,0.72738,0.72793,0.72738,0.72718,0.72738,0.72793,0.72738,0.72718,0.72738,0.72793,0.72738,0.72718,0.72738,0.72793,0.72738,0.72718,0.72738,0.72793,0.72738,0.72718,0.72738,0.72793,0.72738,0.72718,0.72738,0.72793,0.72738,0.72718,0.72738,0.72793,0.72738,0.72718,0.72738,0.72793,0.72738,0.72718,0.72738,0.72793,0.72738,0.72718,0.72738,0.72793,0.72738,0.72718,0.72738,0.72793,0.72738,0.72718,0.72738,0.72793,0.72738,0.72718,0.72738,0.72793,0.72738,0.72718,0.72738,0.72793,0.72738,0.72718,0.72738,0.72793,0.72738,0.72718,0.72738,0.72793,0.72738,0.72718,0.72738,0.72793,0.72738,0.72718,0.72738,0.72793,0.72738,0.72718,0.7282,0.72793,0.72567,0.73218,0.72268,0.72793,0.73767,0.70804,0.74678,0.72793,0.687,0.82442,0.56827
0.71098,0.76574,0.66178,0.73444,0.71098,0.69854,0.72285,0.70471,0.71098,0.71338,0.70818,0.7118,0.71098,0.71045,0.71025,0.71045,0.71098,0.71045,0.71025,0.71045,0.71098,0.71045,0.71025,0.71045,0.71098,0.71045,0.71025,0.71045,0.71098,0.71045,0.71025,0.71045,0.71098,0.71045,0.71025,0.71045,0.71098,0.71045,0.71025,0.71045,0.71098,0.71045,0.71025,0.71045,0.71098,0.71045,0.71025,0.71045,0.71098,0.71045,0.71025,0.71045,0.71098,0.71045,0.71025,0.71045,0.71098,0.71045,0.71025,0.71045,0.71098,0.71045,0.71025,0.71045,0.71098,0.71045,0.71025,0.71045,0.71098,0.71045,0.71025,0.71045,0.71098,0.71045,0.71025,0.71045,0.71098,0.71045,0.71025,0.71045,0.71098,0.71045,0.71025,0.71045,0.71098,0.71045,0.71025,0.71045,0.71098,0.71045,0.71025,0.71045,0.71098,0.71045,0.71025,0.71045,0.71098,0.71045,0.71025,0.71045,0.71098,0.71045,0.71025,0.71045,0.71098,0.71045,0.71025,0.71045,0.71098,0.71045,0.71025,0.71045,0.71098,0.71045,0.71025,0.71095,0.71098,0.70939,0.71333,0.70755,0.71098,0.71678,0.69847,0.72239,0.71098,0.68559,0.7701,0.61251,0.26293,0.22789,0.2932,0.24761,0.26293,0.27024,0.25472,0.26635,0.26293,0.26088,0.26397,0.26188,0.26293,0.26273,0.26266,0.26273,0.26293,0.26273,0.26266,0.26273,0.26293,0.26273,0.26266,0.26273,0.26293,0.26273,0.26266,0.26273,0.26293,0.26273,0.26266,0.26273,0.26293,0.26273,0.26266,0.26273,0.26293,0.26273,0.26266,0.26273,0.26293,0.26273,0.26266,0.26273,0.26293,0.26273,0.26266,0.26273,0.26293,0.26273,0.26266,0.26273,0.26293,0.26273,0.26266,0.26273,0.26293,0.26273,0.26266,0.26273,0.26293,0.26273,0.26266,0.26273,0.26293,0.26273,0.26266,0.26273,0.26293,0.26273,0.26266,0.26273,0.26293,0.26273,0.26266,0.26273,0.26293,0.26273,0.26266,0.26273,0.26293,0.26273,0.26266,0.26273,0.26293,0.26273,0.26266,0.26273,0.26293,0.26273,0.26266,0.26273,0.26293,0.26273,0.26266,0.26273,0.26293,0.26273,0.26266,0.26273,0.26293,0.26273,0.26266,0.26273,0.26293,0.26273,0.26266,0.26273,0.26293,0.26273,0.26266,0.26273,0.26293,0.26273,0.26266,0.26303,0.26293,0.26212,0.26447,0.26103,0.26293,0.26645,0.25575,0.26974,0.26293,0.24815,0.29779,0.20526
0.87742,0.945,0.8167,0.90637,0.87742,0.86206,0.89207,0.86967,0.87742,0.88038,0.87395,0.87842,0.87742,0.87675,0.87651,0.87675,0.87742,0.87675,0.87651,0.87675,0.87742,0.87675,0.87651,0.87675,0.87742,0.87675,0.87651,0.87675,0.87742,0.87675,0.87651,0.87675,0.87742,0.87675,0.87651,0.87675,0.87742,0.87675,0.87651,0.87675,0.87742,0.87675,0.87651,0.87675,0.87742,0.87675,0.87651,0.87675,0.87742,0.87675,0.87651,0.87675,0.87742,0.87675,0.87651,0.87675,0.87742,0.87675,0.87651,0.87675,0.87742,0.87675,0.87651,0.87675,0.87742,0.87675,0.87651,0.87675,0.87742,0.87675,0.87651,0.87675,0.87742,0.87675,0.87651,0.87675,0.87742,0.87675,0.87651,0.87675,0.87742,0.87675,0.87651,0.87675,0.87742,0.87675,0.87651,0.87675,0.87742,0.87675,0.87651,0.87675,0.87742,0.87675,0.87651,0.87675,0.87742,0.87675,0.87651,0.87675,0.87742,0.87675,0.87651,0.87675,0.87742,0.87675,0.87651,0.87675,0.87742,0.87675,0.87651,0.87675,0.87742,0.87675,0.87651,0.87705,0.87742,0.87613,0.87833,0.87504,0.87742,0.8805,0.86954,0.88382,0.87742,0.86204,0.91193,0.81879,0.61223,0.59114,0.62967,0.60282,0.61223,0.61621,0.60689,0.61391,0.61223,0.61067,0.61237,0.61126,0.61223,0.61177,0.6116,0.61177,0.61223,0.61177,0.6116,0.61177,0.61223,0.61177,0.6116,0.61177,0.61223,0.61177,0.6116,0.61177,0.61223,0.61177,0.6116,0.61177,0.61223,0.61177,0.6116,0.61177,0.61223,0.61177,0.6116,0.61177,0.61223,0.61177,0.6116,0.61177,0.61223,0.61177,0.6116,0.61177,0.61223,0.61177,0.6116,0.61177,0.61223,0.61177,0.6116,0.61177,0.61223,0.61177,0.6116,0.61177,0.61223,0.61177,0.6116,0.61177,0.61223,0.61177,0.6116,0.61177,0.61223,0.61177,0.6116,0.61177,0.61223,0.61177,0.6116,0.61177,0.61223,0.61177,0.6116,0.61177,0.61223,0.61177,0.6116,0.61177,0.61223,0.61177,0.6116,0.61177,0.61223,0.61177,0.6116,0.61177,0.61223,0.61177,0.6116,0.61177,0.61223,0.61177,0.6116,0.61177,0.61223,0.61177,0.6116,0.61177,0.61223,0.61177,0.6116,0.61177,0.61223,0.61177,0.6116,0.61177,0.61223,0.61177,0.6116,0.61246,0.61223,0.61033,0.6158,0.60781,0.61223,0.62042,0.5955,0.62808,0.61223,0.5778,0.69338,0.47795
0.76066,0.81925,0.70802,0.78576,0.76066,0.74735,0.77336,0.75395,0.76066,0.76323,0.75766,0.76153,0.76066,0.76009,0.75988,0.76009,0.76066,0.76009,0.75988,0.76009,0.76066,0.76009,0.75988,0.76009,0.76066,0.76009,0.75988,0.76009,0.76066,0.76009,0.75988,0.76009,0.76066,0.76009,0.75988,0.76009,0.76066,0.76009,0.75988,0.76009,0.76066,0.76009,0.75988,0.76009,0.76066,0.76009,0.75988,0.76009,0.76066,0.76009,0.75988,0.76009,0.76066,0.76009,0.75988,0.76009,0.76066,0.76009,0.75988,0.76009,0.76066,0.76009,0.75988,0.76009,0.76066,0.76009,0.75988,0.76009,0.76066,0.76009,0.75988,0.76009,0.76066,0.76009,0.75988,0.76009,0.76066,0.76009,0.75988,0.76009,0.76066,0.76009,0.75988,0.76009,0.76066,0.76009,0.75988,0.76009,0.76066,0.76009,0.75988,0.76009,0.76066,0.76009,0.75988,0.76009,0.76066,0.76009,0.75988,0.76009,0.76066,0.76009,0.75988,0.76009,0.76066,0.76009,0.75988,0.76009,0.76066,0.76009,0.75988,0.76009,0.76066,0.76009,0.75988,0.76072,0.76066,0.75877,0.76374,0.75646,0.76066,0.76803,0.7451,0.77506,0.76066,0.72892,0.83494,0.63727,0.19876,0.15491,0.23686,0.17965,0.19876,0.20802,0.18859,0.20315,0.19876,0.19629,0.20019,0.19754,0.19876,0.19861,0.19855,0.19861,0.19876,0.19861,0.19855,0.19861,0.19876,0.19861,0.19855,0.19861,0.19876,0.19861,0.19855,0.19861,0.19876,0.19861,0.19855,0.19861,0.19876,0.19861,0.19855,0.19861,0.19876,0.19861,0.19855,0.19861,0.19876,0.19861,0.19855,0.19861,0.19876,0.19861,0.19855,0.19861,0.19876,0.19861,0.19855,0.19861,0.19876,0.19861,0.19855,0.19861,0.19876,0.19861,0.19855,0.19861,0.19876,0.19861,0.19855,0.19861,0.19876,0.19861,0.19855,0.19861,0.19876,0.19861,0.19855,0.19861,0.19876,0.19861,0.19855,0.19861,0.19876,0.19861,0.19855,0.19861,0.19876,0.19861,0.19855,0.19861,0.19876,0.19861,0.19855,0.19861,0.19876,0.19861,0.19855,0.19861,0.19876,0.19861,0.19855,0.19861,0.19876,0.19861,0.19855,0.19861,0.19876,0.19861,0.19855,0.19861,0.19876,0.19861,0.19855,0.19861,0.19876,0.19861,0.19855,0.19861,0.19876,0.19861,0.19855,0.19884,0.19876,0.19814,0.19992,0.19733,0.19876,0.20142,0.19333,0.20391,0.19876,0.18758,0.22511,0.15517
0.63488,0.68378,0.59095,0.65583,0.63488,0.62377,0.64548,0.62927,0.63488,0.63702,0.63237,0.63561,0.63488,0.6344,0.63422,0.6344,0.63488,0.6344,0.63422,0.6344,0.63488,0.6344,0.63422,0.6344,0.63488,0.6344,0.63422,0.6344,0.63488,0.6344,0.63422,0.6344,0.63488,0.6344,0.63422,0.6344,0.63488,0.6344,0.63422,0.6344,0.63488,0.6344,0.63422,0.6344,0.63488,0.6344,0.63422,0.6344,0.63488,0.6344,0.63422,0.6344,0.63488,0.6344,0.63422,0.6344,0.63488,0.6344,0.63422,0.6344,0.63488,0.6344,0.63422,0.6344,0.63488,0.6344,0.63422,0.6344,0.63488,0.6344,0.63422,0.6344,0.63488,0.6344,0.63422,0.6344,0.63488,0.6344,0.63422,0.6344,0.63488,0.6344,0.63422,0.6344,0.63488,0.6344,0.63422,0.6344,0.63488,0.6344,0.63422,0.6344,0.63488,0.6344,0.63422,0.6344,0.63488,0.6344,0.63422,0.6344,0.63488,0.6344,0.63422,0.6344,0.63488,0.6344,0.63422,0.6344,0.63488,0.6344,0.63422,0.6344,0.63488,0.6344,0.63422,0.63428,0.63488,0.63464,0.63351,0.63507,0.63488,0.63293,0.63695,0.63163,0.63488,0.64016,0.62034,0.65711,0.73878,0.7463,0.73093,0.74173,0.73878,0.73648,0.73986,0.73738,0.73878,0.73865,0.73771,0.73842,0.73878,0.73822,0.73802,0.73822,0.73878,0.73822,0.73802,0.73822,0.73878,0.73822,0.73802,0.73822,0.73878,0.73822,0.73802,0.73822,0.73878,0.73822,0.73802,0.73822,0.73878,0.73822,0.73802,0.73822,0.73878,0.73822,0.73802,0.73822,0.73878,0.73822,0.73802,0.73822,0.73878,0.73822,0.73802,0.73822,0.73878,0.73822,0.73802,0.73822,0.73878,0.73822,0.73802,0.73822,0.73878,0.73822,0.73802,0.73822,0.73878,0.73822,0.73802,0.73822,0.73878,0.73822,0.73802,0.73822,0.73878,0.73822,0.73802,0.73822,0.73878,0.73822,0.73802,0.73822,0.73878,0.73822,0.73802,0.73822,0.73878,0.73822,0.73802,0.73822,0.73878,0.73822,0.73802,0.73822,0.73878,0.73822,0.73802,0.73822,0.73878,0.73822,0.73802,0.73822,0.73878,0.73822,0.73802,0.73822,0.73878,0.73822,0.73802,0.73822,0.73878,0.73822,0.73802,0.73822,0.73878,0.73822,0.73802,0.73822,0.73878,0.73822,0.73802,0.73906,0.73878,0.73649,0.74309,0.73345,0.73878,0.74866,0.71859,0.75791,0.73878,0.69724,0.83671,0.57674
0.7803,0.84041,0.72631,0.80605,0.7803,0.76665,0.79333,0.77341,0.7803,0.78294,0.77722,0.7812,0.7803,0.77971,0.7795,0.77971,0.7803,0.77971,0.7795,0.77971,0.7803,0.77971,0.7795,0.77971,0.7803,0.77971,0.7795,0.77971,0.7803,0.77971,0.7795,0.77971,0.7803,0.77971,0.7795,0.77971,0.7803,0.77971,0.7795,0.77971,0.7803,0.77971,0.7795,0.77971,0.7803,0.77971,0.7795,0.77971,0.7803,0.77971,0.7795,0.77971,0.7803,0.77971,0.7795,0.77971,0.7803,0.77971,0.7795,0.77971,0.7803,0.77971,0.7795,0.77971,0.7803,0.77971,0.7795,0.77971,0.7803,0.77971,0.7795,0.77971,0.7803,0.77971,0.7795,0.77971,0.7803,0.77971,0.7795,0.77971,0.7803,0.77971,0.7795,0.77971,0.7803,0.77971,0.7795,0.77971,0.7803,0.77971,0.7795,0.77971,0.7803,0.77971,0.7795,0.77971,0.7803,0.77971,0.7795,0.77971,0.7803,0.77971,0.7795,0.77971,0.7803,0.77971,0.7795,0.77971,0.7803,0.77971,0.7795,0.77971,0.7803,0.77971,0.7795,0.77971,0.7803,0.77971,0.7795,0.77971,0.7803,0.77971,0.7795,0.77971,0.7803,0.77971,0.7795,0.77971,0.7803,0.77971,0.7795,0.77971,0.7803,0.77971,0.7795,0.77971,0.7803,0.77971,0.7795,0.77971,0.7803,0.77971,0.7795,0.77971,0.7803,0.77971,0.7795,0.77971,0.7803,0.77971,0.7795,0.77971,0.7803,0.77971,0.7795,0.77971,0.7803,0.77971,0.7795,0.77971,0.7803,0.77971,0.7795,0.77971,0.7803,0.77971,0.7795,0.77971,0.7803,0.77971,0.7795,0.77971,0.7803,0.77971,0.7795,0.77971,0.7803,0.77971,0.7795,0.77971,0.7803,0.77971,0.7795,0.77971,0.7803,0.77971,0.7795,0.77971,0.7803,0.77971,0.7795,0.77971,0.7803,0.77971,0.7795,0.77971,0.7803,0.77971,0.7795,0.77971,0.7803,0.77971,0.7795,0.77971,0.7803,0.77971,0.7795,0.77971,0.7803,0.77971,0.7795,0.77971,0.7803,0.77971,0.7795,0.77971,0.7803,0.77971,0.7795,0.77971,0.7803,0.77971,0.7795,0.77971,0.7803,0.77971,0.7795,0.77971,0.7803,0.77971,0.7795,0.77971,0.7803,0.77971,0.7795,0.77971,0.7803,0.77971,0.7795,0.77971,0.7803,0.77971,0.7795,0.7806,0.7803,0.77788,0.78486,0.77467,0.7803,0.79074,0.75898,0.80051,0.7803,0.73643,0.88374,0.60916
0.8191,0.88219,0.76242,0.84612,0.8191,0.80476,0.83277,0.81187,0.8191,0.82186,0.81586,0.82004,0.8191,0.81848,0.81825,0.81848,0.8191,0.81848,0.81825,0.81848,0.8191,0.81848,0.81825,0.81848,0.8191,0.81848,0.81825,0.81848,0.8191,0.81848,0.81825,0.81848,0.8191,0.81848,0.81825,0.81848,0.8191,0.81848,0.81825,0.81848,0.8191,0.81848,0.81825,0.81848,0.8191,0.81848,0.81825,0.81848,0.8191,0.81848,0.81825,0.81848,0.8191,0.81848,0.81825,0.81848,0.8191,0.81848,0.81825,0.81848,0.8191,0.81848,0.81825,0.81848,0.8191,0.81848,0.81825,0.81848,0.8191,0.81848,0.81825,0.81848,0.8191,0.81848,0.81825,0.81848,0.8191,0.81848,0.81825,0.81848,0.8191,0.81848,0.81825,0.81848,0.8191,0.81848,0.81825,0.81848,0.8191,0.81848,0.81825,0.81848,0.8191,0.81848,0.81825,0.81848,0.8191,0.81848,0.81825,0.81848,0.8191,0.81848,0.81825,0.81848,0.8191,0.81848,0.81825,0.81848,0.8191,0.81848,0.81825,0.81848,0.8191,0.81848,0.81825,0.81848,0.8191,0.81848,0.81825,0.81848,0.8191,0.81848,0.81825,0.81848,0.8191,0.81848,0.81825,0.81848,0.8191,0.81848,0.81825,0.81848,0.8191,0.81848,0.81825,0.81848,0.8191,0.81848,0.81825,0.81848,0.8191,0.81848,0.81825,0.81848,0.8191,0.81848,0.81825,0.81848,0.8191,0.81848,0.81825,0.81848,0.8191,0.81848,0.81825,0.81848,0.8191,0.81848,0.81825,0.81848,0.8191,0.81848,0.81825,0.81848,0.8191,0.81848,0.81825,0.81848,0.8191,0.81848,0.81825,0.81848,0.8191,0.81848,0.81825,0.81848,0.8191,0.81848,0.81825,0.81848,0.8191,0.81848,0.81825,0.81848,0.8191,0.81848,0.81825,0.81848,0.8191,0.81848,0.81825,0.81848,0.8191,0.81848,0.81825,0.81848,0.8191,0.81848,0.81825,0.81848,0.8191,0.81848,0.81825,0.81848,0.8191,0.81848,0.81825,0.81848,0.8191,0.81848,0.81825,0.81848,0.8191,0.81848,0.81825,0.81848,0.8191,0.81848,0.81825,0.81848,0.8191,0.81848,0.81825,0.81848,0.8191,0.81848,0.81825,0.81848,0.8191,0.81848,0.81825,0.81848,0.8191,0.81848,0.81825,0.81848,0.8191,0.81848,0.81825,0.81848,0.8191,0.81848,0.81825,0.8194,0.8191,0.81655,0.82388,0.81318,0.8191,0.83005,0.79671,0.84031,0.8191,0.77304,0.92767,0.63944
0.75479,0.81293,0.70256,0.7797,0.75479,0.74158,0.7674,0.74813,0.75479,0.75734,0.75181,0.75566,0.75479,0.75422,0.75401,0.75422,0.75479,0.75422,0.75401,0.75422,0.75479,0.75422,0.75401,0.75422,0.75479,0.75422,0.75401,0.75422,0.75479,0.75422,0.75401,0.75422,0.75479,0.75422,0.75401,0.75422,0.75479,0.75422,0.75401,0.75422,0.75479,0.75422,0.75401,0.75422,0.75479,0.75422,0.75401,0.75422,0.75479,0.75422,0.75401,0.75422,0.75479,0.75422,0.75401,0.75422,0.75479,0.75422,0.75401,0.75422,0.75479,0.75422,0.75401,0.75422,0.75479,0.75422,0.75401,0.75422,0.75479,0.75422,0.75401,0.75422,0.75479,0.75422,0.75401,0.75422,0.75479,0.75422,0.75401,0.75422,0.75479,0.75422,0.75401,0.75422,0.75479,0.75422,0.75401,0.75422,0.75479,0.75422,0.75401,0.75422,0.75479,0.75422,0.75401,0.75422,0.75479,0.75422,0.75401,0.75422,0.75479,0.75422,0.75401,0.75422,0.75479,0.75422,0.75401,0.75422,0.75479,0.75422,0.75401,0.75422,0.75479,0.75422,0.75401,0.7548,0.75479,0.75301,0.75755,0.7509,0.75479,0.7615,0.74048,0.76794,0.75479,0.72567,0.82276,0.64174,0.24019,0.19998,0.27502,0.22264,0.24019,0.24862,0.23081,0.24416,0.24019,0.23788,0.24144,0.23903,0.24019,0.24001,0.23994,0.24001,0.24019,0.24001,0.23994,0.24001,0.24019,0.24001,0.23994,0.24001,0.24019,0.24001,0.23994,0.24001,0.24019,0.24001,0.23994,0.24001,0.24019,0.24001,0.23994,0.24001,0.24019,0.24001,0.23994,0.24001,0.24019,0.24001,0.23994,0.24001,0.24019,0.24001,0.23994,0.24001,0.24019,0.24001,0.23994,0.24001,0.24019,0.24001,0.23994,0.24001,0.24019,0.24001,0.23994,0.24001,0.24019,0.24001,0.23994,0.24001,0.24019,0.24001,0.23994,0.24001,0.24019,0.24001,0.23994,0.24001,0.24019,0.24001,0.23994,0.24001,0.24019,0.24001,0.23994,0.24001,0.24019,0.24001,0.23994,0.24001,0.24019,0.24001,0.23994,0.24001,0.24019,0.24001,0.23994,0.24001,0.24019,0.24001,0.23994,0.24001,0.24019,0.24001,0.23994,0.24001,0.24019,0.24001,0.23994,0.24001,0.24019,0.24001,0.23994,0.24001,0.24019,0.24001,0.23994,0.24001,0.24019,0.24001,0.23994,0.24028,0.24019,0.23944,0.24159,0.23845,0.24019,0.2434,0.23362,0.24641,0.24019,0.22668,0.27203,0.18751
0.37764,0.40673,0.35151,0.3901,0.37764,0.37103,0.38394,0.3743,0.37764,0.37891,0.37615,0.37807,0.37764,0.37735,0.37725,0.37735,0.37764,0.37735,0.37725,0.37735,0.37764,0.37735,0.37725,0.37735,0.37764,0.37735,0.37725,0.37735,0.37764,0.37735,0.37725,0.37735,0.37764,0.37735,0.37725,0.37735,0.37764,0.37735,0.37725,0.37735,0.37764,0.37735,0.37725,0.37735,0.37764,0.37735,0.37725,0.37735,0.37764,0.37735,0.37725,0.37735,0.37764,0.37736,0.37723,0.37737,0.37764,0.37732,0.37731,0.37729,0.37764,0.37749,0.37692,0.3779,0.38013,0.38003,0.37956,0.37992,0.38013,0.3798,0.37978,0.37982,0.38013,0.37985,0.37972,0.37984,0.38013,0.37984,0.37973,0.37984,0.38013,0.37984,0.37973,0.37984,0.38013,0.37984,0.37973,0.37984,0.38013,0.37984,0.37973,0.37984,0.38013,0.37984,0.37973,0.37984,0.38013,0.37984,0.37973,0.37984,0.38013,0.37984,0.37973,0.37984,0.38013,0.37984,0.37973,0.37984,0.38013,0.37984,0.37973,0.37984,0.38013,0.37984,0.37973,0.37997,0.38013,0.37957,0.38051,0.3791,0.38013,0.38145,0.37674,0.38287,0.38013,0.37352,0.39495,0.35494,0.26621,0.25715,0.2737,0.26217,0.26621,0.26792,0.26392,0.26693,0.26621,0.26554,0.26627,0.26579,0.26621,0.26601,0.26594,0.26601,0.26621,0.26601,0.26594,0.26601,0.26621,0.26601,0.26594,0.26601,0.26621,0.26601,0.26594,0.26601,0.26621,0.26601,0.26594,0.26601,0.26621,0.26601,0.26594,0.26601,0.26621,0.26601,0.26594,0.26601,0.26621,0.26601,0.26594,0.26601,0.26621,0.26601,0.26594,0.26601,0.26621,0.26601,0.26594,0.26542,0.26621,0.26724,0.26235,0.26938,0.26621,0.25864,0.27966,0.25211,0.26621,0.29496,0.19623,0.38006,0.78802,0.82801,0.75163,0.80503,0.78802,0.77868,0.79646,0.78321,0.78802,0.78958,0.78568,0.78841,0.78802,0.78742,0.7872,0.78742,0.78802,0.78742,0.7872,0.78742,0.78802,0.78742,0.7872,0.78742,0.78802,0.78742,0.7872,0.78742,0.78802,0.78742,0.7872,0.78742,0.78802,0.78742,0.7872,0.78742,0.78802,0.78742,0.7872,0.78742,0.78802,0.78742,0.7872,0.78742,0.78802,0.78742,0.7872,0.78742,0.78802,0.78742,0.7872,0.78831,0.78802,0.78557,0.79262,0.78233,0.78802,0.79856,0.76648,0.80842,0.78802,0.74371,0.89247,0.61518
0.75503,0.81319,0.70279,0.77995,0.75503,0.74182,0.76764,0.74837,0.75503,0.75758,0.75205,0.7559,0.75503,0.75446,0.75425,0.75446,0.75503,0.75446,0.75425,0.75446,0.75503,0.75446,0.75425,0.75446,0.75503,0.75446,0.75425,0.75446,0.75503,0.75446,0.75425,0.75446,0.75503,0.75446,0.75425,0.75446,0.75503,0.75446,0.75425,0.75446,0.75503,0.75446,0.75425,0.75446,0.75503,0.75446,0.75425,0.75446,0.75503,0.75446,0.75425,0.75446,0.75503,0.75446,0.75425,0.75446,0.75503,0.75446,0.75425,0.75446,0.75503,0.75446,0.75425,0.75446,0.75503,0.75446,0.75425,0.75446,0.75503,0.75446,0.75425,0.75446,0.75503,0.75446,0.75425,0.75446,0.75503,0.75446,0.75425,0.75446,0.75503,0.75446,0.75425,0.75446,0.75503,0.75446,0.75425,0.75446,0.75503,0.75446,0.75425,0.75446,0.75503,0.75446,0.75425,0.75446,0.75503,0.75446,0.75425,0.75446,0.75503,0.75446,0.75425,0.75446,0.75503,0.75446,0.75425,0.75446,0.75503,0.75446,0.75425,0.75446,0.75503,0.75446,0.75425,0.75446,0.75503,0.75446,0.75425,0.75446,0.75503,0.75446,0.75425,0.75446,0.75503,0.75446,0.75425,0.75446,0.75503,0.75446,0.75425,0.75446,0.75503,0.75446,0.75425,0.75446,0.75503,0.75446,0.75425,0.75446,0.75503,0.75446,0.75425,0.75446,0.75503,0.75446,0.75425,0.75446,0.75503,0.75446,0.75425,0.75446,0.75503,0.75446,0.75425,0.75446,0.75503,0.75446,0.75425,0.75446,0.75503,0.75446,0.75425,0.75446,0.75503,0.75446,0.75425,0.75446,0.75503,0.75446,0.75425,0.75446,0.75503,0.75446,0.75425,0.75446,0.75503,0.75446,0.75425,0.75446,0.75503,0.75446,0.75425,0.75446,0.75503,0.75446,0.75425,0.75446,0.75503,0.75446,0.75425,0.75446,0.75503,0.75446,0.75425,0.75446,0.75503,0.75446,0.75425,0.75446,0.75503,0.75446,0.75425,0.75446,0.75503,0.75446,0.75425,0.75446,0.75503,0.75446,0.75425,0.75446,0.75503,0.75446,0.75425,0.75446,0.75503,0.75446,0.75425,0.75446,0.75503,0.75446,0.75425,0.75446,0.75503,0.75446,0.75425,0.75446,0.75503,0.75446,0.75425,0.75446,0.75503,0.75446,0.75425,0.75446,0.75503,0.75446,0.75425,0.75446,0.75503,0.75446,0.75425,0.75532,0.75503,0.75269,0.75944,0.74958,0.75503,0.76513,0.7344,0.77458,0.75503,0.71258,0.85512,0.58943
0.84305,0.90799,0.78471,0.87087,0.84305,0.8283,0.85713,0.83561,0.84305,0.8459,0.83972,0.84402,0.84305,0.84241,0.84218,0.84241,0.84305,0.84241,0.84218,0.84241,0.84305,0.84241,0.84218,0.84241,0.84305,0.84241,0.84218,0.84241,0.84305,0.84241,0.84218,0.84241,0.84305,0.84241,0.84218,0.84241,0.84305,0.84241,0.84218,0.84241,0.84305,0.84241,0.84218,0.84241,0.84305,0.84241,0.84218,0.84241,0.84305,0.84241,0.84218,0.84241,0.84305,0.84241,0.84218,0.84241,0.84305,0.84241,0.84218,0.84241,0.84305,0.84241,0.84218,0.84241,0.84305,0.84241,0.84218,0.84241,0.84305,0.84241,0.84218,0.84241,0.84305,0.84241,0.84218,0.84241,0.84305,0.84241,0.84218,0.84241,0.84305,0.84241,0.84218,0.84241,0.84305,0.84241,0.84218,0.84241,0.84305,0.84241,0.84218,0.84241,0.84305,0.84241,0.84218,0.84241,0.84305,0.84241,0.84218,0.84241,0.84305,0.84241,0.84218,0.84241,0.84305,0.84241,0.84218,0.84241,0.84305,0.84241,0.84218,0.84241,0.84305,0.84241,0.84218,0.84241,0.84305,0.84241,0.84218,0.84241,0.84305,0.84241,0.84218,0.84241,0.84305,0.84241,0.84218,0.84241,0.84305,0.84241,0.84218,0.84241,0.84305,0.84241,0.84218,0.84241,0.84305,0.84241,0.84218,0.84241,0.84305,0.84241,0.84218,0.84241,0.84305,0.84241,0.84218,0.84241,0.84305,0.84241,0.84218,0.84241,0.84305,0.84241,0.84218,0.84241,0.84305,0.84241,0.84218,0.84241,0.84305,0.84241,0.84218,0.84241,0.84305,0.84241,0.84218,0.84241,0.84305,0.84241,0.84218,0.84241,0.84305,0.84241,0.84218,0.84241,0.84305,0.84241,0.84218,0.84241,0.84305,0.84241,0.84218,0.84241,0.84305,0.84241,0.84218,0.84241,0.84305,0.84241,0.84218,0.84241,0.84305,0.84241,0.84218,0.84241,0.84305,0.84241,0.84218,0.84241,0.84305,0.84241,0.84218,0.84241,0.84305,0.84241,0.84218,0.84241,0.84305,0.84241,0.84218,0.84241,0.84305,0.84241,0.84218,0.84241,0.84305,0.84241,0.84218,0.84241,0.84305,0.84241,0.84218,0.84241,0.84305,0.84241,0.84218,0.84241,0.84305,0.84241,0.84218,0.84241,0.84305,0.84241,0.84218,0.84241,0.84305,0.84241,0.84218,0.84241,0.84305,0.84241,0.84218,0.84337,0.84305,0.84043,0.84797,0.83696,0.84305,0.85433,0.82001,0.86488,0.84305,0.79564,0.9548,0.65814
0.17287,0.18619,0.16091,0.17858,0.17287,0.16985,0.17576,0.17135,0.17287,0.17346,0.17219,0.17307,0.17287,0.17274,0.17269,0.17274,0.17287,0.17274,0.17269,0.17274,0.17287,0.17274,0.17269,0.17274,0.17287,0.17274,0.17269,0.17274,0.17287,0.17274,0.17269,0.17274,0.17287,0.17274,0.17269,0.17274,0.17287,0.17274,0.17269,0.17274,0.17287,0.17274,0.17269,0.17274,0.17287,0.17274,0.17269,0.17274,0.17287,0.17274,0.17269,0.17274,0.17287,0.17274,0.17269,0.17274,0.17287,0.17274,0.17269,0.17274,0.17287,0.17274,0.17269,0.17274,0.17287,0.17274,0.17269,0.17274,0.17287,0.17274,0.17269,0.17274,0.17287,0.17274,0.17269,0.17274,0.17287,0.17274,0.17269,0.17274,0.17287,0.17274,0.17269,0.17274,0.17287,0.17274,0.17269,0.17274,0.17287,0.17274,0.17269,0.17274,0.17287,0.17274,0.17269,0.17274,0.17287,0.17274,0.17269,0.17274,0.17287,0.17274,0.17269,0.17274,0.17287,0.17274,0.17269,0.17274,0.17287,0.17274,0.17269,0.17274,0.17287,0.17274,0.17269,0.17201,0.17287,0.17426,0.16826,0.17692,0.17287,0.16362,0.18967,0.15554,0.17287,0.20856,0.086455,0.31385,0.81843,0.86802,0.77358,0.8396,0.81843,0.807,0.82903,0.8126,0.81843,0.82048,0.8157,0.81904,0.81843,0.81781,0.81758,0.81781,0.81843,0.81781,0.81758,0.81781,0.81843,0.81781,0.81758,0.81781,0.81843,0.81781,0.81758,0.81781,0.81843,0.81781,0.81758,0.81781,0.81843,0.81781,0.81758,0.81781,0.81843,0.81781,0.81758,0.81781,0.81843,0.81781,0.81758,0.81781,0.81843,0.81781,0.81758,0.81781,0.81843,0.81781,0.81758,0.81781,0.81843,0.81781,0.81758,0.81781,0.81843,0.81781,0.81758,0.81781,0.81843,0.81781,0.81758,0.81781,0.81843,0.81781,0.81758,0.81781,0.81843,0.81781,0.81758,0.81781,0.81843,0.81781,0.81758,0.81781,0.81843,0.81781,0.81758,0.81781,0.81843,0.81781,0.81758,0.81781,0.81843,0.81781,0.81758,0.81781,0.81843,0.81781,0.81758,0.81781,0.81843,0.81781,0.81758,0.81781,0.81843,0.81781,0.81758,0.81781,0.81843,0.81781,0.81758,0.81781,0.81843,0.81781,0.81758,0.81781,0.81843,0.81781,0.81758,0.81781,0.81843,0.81781,0.81758,0.81874,0.81843,0.81589,0.82321,0.81252,0.81843,0.82938,0.79607,0.83962,0.81843,0.77241,0.92692,0.63892
0.84067,0.90542,0.7825,0.86841,0.84067,0.82596,0.85471,0.83325,0.84067,0.84351,0.83735,0.84164,0.84067,0.84004,0.8398,0.84004,0.84067,0.84004,0.8398,0.84004,0.84067,0.84004,0.8398,0.84004,0.84067,0.84004,0.8398,0.84004,0.84067,0.84004,0.8398,0.84004,0.84067,0.84004,0.8398,0.84004,0.84067,0.84004,0.8398,0.84004,0.84067,0.84004,0.8398,0.84004,0.84067,0.84004,0.8398,0.84004,0.84067,0.84004,0.8398,0.84004,0.84067,0.84004,0.8398,0.84004,0.84067,0.84004,0.8398,0.84004,0.84067,0.84004,0.8398,0.84004,0.84067,0.84004,0.8398,0.84004,0.84067,0.84004,0.8398,0.84004,0.84067,0.84004,0.8398,0.84004,0.84067,0.84004,0.8398,0.84004,0.84067,0.84004,0.8398,0.84004,0.84067,0.84004,0.8398,0.84004,0.84067,0.84004,0.8398,0.84004,0.84067,0.84004,0.8398,0.84004,0.84067,0.84004,0.8398,0.84004,0.84067,0.84004,0.8398,0.84004,0.84067,0.84004,0.8398,0.84004,0.84067,0.84004,0.8398,0.84004,0.84067,0.84004,0.8398,0.84081,0.84067,0.83843,0.84449,0.83563,0.84067,0.84968,0.82186,0.85823,0.84067,0.80217,0.93099,0.69085,0.15811,0.1049,0.20447,0.13495,0.15811,0.16942,0.14584,0.1635,0.15811,0.15517,0.15993,0.15669,0.15811,0.15799,0.15794,0.15799,0.15811,0.15799,0.15794,0.15799,0.15811,0.15799,0.15794,0.15799,0.15811,0.15799,0.15794,0.15799,0.15811,0.15799,0.15794,0.15799,0.15811,0.15799,0.15794,0.15799,0.15811,0.15799,0.15794,0.15799,0.15811,0.15799,0.15794,0.15799,0.15811,0.15799,0.15794,0.15799,0.15811,0.15799,0.15794,0.15799,0.15811,0.15799,0.15794,0.15799,0.15811,0.15799,0.15794,0.15799,0.15811,0.15799,0.15794,0.15799,0.15811,0.15799,0.15794,0.15799,0.15811,0.15799,0.15794,0.15799,0.15811,0.15799,0.15794,0.15799,0.15811,0.15799,0.15794,0.15799,0.15811,0.15799,0.15794,0.15799,0.15811,0.15799,0.15794,0.15799,0.15811,0.15799,0.15794,0.15799,0.15811,0.15799,0.15794,0.15799,0.15811,0.15799,0.15794,0.15799,0.15811,0.15799,0.15794,0.15799,0.15811,0.15799,0.15794,0.15799,0.15811,0.15799,0.15794,0.15799,0.15811,0.15799,0.15794,0.15817,0.15811,0.15762,0.15903,0.15697,0.15811,0.16022,0.15379,0.1622,0.15811,0.14922,0.17907,0.12343
0.12101,0.13033,0.11263,0.125,0.12101,0.11889,0.12303,0.11994,0.12101,0.12141,0.12053,0.12114,0.12101,0.12091,0.12088,0.12091,0.12101,0.12091,0.12088,0.12091,0.12101,0.12091,0.12088,0.12091,0.12101,0.12091,0.12088,0.12091,0.12101,0.12091,0.12088,0.12091,0.12101,0.12091,0.12088,0.12091,0.12101,0.12091,0.12088,0.12091,0.12101,0.12091,0.12088,0.12091,0.12101,0.12091,0.12088,0.12091,0.12101,0.12091,0.12088,0.12091,0.12101,0.12091,0.12088,0.12091,0.12101,0.12091,0.12088,0.12091,0.12101,0.12091,0.12088,0.12091,0.12101,0.12091,0.12088,0.12091,0.12101,0.12091,0.12088,0.12091,0.12101,0.12091,0.12088,0.12091,0.12101,0.12091,0.12088,0.12091,0.12101,0.12091,0.12088,0.12091,0.12101,0.12091,0.12088,0.12091,0.12101,0.12091,0.12088,0.12091,0.12101,0.12091,0.12088,0.12091,0.12101,0.12091,0.12088,0.12091,0.12101,0.12091,0.12088,0.12091,0.12101,0.12091,0.12088,0.12091,0.12101,0.12091,0.12088,0.12091,0.12101,0.12091,0.12088,0.1201,0.12101,0.1226,0.11594,0.12556,0.12101,0.11075,0.13979,0.10175,0.12101,0.16082,0.024787,0.27814,0.84032,0.89563,0.79042,0.86396,0.84032,0.82764,0.85221,0.83388,0.84032,0.84266,0.83736,0.84105,0.84032,0.83969,0.83945,0.83969,0.84032,0.83969,0.83945,0.83969,0.84032,0.83969,0.83945,0.83969,0.84032,0.83969,0.83945,0.83969,0.84032,0.83969,0.83945,0.83969,0.84032,0.83969,0.83945,0.83969,0.84032,0.83969,0.83945,0.83969,0.84032,0.83969,0.83945,0.83969,0.84032,0.83969,0.83945,0.83969,0.84032,0.83969,0.83945,0.83969,0.84032,0.83969,0.83945,0.83969,0.84032,0.83969,0.83945,0.83969,0.84032,0.83969,0.83945,0.83969,0.84032,0.83969,0.83945,0.83969,0.84032,0.83969,0.83945,0.83969,0.84032,0.83969,0.83945,0.83969,0.84032,0.83969,0.83945,0.83969,0.84032,0.83969,0.83945,0.83969,0.84032,0.83969,0.83945,0.83969,0.84032,0.83969,0.83945,0.83969,0.84032,0.83969,0.83945,0.83969,0.84032,0.83969,0.83945,0.83969,0.84032,0.83969,0.83945,0.83969,0.84032,0.83969,0.83945,0.83969,0.84032,0.83969,0.83945,0.83969,0.84032,0.83969,0.83945,0.84064,0.84032,0.83771,0.84523,0.83425,0.84032,0.85156,0.81736,0.86208,0.84032,0.79307,0.95171,0.65601
0.84012,0.90483,0.78198,0.86784,0.84012,0.82542,0.85415,0.8327,0.84012,0.84296,0.8368,0.84108,0.84012,0.83949,0.83925,0.83949,0.84012,0.83949,0.83925,0.83949,0.84012,0.83949,0.83925,0.83949,0.84012,0.83949,0.83925,0.83949,0.84012,0.83949,0.83925,0.83949,0.84012,0.83949,0.83925,0.83949,0.84012,0.83949,0.83925,0.83949,0.84012,0.83949,0.83925,0.83949,0.84012,0.83949,0.83925,0.83949,0.84012,0.83949,0.83925,0.83949,0.84012,0.83949,0.83925,0.83949,0.84012,0.83949,0.83925,0.83949,0.84012,0.83949,0.83925,0.83949,0.84012,0.83949,0.83925,0.83949,0.84012,0.83949,0.83925,0.83949,0.84012,0.83949,0.83925,0.83949,0.84012,0.83949,0.83925,0.83949,0.84012,0.83949,0.83925,0.83949,0.84012,0.83949,0.83925,0.83949,0.84012,0.83949,0.83925,0.83949,0.84012,0.83949,0.83925,0.83949,0.84012,0.83949,0.83925,0.83949,0.84012,0.83949,0.83925,0.83949,0.84012,0.83949,0.83925,0.83949,0.84012,0.83949,0.83925,0.83949,0.84012,0.83949,0.83925,0.83949,0.84012,0.83949,0.83925,0.83949,0.84012,0.83949,0.83925,0.83949,0.84012,0.83949,0.83925,0.83949,0.84012,0.83949,0.83925,0.83949,0.84012,0.83949,0.83925,0.83949,0.84012,0.83949,0.83925,0.83949,0.84012,0.83949,0.83925,0.83949,0.84012,0.83949,0.83925,0.83949,0.84012,0.83949,0.83925,0.83949,0.84012,0.83949,0.83925,0.83949,0.84012,0.83949,0.83925,0.83949,0.84012,0.83949,0.83925,0.83949,0.84012,0.83949,0.83925,0.83949,0.84012,0.83949,0.83925,0.83949,0.84012,0.83949,0.83925,0.83949,0.84012,0.83949,0.83925,0.83949,0.84012,0.83949,0.83925,0.83949,0.84012,0.83949,0.83925,0.83949,0.84012,0.83949,0.83925,0.83949,0.84012,0.83949,0.83925,0.83949,0.84012,0.83949,0.83925,0.83949,0.84012,0.83949,0.83925,0.83949,0.84012,0.83949,0.83925,0.83949,0.84012,0.83949,0.83925,0.83949,0.84012,0.83949,0.83925,0.83949,0.84012,0.83949,0.83925,0.83949,0.84012,0.83949,0.83925,0.83949,0.84012,0.83949,0.83925,0.83949,0.84012,0.83949,0.83925,0.83949,0.84012,0.83949,0.83925,0.83949,0.84012,0.83949,0.83925,0.83949,0.84012,0.83949,0.83925,0.84043,0.84012,0.83751,0.84502,0.83405,0.84012,0.85136,0.81716,0.86187,0.84012,0.79288,0.95148,0.65586
0.83173,0.89579,0.77417,0.85917,0.83173,0.81717,0.84562,0.82439,0.83173,0.83454,0.82845,0.83268,0.83173,0.8311,0.83087,0.8311,0.83173,0.8311,0.83087,0.8311,0.83173,0.8311,0.83087,0.8311,0.83173,0.8311,0.83087,0.8311,0.83173,0.8311,0.83087,0.8311,0.83173,0.8311,0.83087,0.8311,0.83173,0.8311,0.83087,0.8311,0.83173,0.8311,0.83087,0.8311,0.83173,0.8311,0.83087,0.8311,0.83173,0.8311,0.83087,0.8311,0.83173,0.8311,0.83087,0.8311,0.83173,0.8311,0.83087,0.8311,0.83173,0.8311,0.83087,0.8311,0.83173,0.8311,0.83087,0.8311,0.83173,0.8311,0.83087,0.8311,0.83173,0.8311,0.83087,0.8311,0.83173,0.8311,0.83087,0.8311,0.83173,0.8311,0.83087,0.8311,0.83173,0.8311,0.83087,0.8311,0.83173,0.8311,0.83087,0.8311,0.83173,0.8311,0.83087,0.8311,0.83173,0.8311,0.83087,0.8311,0.83173,0.8311,0.83087,0.8311,0.83173,0.8311,0.83087,0.8311,0.83173,0.8311,0.83087,0.8311,0.83173,0.8311,0.83087,0.8311,0.83173,0.8311,0.83087,0.8311,0.83173,0.8311,0.83087,0.8311,0.83173,0.8311,0.83087,0.8311,0.83173,0.8311,0.83087,0.8311,0.83173,0.8311,0.83087,0.8311,0.83173,0.8311,0.83087,0.8311,0.83173,0.8311,0.83087,0.8311,0.83173,0.8311,0.83087,0.8311,0.83173,0.8311,0.83087,0.8311,0.83173,0.8311,0.83087,0.8311,0.83173,0.8311,0.83087,0.8311,0.83173,0.8311,0.83087,0.8311,0.83173,0.8311,0.83087,0.8311,0.83173,0.8311,0.83087,0.8311,0.83173,0.8311,0.83087,0.8311,0.83173,0.8311,0.83087,0.8311,0.83173,0.8311,0.83087,0.8311,0.83173,0.8311,0.83087,0.8311,0.83173,0.8311,0.83087,0.8311,0.83173,0.8311,0.83087,0.8311,0.83173,0.8311,0.83087,0.8311,0.83173,0.8311,0.83087,0.8311,0.83173,0.8311,0.83087,0.8311,0.83173,0.8311,0.83087,0.8311,0.83173,0.8311,0.83087,0.8311,0.83173,0.8311,0.83087,0.8311,0.83173,0.8311,0.83087,0.8311,0.83173,0.8311,0.83087,0.8311,0.83173,0.8311,0.83087,0.8311,0.83173,0.8311,0.83087,0.8311,0.83173,0.8311,0.83087,0.8311,0.83173,0.8311,0.83087,0.83204,0.83173,0.82915,0.83658,0.82572,0.83173,0.84286,0.809,0.85327,0.83173,0.78496,0.94198,0.64931
0.78556,0.84607,0.7312,0.81148,0.78556,0.77182,0.79868,0.77863,0.78556,0.78822,0.78246,0.78646,0.78556,0.78497,0.78475,0.78497,0.78556,0.78497,0.78475,0.78497,0.78556,0.78497,0.78475,0.78497,0.78556,0.78497,0.78475,0.78497,0.78556,0.78497,0.78475,0.78497,0.78556,0.78497,0.78475,0.78497,0.78556,0.78497,0.78475,0.78497,0.78556,0.78497,0.78475,0.78497,0.78556,0.78497,0.78475,0.78497,0.78556,0.78497,0.78475,0.78497,0.78556,0.78497,0.78475,0.78497,0.78556,0.78497,0.78475,0.78497,0.78556,0.78497,0.78475,0.78497,0.78556,0.78497,0.78475,0.78497,0.78556,0.78497,0.78475,0.78497,0.78556,0.78497,0.78475,0.78497,0.78556,0.78497,0.78475,0.78497,0.78556,0.78497,0.78475,0.78497,0.78556,0.78497,0.78475,0.78497,0.78556,0.78497,0.78475,0.78497,0.78556,0.78497,0.78475,0.78497,0.78556,0.78497,0.78475,0.78497,0.78556,0.78497,0.78475,0.78497,0.78556,0.78497,0.78475,0.78497,0.78556,0.78497,0.78475,0.78497,0.78556,0.78497,0.78475,0.78497,0.78556,0.78497,0.78475,0.78497,0.78556,0.78497,0.78475,0.78497,0.78556,0.78497,0.78475,0.78497,0.78556,0.78497,0.78475,0.78497,0.78556,0.78497,0.78475,0.78497,0.78556,0.78497,0.78475,0.78497,0.78556,0.78497,0.78475,0.78497,0.78556,0.78497,0.78475,0.78497,0.78556,0.78497,0.78475,0.78497,0.78556,0.78497,0.78475,0.78497,0.78556,0.78497,0.78475,0.78497,0.78556,0.78497,0.78475,0.78497,0.78556,0.78497,0.78475,0.78497,0.78556,0.78497,0.78475,0.78497,0.78556,0.78497,0.78475,0.78497,0.78556,0.78497,0.78475,0.78497,0.78556,0.78497,0.78475,0.78497,0.78556,0.78497,0.78475,0.78497,0.78556,0.78497,0.78475,0.78497,0.78556,0.78497,0.78475,0.78497,0.78556,0.78497,0.78475,0.78497,0.78556,0.78497,0.78475,0.78497,0.78556,0.78497,0.78475,0.78497,0.78556,0.78497,0.78475,0.78497,0.78556,0.78497,0.78475,0.78497,0.78556,0.78497,0.78475,0.78497,0.78556,0.78497,0.78475,0.78497,0.78556,0.78497,0.78475,0.78497,0.78556,0.78497,0.78475,0.78497,0.78556,0.78497,0.78475,0.78497,0.78556,0.78497,0.78475,0.78497,0.78556,0.78497,0.78475,0.78586,0.78556,0.78313,0.79015,0.77989,0.78556,0.79607,0.7641,0.80591,0.78556,0.74139,0.8897,0.61327
0.79221,0.85323,0.73739,0.81835,0.79221,0.77835,0.80544,0.78522,0.79221,0.79489,0.78908,0.79312,0.79221,0.79161,0.79139,0.79161,0.79221,0.79161,0.79139,0.79161,0.79221,0.79161,0.79139,0.79161,0.79221,0.79161,0.79139,0.79161,0.79221,0.79161,0.79139,0.79161,0.79221,0.79161,0.79139,0.79161,0.79221,0.79161,0.79139,0.79161,0.79221,0.79161,0.79139,0.79161,0.79221,0.79161,0.79139,0.79161,0.79221,0.79161,0.79139,0.79161,0.79221,0.79161,0.79139,0.79161,0.79221,0.79161,0.79139,0.79161,0.79221,0.79161,0.79139,0.79161,0.79221,0.79161,0.79139,0.79161,0.79221,0.79161,0.79139,0.79161,0.79221,0.79161,0.79139,0.79161,0.79221,0.79161,0.79139,0.79161,0.79221,0.79161,0.79139,0.79161,0.79221,0.79161,0.79139,0.79161,0.79221,0.79161,0.79139,0.79161,0.79221,0.79161,0.79139,0.79161,0.79221,0.79161,0.79139,0.79161,0.79221,0.79161,0.79139,0.79161,0.79221,0.79161,0.79139,0.79161,0.79221,0.79161,0.79139,0.79161,0.79221,0.79161,0.79139,0.79161,0.79221,0.79161,0.79139,0.79161,0.79221,0.79161,0.79139,0.79161,0.79221,0.79161,0.79139,0.79161,0.79221,0.79161,0.79139,0.79161,0.79221,0.79161,0.79139,0.79161,0.79221,0.79161,0.79139,0.79161,0.79221,0.79161,0.79139,0.79161,0.79221,0.79161,0.79139,0.79161,0.79221,0.79161,0.79139,0.79161,0.79221,0.79161,0.79139,0.79161,0.79221,0.79161,0.79139,0.79161,0.79221,0.79161,0.79139,0.79161,0.79221,0.79161,0.79139,0.79161,0.79221,0.79161,0.79139,0.79161,0.79221,0.79161,0.79139,0.79161,0.79221,0.79161,0.79139,0.79161,0.79221,0.79161,0.79139,0.79161,0.79221,0.79161,0.79139,0.79161,0.79221,0.79161,0.79139,0.79161,0.79221,0.79161,0.79139,0.79161,0.79221,0.79161,0.79139,0.79161,0.79221,0.79161,0.79139,0.79161,0.79221,0.79161,0.79139,0.79161,0.79221,0.79161,0.79139,0.79161,0.79221,0.79161,0.79139,0.79161,0.79221,0.79161,0.79139,0.79161,0.79221,0.79161,0.79139,0.79161,0.79221,0.79161,0.79139,0.79161,0.79221,0.79161,0.79139,0.79161,0.79221,0.79161,0.79139,0.79161,0.79221,0.79161,0.79139,0.79161,0.79221,0.79161,0.79139,0.79251,0.79221,0.78975,0.79684,0.78649,0.79221,0.80281,0.77056,0.81273,0.79221,0.74767,0.89722,0.61846
0.84562,0.91075,0.7871,0.87352,0.84562,0.83082,0.85974,0.83816,0.84562,0.84848,0.84228,0.84659,0.84562,0.84498,0.84475,0.84498,0.84562,0.84498,0.84475,0.84498,0.84562,0.84498,0.84475,0.84498,0.84562,0.84498,0.84475,0.84498,0.84562,0.84498,0.84475,0.84498,0.84562,0.84498,0.84475,0.84498,0.84562,0.84498,0.84475,0.84498,0.84562,0.84498,0.84475,0.84498,0.84562,0.84498,0.84475,0.84498,0.84562,0.84498,0.84475,0.84498,0.84562,0.84498,0.84475,0.84498,0.84562,0.84498,0.84475,0.84498,0.84562,0.84498,0.84475,0.84498,0.84562,0.84498,0.84475,0.84498,0.84562,0.84498,0.84475,0.84498,0.84562,0.84498,0.84475,0.84498,0.84562,0.84498,0.84475,0.84498,0.84562,0.84498,0.84475,0.84498,0.84562,0.84498,0.84475,0.84498,0.84562,0.84498,0.84475,0.84498,0.84562,0.84498,0.84475,0.84498,0.84562,0.84498,0.84475,0.84498,0.84562,0.84498,0.84475,0.84498,0.84562,0.84498,0.84475,0.84498,0.84562,0.84498,0.84475,0.84498,0.84562,0.84498,0.84475,0.84498,0.84562,0.84498,0.84475,0.84498,0.84562,0.84498,0.84475,0.84498,0.84562,0.84498,0.84475,0.84498,0.84562,0.84498,0.84475,0.84498,0.84562,0.84498,0.84475,0.84498,0.84562,0.84498,0.84475,0.84498,0.84562,0.84498,0.84475,0.84498,0.84562,0.84498,0.84475,0.84498,0.84562,0.84498,0.84475,0.84498,0.84562,0.84498,0.84475,0.84498,0.84562,0.84498,0.84475,0.84498,0.84562,0.84498,0.84475,0.84498,0.84562,0.84498,0.84475,0.84498,0.84562,0.84498,0.84475,0.84498,0.84562,0.84498,0.84475,0.84498,0.84562,0.84498,0.84475,0.84498,0.84562,0.84498,0.84475,0.84498,0.84562,0.84498,0.84475,0.84498,0.84562,0.84498,0.84475,0.84498,0.84562,0.84498,0.84475,0.84498,0.84562,0.84498,0.84475,0.84498,0.84562,0.84498,0.84475,0.84498,0.84562,0.84498,0.84475,0.84498,0.84562,0.84498,0.84475,0.84498,0.84562,0.84498,0.84475,0.84498,0.84562,0.84498,0.84475,0.84498,0.84562,0.84498,0.84475,0.84498,0.84562,0.84498,0.84475,0.84498,0.84562,0.84498,0.84475,0.84498,0.84562,0.84498,0.84475,0.84498,0.84562,0.84498,0.84475,0.84498,0.84562,0.84498,0.84475,0.84594,0.84562,0.843,0.85056,0.83952,0.84562,0.85693,0.82251,0.86752,0.84562,0.79807,0.95771,0.66015
0.51237,0.55183,0.47691,0.52927,0.51237,0.5034,0.52092,0.50784,0.51237,0.5141,0.51034,0.51295,0.51237,0.51198,0.51184,0.51198,0.51237,0.51198,0.51184,0.51198,0.51237,0.51198,0.51184,0.51198,0.51237,0.51198,0.51184,0.51198,0.51237,0.51198,0.51184,0.51198,0.51237,0.51198,0.51184,0.51198,0.51237,0.51198,0.51184,0.51198,0.51237,0.51198,0.51184,0.51198,0.51237,0.51198,0.51184,0.51198,0.51237,0.51198,0.51184,0.51198,0.51237,0.51198,0.51184,0.51198,0.51237,0.51198,0.51184,0.51198,0.51237,0.51198,0.51184,0.51198,0.51237,0.51198,0.51184,0.51198,0.51237,0.51198,0.51184,0.51198,0.51237,0.51198,0.51184,0.51198,0.51237,0.51198,0.51184,0.51198,0.51237,0.51198,0.51184,0.51198,0.51237,0.51198,0.51184,0.51198,0.51237,0.51198,0.51184,0.51198,0.51237,0.51198,0.51184,0.51198,0.51237,0.51198,0.51184,0.51198,0.51237,0.51198,0.51184,0.51198,0.51237,0.51198,0.51184,0.51198,0.51237,0.51198,0.51184,0.51198,0.51237,0.51198,0.51184,0.51158,0.51237,0.51281,0.50941,0.51426,0.51237,0.507,0.5211,0.50259,0.51237,0.53153,0.46477,0.58899,0.86471,0.89146,0.8398,0.87595,0.86471,0.85816,0.87007,0.86121,0.86471,0.86552,0.86279,0.86473,0.86471,0.86406,0.86382,0.86406,0.86471,0.86406,0.86382,0.86406,0.86471,0.86406,0.86382,0.86406,0.86471,0.86406,0.86382,0.86406,0.86471,0.86406,0.86382,0.86406,0.86471,0.86406,0.86382,0.86406,0.86471,0.86406,0.86382,0.86406,0.86471,0.86406,0.86382,0.86406,0.86471,0.86406,0.86382,0.86406,0.86471,0.86406,0.86382,0.86406,0.86471,0.86406,0.86382,0.86406,0.86471,0.86406,0.86382,0.86406,0.86471,0.86406,0.86382,0.86406,0.86471,0.86406,0.86382,0.86406,0.86471,0.86406,0.86382,0.86406,0.86471,0.86406,0.86382,0.86406,0.86471,0.86406,0.86382,0.86406,0.86471,0.86406,0.86382,0.86406,0.86471,0.86406,0.86382,0.86406,0.86471,0.86406,0.86382,0.86406,0.86471,0.86406,0.86382,0.86406,0.86471,0.86406,0.86382,0.86406,0.86471,0.86406,0.86382,0.86406,0.86471,0.86406,0.86382,0.86406,0.86471,0.86406,0.86382,0.86406,0.86471,0.86406,0.86382,0.86504,0.86471,0.86203,0.86976,0.85847,0.86471,0.87628,0.84108,0.8871,0.86471,0.81609,0.97933,0.67505
0.60029,0.64652,0.55875,0.62009,0.60029,0.58978,0.61031,0.59499,0.60029,0.60232,0.59792,0.60097,0.60029,0.59983,0.59967,0.59983,0.60029,0.59983,0.59967,0.59983,0.60029,0.59983,0.59967,0.59983,0.60029,0.59983,0.59967,0.59983,0.60029,0.59983,0.59967,0.59983,0.60029,0.59983,0.59967,0.59983,0.60029,0.59983,0.59967,0.59983,0.60029,0.59983,0.59967,0.59983,0.60029,0.59983,0.59967,0.59983,0.60029,0.59983,0.59967,0.59983,0.60029,0.59983,0.59967,0.59983,0.60029,0.59983,0.59967,0.59983,0.60029,0.59983,0.59967,0.59983,0.60029,0.59983,0.59967,0.59983,0.60029,0.59983,0.59967,0.59983,0.60029,0.59983,0.59967,0.59983,0.60029,0.59983,0.59967,0.59983,0.60029,0.59983,0.59967,0.59983,0.60029,0.59983,0.59967,0.59983,0.60029,0.59983,0.59967,0.59983,0.60029,0.59983,0.59967,0.59983,0.60029,0.59983,0.59967,0.59983,0.60029,0.59983,0.59967,0.59983,0.60029,0.59983,0.59967,0.59983,0.60029,0.59983,0.59967,0.59983,0.60029,0.59983,0.59967,0.59966,0.60029,0.6002,0.59859,0.60084,0.60029,0.59763,0.60377,0.59568,0.60029,0.60849,0.57882,0.63394,0.75635,0.76791,0.74493,0.76104,0.75635,0.75316,0.75833,0.75452,0.75635,0.75642,0.75511,0.75607,0.75635,0.75578,0.75556,0.75578,0.75635,0.75578,0.75556,0.75578,0.75635,0.75578,0.75556,0.75578,0.75635,0.75578,0.75556,0.75578,0.75635,0.75578,0.75556,0.75578,0.75635,0.75578,0.75556,0.75578,0.75635,0.75578,0.75556,0.75578,0.75635,0.75578,0.75556,0.75578,0.75635,0.75578,0.75556,0.75578,0.75635,0.75578,0.75556,0.75578,0.75635,0.75578,0.75556,0.75578,0.75635,0.75578,0.75556,0.75578,0.75635,0.75578,0.75556,0.75578,0.75635,0.75578,0.75556,0.75578,0.75635,0.75578,0.75556,0.75578,0.75635,0.75578,0.75556,0.75578,0.75635,0.75578,0.75556,0.75578,0.75635,0.75578,0.75556,0.75578,0.75635,0.75578,0.75556,0.75578,0.75635,0.75578,0.75556,0.75578,0.75635,0.75578,0.75556,0.75578,0.75635,0.75578,0.75556,0.75578,0.75635,0.75578,0.75556,0.75578,0.75635,0.75578,0.75556,0.75578,0.75635,0.75578,0.75556,0.75578,0.75635,0.75578,0.75556,0.75663,0.75635,0.754,0.76076,0.75089,0.75635,0.76646,0.73568,0.77593,0.75635,0.71382,0.85661,0.59046
0.84769,0.91298,0.78903,0.87566,0.84769,0.83285,0.86184,0.84021,0.84769,0.85055,0.84434,0.84866,0.84769,0.84705,0.84681,0.84705,0.84769,0.84705,0.84681,0.84705,0.84769,0.84705,0.84681,0.84705,0.84769,0.84705,0.84681,0.84705,0.84769,0.84705,0.84681,0.84705,0.84769,0.84705,0.84681,0.84705,0.84769,0.84705,0.84681,0.84705,0.84769,0.84705,0.84681,0.84705,0.84769,0.84705,0.84681,0.84705,0.84769,0.84705,0.84681,0.84705,0.84769,0.84705,0.84681,0.84705,0.84769,0.84705,0.84681,0.84705,0.84769,0.84705,0.84681,0.84705,0.84769,0.84705,0.84681,0.84705,0.84769,0.84705,0.84681,0.84705,0.84769,0.84705,0.84681,0.84705,0.84769,0.84705,0.84681,0.84705,0.84769,0.84705,0.84681,0.84705,0.84769,0.84705,0.84681,0.84705,0.84769,0.84705,0.84681,0.84705,0.84769,0.84705,0.84681,0.84705,0.84769,0.84705,0.84681,0.84705,0.84769,0.84705,0.84681,0.84705,0.84769,0.84705,0.84681,0.84705,0.84769,0.84705,0.84681,0.84705,0.84769,0.84705,0.84681,0.84705,0.84769,0.84705,0.84681,0.84705,0.84769,0.84705,0.84681,0.84705,0.84769,0.84705,0.84681,0.84705,0.84769,0.84705,0.84681,0.84705,0.84769,0.84705,0.84681,0.84705,0.84769,0.84705,0.84681,0.84705,0.84769,0.84705,0.84681,0.84705,0.84769,0.84705,0.84681,0.84705,0.84769,0.84705,0.84681,0.84705,0.84769,0.84705,0.84681,0.84705,0.84769,0.84705,0.84681,0.84705,0.84769,0.84705,0.84681,0.84705,0.84769,0.84705,0.84681,0.84705,0.84769,0.84705,0.84681,0.84705,0.84769,0.84705,0.84681,0.84705,0.84769,0.84705,0.84681,0.84705,0.84769,0.84705,0.84681,0.84705,0.84769,0.84705,0.84681,0.84705,0.84769,0.84705,0.84681,0.84705,0.84769,0.84705,0.84681,0.84705,0.84769,0.84705,0.84681,0.84705,0.84769,0.84705,0.84681,0.84705,0.84769,0.84705,0.84681,0.84705,0.84769,0.84705,0.84681,0.84705,0.84769,0.84705,0.84681,0.84705,0.84769,0.84705,0.84681,0.84705,0.84769,0.84705,0.84681,0.84705,0.84769,0.84705,0.84681,0.84705,0.84769,0.84705,0.84681,0.84705,0.84769,0.84705,0.84681,0.84705,0.84769,0.84705,0.84681,0.84705,0.84769,0.84705,0.84681,0.84801,0.84769,0.84506,0.85264,0.84157,0.84769,0.85903,0.82453,0.86964,0.84769,0.80002,0.96006,0.66177
0.33945,0.36559,0.31596,0.35065,0.33945,0.33351,0.34512,0.33645,0.33945,0.34059,0.33811,0.33984,0.33945,0.33919,0.3391,0.33919,0.33945,0.33919,0.3391,0.33919,0.33945,0.33919,0.3391,0.33919,0.33945,0.33919,0.3391,0.33919,0.33945,0.33919,0.3391,0.33919,0.33945,0.33919,0.3391,0.33919,0.33945,0.33919,0.3391,0.33919,0.33945,0.33919,0.3391,0.33919,0.33945,0.33919,0.3391,0.33919,0.33945,0.33919,0.3391,0.33919,0.33945,0.33919,0.3391,0.33919,0.33945,0.33919,0.3391,0.33919,0.33945,0.33919,0.3391,0.33919,0.33945,0.33919,0.3391,0.33919,0.33945,0.33919,0.3391,0.33919,0.33945,0.33919,0.3391,0.33919,0.33945,0.33919,0.3391,0.33919,0.33945,0.33919,0.3391,0.33919,0.33945,0.33919,0.3391,0.33919,0.33945,0.33919,0.3391,0.33919,0.33945,0.33919,0.3391,0.33919,0.33945,0.33919,0.3391,0.33919,0.33945,0.33919,0.3391,0.33919,0.33945,0.33919,0.3391,0.33919,0.33945,0.33919,0.3391,0.33919,0.33945,0.33919,0.3391,0.3387,0.33945,0.3402,0.33614,0.34197,0.33945,0.33311,0.35041,0.32772,0.33945,0.36307,0.28159,0.43329,0.76994,0.80285,0.7398,0.78389,0.76994,0.76215,0.77678,0.76589,0.76994,0.77114,0.76789,0.77018,0.76994,0.76936,0.76915,0.76936,0.76994,0.76936,0.76915,0.76936,0.76994,0.76936,0.76915,0.76936,0.76994,0.76936,0.76915,0.76936,0.76994,0.76936,0.76915,0.76936,0.76994,0.76936,0.76915,0.76936,0.76994,0.76936,0.76915,0.76936,0.76994,0.76936,0.76915,0.76936,0.76994,0.76936,0.76915,0.76936,0.76994,0.76936,0.76915,0.76936,0.76994,0.76936,0.76915,0.76936,0.76994,0.76936,0.76915,0.76936,0.76994,0.76936,0.76915,0.76936,0.76994,0.76936,0.76915,0.76936,0.76994,0.76936,0.76915,0.76936,0.76994,0.76936,0.76915,0.76936,0.76994,0.76936,0.76915,0.76936,0.76994,0.76936,0.76915,0.76936,0.76994,0.76936,0.76915,0.76936,0.76994,0.76936,0.76915,0.76936,0.76994,0.76936,0.76915,0.76936,0.76994,0.76936,0.76915,0.76936,0.76994,0.76936,0.76915,0.76936,0.76994,0.76936,0.76915,0.76936,0.76994,0.76936,0.76915,0.76936,0.76994,0.76936,0.76915,0.77023,0.76994,0.76755,0.77444,0.76439,0.76994,0.78024,0.74891,0.78988,0.76994,0.72665,0.872,0.60107
0.49222,0.5272,0.46486,0.49907,0.46131,0.45589,0.45904,0.47434,0.52862,0.52828,0.53951,0.50369,0.41224,0.40697,0.40838,0.42718,0.49563,0.50069,0.49458,0.48843,0.45658,0.45587,0.45005,0.47056,0.5267,0.53025,0.52663,0.51849,0.47673,0.47058,0.48217,0.47112,0.45611,0.45186,0.46277,0.44813,0.44762,0.45851,0.4199,0.4916,0.64511,0.65727,0.63836,0.63784,0.57341,0.55953,0.59256,0.54943,0.47927,0.47141,0.4886,0.46688,0.42594,0.41879,0.43583,0.41455,0.40338,0.41217,0.3794,0.44278,0.58986,0.60533,0.57463,0.59459,0.5565,0.5375,0.59126,0.50674,0.35843,0.35108,0.35321,0.3806,0.48997,0.50348,0.47555,0.49999,0.52334,0.52861,0.50982,0.54258,0.59854,0.59661,0.61054,0.57136,0.46138,0.44765,0.47461,0.45244,0.45494,0.46087,0.44241,0.47313,0.54469,0.55537,0.52921,0.55729,0.55915,0.54364,0.59395,0.50158,0.30164,0.28268,0.31463,0.30167,0.35632,0.37093,0.33145,0.38966,0.51528,0.53593,0.48085,0.55798,0.67765,0.68075,0.68443,0.65567,0.56095,0.54996,0.56967,0.55707,0.56335,0.56373,0.56525,0.55606,0.5287,0.5265,0.52866,0.52731,0.50616,0.49342,0.53269,0.46457,0.33733,0.3322,0.32918,0.36042,0.45502,0.45975,0.45839,0.43928,0.38379,0.38595,0.36526,0.42309,0.58975,0.61081,0.56604,0.60621,0.61028,0.59802,0.63593,0.56737,0.40556,0.38265,0.43496,0.37428,0.30861,0.31073,0.29532,0.33492,0.45089,0.46868,0.42556,0.47695,0.53692,0.5355,0.54568,0.51506,0.4123,0.39251,0.44131,0.37835,0.30714,0.31372,0.28116,0.35336,0.52545,0.54086,0.51313,0.52813,0.5196,0.52219,0.50558,0.54833,0.67232,0.68922,0.65156,0.68855,0.69973,0.68817,0.72615,0.65265,0.4637,0.43386,0.50494,0.41784,0.32488,0.33313,0.29387,0.37773,0.55788,0.5666,0.56331,0.53095,0.42467,0.42196,0.40912,0.46169,0.60428,0.61113,0.61169,0.57376,0.43637,0.42135,0.44591,0.43781,0.48274,0.49161,0.47068,0.49449,0.53084,0.53628,0.52084,0.53999,0.54477,0.53312,0.5708,0.50325,0.37575,0.37127,0.36501,0.40642,0.54716,0.56459,0.52801,0.56108,0.58632,0.58838,0.58029,0.59303,0.60223,0.59458,0.62043,0.57149,0.46346,0.45319,0.47016,0.46744,0.53869,0.56232,0.49754,0.58516,0.65627,0.62667,0.73698,0.51542
0.82857,0.89239,0.77123,0.85591,0.82857,0.81407,0.84241,0.82126,0.82857,0.83137,0.8253,0.82952,0.82857,0.82794,0.82771,0.82794,0.82857,0.82794,0.82771,0.82794,0.82857,0.82794,0.82771,0.82794,0.82857,0.82794,0.82771,0.82794,0.82857,0.82794,0.82771,0.82794,0.82857,0.82794,0.82771,0.82794,0.82857,0.82794,0.82771,0.82794,0.82857,0.82794,0.82771,0.82794,0.82857,0.82794,0.82771,0.82794,0.82857,0.82794,0.82771,0.82794,0.82857,0.82794,0.82771,0.82794,0.82857,0.82794,0.82771,0.82794,0.82857,0.82794,0.82771,0.82794,0.82857,0.82794,0.82771,0.82794,0.82857,0.82794,0.82771,0.82794,0.82857,0.82794,0.82771,0.82794,0.82857,0.82794,0.82771,0.82794,0.82857,0.82794,0.82771,0.82794,0.82857,0.82794,0.82771,0.82794,0.82857,0.82794,0.82771,0.82794,0.82857,0.82794,0.82771,0.82794,0.82857,0.82794,0.82771,0.82794,0.82857,0.82794,0.82771,0.82794,0.82857,0.82794,0.82771,0.82794,0.82857,0.82794,0.82771,0.82794,0.82857,0.82794,0.82771,0.82794,0.82857,0.82794,0.82771,0.82794,0.82857,0.82794,0.82771,0.82794,0.82857,0.82794,0.82771,0.82794,0.82857,0.82794,0.82771,0.82794,0.82857,0.82794,0.82771,0.82794,0.82857,0.82794,0.82771,0.82794,0.82857,0.82794,0.82771,0.82794,0.82857,0.82794,0.82771,0.82794,0.82857,0.82794,0.82771,0.82794,0.82857,0.82794,0.82771,0.82794,0.82857,0.82794,0.82771,0.82794,0.82857,0.82794,0.82771,0.82794,0.82857,0.82794,0.82771,0.82794,0.82857,0.82794,0.82771,0.82794,0.82857,0.82794,0.82771,0.82794,0.82857,0.82794,0.82771,0.82794,0.82857,0.82794,0.82771,0.82794,0.82857,0.82794,0.82771,0.82794,0.82857,0.82794,0.82771,0.82794,0.82857,0.82794,0.82771,0.82794,0.82857,0.82794,0.82771,0.82794,0.82857,0.82794,0.82771,0.82794,0.82857,0.82794,0.82771,0.82794,0.82857,0.82794,0.82771,0.82794,0.82857,0.82794,0.82771,0.82794,0.82857,0.82794,0.82771,0.82794,0.82857,0.82794,0.82771,0.82794,0.82857,0.82794,0.82771,0.82794,0.82857,0.82794,0.82771,0.82794,0.82857,0.82794,0.82771,0.82794,0.82857,0.82794,0.82771,0.82794,0.82857,0.82794,0.82771,0.82888,0.82857,0.826,0.83341,0.82259,0.82857,0.83965,0.80593,0.85003,0.82857,0.78198,0.9384,0.64684
0.5556,0.59839,0.51715,0.57393,0.5556,0.54587,0.56487,0.55069,0.5556,0.55747,0.5534,0.55623,0.5556,0.55518,0.55502,0.55518,0.5556,0.55518,0.55502,0.55518,0.5556,0.55518,0.55502,0.55518,0.5556,0.55518,0.55502,0.55518,0.5556,0.55518,0.55502,0.55518,0.5556,0.55518,0.55502,0.55518,0.5556,0.55518,0.55502,0.55518,0.5556,0.55518,0.55502,0.55518,0.5556,0.55518,0.55502,0.55518,0.5556,0.55518,0.55502,0.55518,0.5556,0.55518,0.55502,0.55518,0.5556,0.55518,0.55502,0.55518,0.5556,0.55518,0.55502,0.55518,0.5556,0.55518,0.55502,0.55518,0.5556,0.55518,0.55502,0.55518,0.5556,0.55518,0.55502,0.55518,0.5556,0.55518,0.55502,0.55518,0.5556,0.55518,0.55502,0.55518,0.5556,0.55518,0.55502,0.55518,0.5556,0.55518,0.55502,0.55518,0.5556,0.55518,0.55502,0.55518,0.5556,0.55518,0.55502,0.55518,0.5556,0.55518,0.55502,0.55518,0.5556,0.55518,0.55502,0.55518,0.5556,0.55518,0.55502,0.55518,0.5556,0.55518,0.55502,0.55495,0.5556,0.55565,0.55364,0.55648,0.5556,0.55233,0.56033,0.5498,0.5556,0.56637,0.52807,0.59927,0.75733,0.77245,0.7428,0.76357,0.75733,0.75338,0.76012,0.75513,0.75733,0.75759,0.75596,0.75714,0.75733,0.75676,0.75655,0.75676,0.75733,0.75676,0.75655,0.75676,0.75733,0.75676,0.75655,0.75676,0.75733,0.75676,0.75655,0.75676,0.75733,0.75676,0.75655,0.75676,0.75733,0.75676,0.75655,0.75676,0.75733,0.75676,0.75655,0.75676,0.75733,0.75676,0.75655,0.75676,0.75733,0.75676,0.75655,0.75676,0.75733,0.75676,0.75655,0.75676,0.75733,0.75676,0.75655,0.75676,0.75733,0.75676,0.75655,0.75676,0.75733,0.75676,0.75655,0.75676,0.75733,0.75676,0.75655,0.75676,0.75733,0.75676,0.75655,0.75676,0.75733,0.75676,0.75655,0.75676,0.75733,0.75676,0.75655,0.75676,0.75733,0.75676,0.75655,0.75676,0.75733,0.75676,0.75655,0.75676,0.75733,0.75676,0.75655,0.75676,0.75733,0.75676,0.75655,0.75676,0.75733,0.75676,0.75655,0.75676,0.75733,0.75676,0.75655,0.75676,0.75733,0.75676,0.75655,0.75676,0.75733,0.75676,0.75655,0.75676,0.75733,0.75676,0.75655,0.75761,0.75733,0.75498,0.76175,0.75186,0.75733,0.76746,0.73664,0.77694,0.75733,0.71474,0.85772,0.59122
0.77961,0.83966,0.72566,0.80533,0.77961,0.76597,0.79263,0.77273,0.77961,0.78224,0.77653,0.7805,0.77961,0.77902,0.7788,0.77902,0.77961,0.77902,0.7788,0.77902,0.77961,0.77902,0.7788,0.77902,0.77961,0.77902,0.7788,0.77902,0.77961,0.77902,0.7788,0.77902,0.77961,0.77902,0.7788,0.77902,0.77961,0.77902,0.7788,0.77902,0.77961,0.77902,0.7788,0.77902,0.77961,0.77902,0.7788,0.77902,0.77961,0.77902,0.7788,0.77902,0.77961,0.77902,0.7788,0.77902,0.77961,0.77902,0.7788,0.77902,0.77961,0.77902,0.7788,0.77902,0.77961,0.77902,0.7788,0.77902,0.77961,0.77902,0.7788,0.77902,0.77961,0.77902,0.7788,0.77902,0.77961,0.77902,0.7788,0.77902,0.77961,0.77902,0.7788,0.77902,0.77961,0.77902,0.7788,0.77902,0.77961,0.77902,0.7788,0.77902,0.77961,0.77902,0.7788,0.77902,0.77961,0.77902,0.7788,0.77902,0.77961,0.77902,0.7788,0.77902,0.77961,0.77902,0.7788,0.77902,0.77961,0.77902,0.7788,0.77902,0.77961,0.77902,0.7788,0.77963,0.77961,0.77775,0.78252,0.77552,0.77961,0.78667,0.76458,0.79344,0.77961,0.749,0.85109,0.66075,0.23852,0.19625,0.27515,0.22007,0.23852,0.2474,0.22867,0.2427,0.23852,0.2361,0.23984,0.23731,0.23852,0.23833,0.23827,0.23833,0.23852,0.23833,0.23827,0.23833,0.23852,0.23833,0.23827,0.23833,0.23852,0.23833,0.23827,0.23833,0.23852,0.23833,0.23827,0.23833,0.23852,0.23833,0.23827,0.23833,0.23852,0.23833,0.23827,0.23833,0.23852,0.23833,0.23827,0.23833,0.23852,0.23833,0.23827,0.23833,0.23852,0.23833,0.23827,0.23833,0.23852,0.23833,0.23827,0.23833,0.23852,0.23833,0.23827,0.23833,0.23852,0.23833,0.23827,0.23833,0.23852,0.23833,0.23827,0.23833,0.23852,0.23833,0.23827,0.23833,0.23852,0.23833,0.23827,0.23833,0.23852,0.23833,0.23827,0.23833,0.23852,0.23833,0.23827,0.23833,0.23852,0.23833,0.23827,0.23833,0.23852,0.23833,0.23827,0.23833,0.23852,0.23833,0.23827,0.23833,0.23852,0.23833,0.23827,0.23833,0.23852,0.23833,0.23827,0.23833,0.23852,0.23833,0.23827,0.23833,0.23852,0.23833,0.23827,0.23833,0.23852,0.23833,0.23827,0.2386,0.23852,0.23777,0.23991,0.23679,0.23852,0.24171,0.232,0.24469,0.23852,0.2251,0.27013,0.1862
0.81065,0.87309,0.75455,0.8374,0.81065,0.79646,0.82419,0.80349,0.81065,0.81339,0.80745,0.81158,0.81065,0.81004,0.80981,0.81004,0.81065,0.81004,0.80981,0.81004,0.81065,0.81004,0.80981,0.81004,0.81065,0.81004,0.80981,0.81004,0.81065,0.81004,0.80981,0.81004,0.81065,0.81004,0.80981,0.81004,0.81065,0.81004,0.80981,0.81004,0.81065,0.81004,0.80981,0.81004,0.81065,0.81004,0.80981,0.81004,0.81065,0.81004,0.80981,0.81004,0.81065,0.81004,0.80981,0.81004,0.81065,0.81004,0.80981,0.81004,0.81065,0.81004,0.80981,0.81004,0.81065,0.81004,0.80981,0.81004,0.81065,0.81004,0.80981,0.81004,0.81065,0.81004,0.80981,0.81004,0.81065,0.81004,0.80981,0.81004,0.81065,0.81004,0.80981,0.81004,0.81065,0.81004,0.80981,0.81004,0.81065,0.81004,0.80981,0.81004,0.81065,0.81004,0.80981,0.81004,0.81065,0.81004,0.80981,0.81004,0.81065,0.81004,0.80981,0.81004,0.81065,0.81004,0.80981,0.81004,0.81065,0.81004,0.80981,0.81004,0.81065,0.81004,0.80981,0.81004,0.81065,0.81004,0.80981,0.81004,0.81065,0.81004,0.80981,0.81004,0.81065,0.81004,0.80981,0.81004,0.81065,0.81004,0.80981,0.81004,0.81065,0.81004,0.80981,0.81004,0.81065,0.81004,0.80981,0.81004,0.81065,0.81004,0.80981,0.81004,0.81065,0.81004,0.80981,0.81004,0.81065,0.81004,0.80981,0.81004,0.81065,0.81004,0.80981,0.81004,0.81065,0.81004,0.80981,0.81004,0.81065,0.81004,0.80981,0.81004,0.81065,0.81004,0.80981,0.81004,0.81065,0.81004,0.80981,0.81004,0.81065,0.81004,0.80981,0.81004,0.81065,0.81004,0.80981,0.81004,0.81065,0.81004,0.80981,0.81004,0.81065,0.81004,0.80981,0.81004,0.81065,0.81004,0.80981,0.81004,0.81065,0.81004,0.80981,0.81004,0.81065,0.81004,0.80981,0.81004,0.81065,0.81004,0.80981,0.81004,0.81065,0.81004,0.80981,0.81004,0.81065,0.81004,0.80981,0.81004,0.81065,0.81004,0.80981,0.81004,0.81065,0.81004,0.80981,0.81004,0.81065,0.81004,0.80981,0.81004,0.81065,0.81004,0.80981,0.81004,0.81065,0.81004,0.80981,0.81004,0.81065,0.81004,0.80981,0.81004,0.81065,0.81004,0.80981,0.81004,0.81065,0.81004,0.80981,0.81095,0.81065,0.80813,0.81538,0.8048,0.81065,0.82149,0.7885,0.83164,0.81065,0.76507,0.91811,0.63285
0.72598,0.78189,0.67574,0.74993,0.72598,0.71327,0.7381,0.71957,0.72598,0.72843,0.72311,0.72681,0.72598,0.72543,0.72523,0.72543,0.72598,0.72543,0.72523,0.72543,0.72598,0.72543,0.72523,0.72543,0.72598,0.72543,0.72523,0.72543,0.72598,0.72543,0.72523,0.72543,0.72598,0.72543,0.72523,0.72543,0.72598,0.72543,0.72523,0.72543,0.72598,0.72543,0.72523,0.72543,0.72598,0.72543,0.72523,0.72543,0.72598,0.72543,0.72523,0.72543,0.72598,0.72543,0.72523,0.72543,0.72598,0.72543,0.72523,0.72543,0.72598,0.72543,0.72523,0.72543,0.72598,0.72543,0.72523,0.72543,0.72598,0.72543,0.72523,0.72543,0.72598,0.72543,0.72523,0.72543,0.72598,0.72543,0.72523,0.72543,0.72598,0.72543,0.72523,0.72543,0.72598,0.72543,0.72523,0.72543,0.72598,0.72543,0.72523,0.72543,0.72598,0.72543,0.72523,0.72543,0.72598,0.72543,0.72523,0.72543,0.72598,0.72543,0.72523,0.72543,0.72598,0.72543,0.72523,0.72543,0.72598,0.72543,0.72523,0.72543,0.72598,0.72543,0.72523,0.72543,0.72598,0.72543,0.72523,0.72543,0.72598,0.72543,0.72523,0.72543,0.72598,0.72543,0.72523,0.72543,0.72598,0.72543,0.72523,0.72543,0.72598,0.72543,0.72523,0.72543,0.72598,0.72543,0.72523,0.72543,0.72598,0.72543,0.72523,0.72543,0.72598,0.72543,0.72523,0.72543,0.72598,0.72543,0.72523,0.72543,0.72598,0.72543,0.72523,0.72543,0.72598,0.72543,0.72523,0.72543,0.72598,0.72543,0.72523,0.72543,0.72598,0.72543,0.72523,0.72543,0.72598,0.72543,0.72523,0.72543,0.72598,0.72543,0.72523,0.72543,0.72598,0.72543,0.72523,0.72543,0.72598,0.72543,0.72523,0.72543,0.72598,0.72543,0.72523,0.72543,0.72598,0.72543,0.72523,0.72543,0.72598,0.72543,0.72523,0.72543,0.72598,0.72543,0.72523,0.72543,0.72598,0.72543,0.72523,0.72543,0.72598,0.72543,0.72523,0.72543,0.72598,0.72543,0.72523,0.72543,0.72598,0.72543,0.72523,0.72543,0.72598,0.72543,0.72523,0.72543,0.72598,0.72543,0.72523,0.72543,0.72598,0.72543,0.72523,0.72543,0.72598,0.72543,0.72523,0.72543,0.72598,0.72543,0.72523,0.72543,0.72598,0.72543,0.72523,0.72543,0.72598,0.72543,0.72523,0.72625,0.72598,0.72372,0.73021,0.72073,0.72598,0.73569,0.70614,0.74478,0.72598,0.68515,0.82221,0.56675
0.43341,0.46679,0.40342,0.44771,0.43341,0.42582,0.44065,0.42958,0.43341,0.43487,0.4317,0.43391,0.43341,0.43308,0.43296,0.43308,0.43341,0.43308,0.43296,0.43308,0.43341,0.43308,0.43296,0.43308,0.43341,0.43308,0.43296,0.43308,0.43341,0.43308,0.43296,0.43308,0.43341,0.43308,0.43296,0.43308,0.43341,0.43308,0.43296,0.43308,0.43341,0.43308,0.43296,0.43308,0.43341,0.43308,0.43296,0.43308,0.43341,0.43308,0.43296,0.43302,0.43341,0.43321,0.43259,0.43343,0.43341,0.43233,0.43436,0.43166,0.43341,0.43604,0.42584,0.44474,0.48674,0.49052,0.4826,0.48817,0.48674,0.48548,0.48718,0.48594,0.48674,0.48659,0.48608,0.48647,0.48674,0.48637,0.48623,0.48637,0.48674,0.48637,0.48623,0.48637,0.48674,0.48637,0.48623,0.48637,0.48674,0.48637,0.48623,0.48637,0.48674,0.48637,0.48623,0.48637,0.48674,0.48637,0.48623,0.48637,0.48674,0.48637,0.48623,0.48637,0.48674,0.48637,0.48623,0.48637,0.48674,0.48637,0.48623,0.48637,0.48674,0.48637,0.48623,0.48651,0.48674,0.48608,0.48709,0.48556,0.48674,0.48814,0.48294,0.48971,0.48674,0.47942,0.50296,0.459,0.3615,0.35148,0.36966,0.357,0.3615,0.36332,0.3589,0.36223,0.3615,0.36071,0.36149,0.36099,0.3615,0.36122,0.36112,0.36122,0.3615,0.36122,0.36112,0.36122,0.3615,0.36122,0.36112,0.36122,0.3615,0.36122,0.36112,0.36122,0.3615,0.36122,0.36112,0.36122,0.3615,0.36122,0.36112,0.36122,0.3615,0.36122,0.36112,0.36122,0.3615,0.36122,0.36112,0.36122,0.3615,0.36122,0.36112,0.36122,0.3615,0.36122,0.36112,0.36079,0.3615,0.36212,0.3585,0.36369,0.3615,0.35584,0.37114,0.35107,0.3615,0.38237,0.31021,0.44452,0.7426,0.77168,0.71586,0.7549,0.7426,0.73566,0.74859,0.73896,0.7426,0.74362,0.74072,0.74277,0.7426,0.74204,0.74183,0.74204,0.7426,0.74204,0.74183,0.74204,0.7426,0.74204,0.74183,0.74204,0.7426,0.74204,0.74183,0.74204,0.7426,0.74204,0.74183,0.74204,0.7426,0.74204,0.74183,0.74204,0.7426,0.74204,0.74183,0.74204,0.7426,0.74204,0.74183,0.74204,0.7426,0.74204,0.74183,0.74204,0.7426,0.74204,0.74183,0.74288,0.7426,0.7403,0.74694,0.73724,0.7426,0.75254,0.72231,0.76183,0.7426,0.70084,0.84104,0.57973
0.11654,0.12552,0.10848,0.12039,0.11654,0.1145,0.11849,0.11551,0.11654,0.11694,0.11608,0.11668,0.11654,0.11646,0.11642,0.11646,0.11654,0.11646,0.11642,0.11646,0.11654,0.11646,0.11642,0.11646,0.11654,0.11646,0.11642,0.11646,0.11654,0.11646,0.11642,0.11646,0.11654,0.11646,0.11642,0.11646,0.11654,0.11646,0.11642,0.11646,0.11654,0.11646,0.11642,0.11646,0.11654,0.11646,0.11642,0.11646,0.11654,0.11646,0.11642,0.11646,0.11654,0.11646,0.11642,0.11646,0.11654,0.11646,0.11642,0.11646,0.11654,0.11646,0.11642,0.11646,0.11654,0.11646,0.11642,0.11646,0.11654,0.11646,0.11642,0.11646,0.11654,0.11646,0.11642,0.11646,0.11654,0.11646,0.11642,0.11646,0.11654,0.11646,0.11642,0.11646,0.11654,0.11646,0.11642,0.11646,0.11654,0.11646,0.11642,0.11646,0.11654,0.11646,0.11642,0.11646,0.11654,0.11646,0.11642,0.11646,0.11654,0.11646,0.11642,0.11646,0.11654,0.11646,0.11642,0.11646,0.11654,0.11646,0.11642,0.11646,0.11654,0.11646,0.11642,0.11565,0.11654,0.11814,0.1115,0.12109,0.11654,0.10633,0.13526,0.097363,0.11654,0.1562,0.020713,0.27305,0.83299,0.88808,0.78329,0.85654,0.83299,0.82036,0.84483,0.82658,0.83299,0.83532,0.83004,0.83372,0.83299,0.83236,0.83213,0.83236,0.83299,0.83236,0.83213,0.83236,0.83299,0.83236,0.83213,0.83236,0.83299,0.83236,0.83213,0.83236,0.83299,0.83236,0.83213,0.83236,0.83299,0.83236,0.83213,0.83236,0.83299,0.83236,0.83213,0.83236,0.83299,0.83236,0.83213,0.83236,0.83299,0.83236,0.83213,0.83236,0.83299,0.83236,0.83213,0.83236,0.83299,0.83236,0.83213,0.83236,0.83299,0.83236,0.83213,0.83236,0.83299,0.83236,0.83213,0.83236,0.83299,0.83236,0.83213,0.83236,0.83299,0.83236,0.83213,0.83236,0.83299,0.83236,0.83213,0.83236,0.83299,0.83236,0.83213,0.83236,0.83299,0.83236,0.83213,0.83236,0.83299,0.83236,0.83213,0.83236,0.83299,0.83236,0.83213,0.83236,0.83299,0.83236,0.83213,0.83236,0.83299,0.83236,0.83213,0.83236,0.83299,0.83236,0.83213,0.83236,0.83299,0.83236,0.83213,0.83236,0.83299,0.83236,0.83213,0.83236,0.83299,0.83236,0.83213,0.8333,0.83299,0.8304,0.83785,0.82697,0.83299,0.84413,0.81023,0.85456,0.83299,0.78615,0.94341,0.65029
0.8507,0.91622,0.79183,0.87877,0.8507,0.83581,0.8649,0.84319,0.8507,0.85357,0.84734,0.85167,0.8507,0.85006,0.84982,0.85006,0.8507,0.85006,0.84982,0.85006,0.8507,0.85006,0.84982,0.85006,0.8507,0.85006,0.84982,0.85006,0.8507,0.85006,0.84982,0.85006,0.8507,0.85006,0.84982,0.85006,0.8507,0.85006,0.84982,0.85006,0.8507,0.85006,0.84982,0.85006,0.8507,0.85006,0.84982,0.85006,0.8507,0.85006,0.84982,0.85006,0.8507,0.85006,0.84982,0.85006,0.8507,0.85006,0.84982,0.85006,0.8507,0.85006,0.84982,0.85006,0.8507,0.85006,0.84982,0.85006,0.8507,0.85006,0.84982,0.85006,0.8507,0.85006,0.84982,0.85006,0.8507,0.85006,0.84982,0.85006,0.8507,0.85006,0.84982,0.85006,0.8507,0.85006,0.84982,0.85006,0.8507,0.85006,0.84982,0.85006,0.8507,0.85006,0.84982,0.85006,0.8507,0.85006,0.84982,0.85006,0.8507,0.85006,0.84982,0.85006,0.8507,0.85006,0.84982,0.85006,0.8507,0.85006,0.84982,0.85006,0.8507,0.85006,0.84982,0.85006,0.8507,0.85006,0.84982,0.85006,0.8507,0.85006,0.84982,0.85006,0.8507,0.85006,0.84982,0.85006,0.8507,0.85006,0.84982,0.85006,0.8507,0.85006,0.84982,0.85006,0.8507,0.85006,0.84982,0.85006,0.8507,0.85006,0.84982,0.85006,0.8507,0.85006,0.84982,0.85006,0.8507,0.85006,0.84982,0.85006,0.8507,0.85006,0.84982,0.85006,0.8507,0.85006,0.84982,0.85006,0.8507,0.85006,0.84982,0.85006,0.8507,0.85006,0.84982,0.85006,0.8507,0.85006,0.84982,0.85006,0.8507,0.85006,0.84982,0.85006,0.8507,0.85006,0.84982,0.85006,0.8507,0.85006,0.84982,0.85006,0.8507,0.85006,0.84982,0.85006,0.8507,0.85006,0.84982,0.85006,0.8507,0.85006,0.84982,0.85006,0.8507,0.85006,0.84982,0.85006,0.8507,0.85006,0.84982,0.85006,0.8507,0.85006,0.84982,0.85006,0.8507,0.85006,0.84982,0.85006,0.8507,0.85006,0.84982,0.85006,0.8507,0.85006,0.84982,0.85006,0.8507,0.85006,0.84982,0.85006,0.8507,0.85006,0.84982,0.85006,0.8507,0.85006,0.84982,0.85006,0.8507,0.85006,0.84982,0.85006,0.8507,0.85006,0.84982,0.85006,0.8507,0.85006,0.84982,0.85102,0.8507,0.84806,0.85566,0.84456,0.8507,0.86208,0.82745,0.87273,0.8507,0.80286,0.96346,0.66412
0.84931,0.91473,0.79054,0.87734,0.84931,0.83445,0.8635,0.84182,0.84931,0.85218,0.84596,0.85029,0.84931,0.84867,0.84844,0.84867,0.84931,0.84867,0.84844,0.84867,0.84931,0.84867,0.84844,0.84867,0.84931,0.84867,0.84844,0.84867,0.84931,0.84867,0.84844,0.84867,0.84931,0.84867,0.84844,0.84867,0.84931,0.84867,0.84844,0.84867,0.84931,0.84867,0.84844,0.84867,0.84931,0.84867,0.84844,0.84867,0.84931,0.84867,0.84844,0.84867,0.84931,0.84867,0.84844,0.84867,0.84931,0.84867,0.84844,0.84867,0.84931,0.84867,0.84844,0.84867,0.84931,0.84867,0.84844,0.84867,0.84931,0.84867,0.84844,0.84867,0.84931,0.84867,0.84844,0.84867,0.84931,0.84867,0.84844,0.84867,0.84931,0.84867,0.84844,0.84867,0.84931,0.84867,0.84844,0.84867,0.84931,0.84867,0.84844,0.84867,0.84931,0.84867,0.84844,0.84867,0.84931,0.84867,0.84844,0.84867,0.84931,0.84867,0.84844,0.84867,0.84931,0.84867,0.84844,0.84867,0.84931,0.84867,0.84844,0.84867,0.84931,0.84867,0.84844,0.84887,0.84931,0.84827,0.8496,0.84758,0.84931,0.85107,0.84397,0.8532,0.84931,0.83926,0.87111,0.81158,0.6796,0.66589,0.69047,0.67336,0.6796,0.68193,0.67589,0.68046,0.6796,0.67839,0.67939,0.67876,0.6796,0.67909,0.6789,0.67909,0.6796,0.67909,0.6789,0.67909,0.6796,0.67909,0.6789,0.67909,0.6796,0.67909,0.6789,0.67909,0.6796,0.67909,0.6789,0.67909,0.6796,0.67909,0.6789,0.67909,0.6796,0.67909,0.6789,0.67909,0.6796,0.67909,0.6789,0.67909,0.6796,0.67909,0.6789,0.67909,0.6796,0.67909,0.6789,0.67909,0.6796,0.67909,0.6789,0.67909,0.6796,0.67909,0.6789,0.67909,0.6796,0.67909,0.6789,0.67909,0.6796,0.67909,0.6789,0.67909,0.6796,0.67909,0.6789,0.67909,0.6796,0.67909,0.6789,0.67909,0.6796,0.67909,0.6789,0.67909,0.6796,0.67909,0.6789,0.67909,0.6796,0.67909,0.6789,0.67909,0.6796,0.67909,0.6789,0.67909,0.6796,0.67909,0.6789,0.67909,0.6796,0.67909,0.6789,0.67909,0.6796,0.67909,0.6789,0.67909,0.6796,0.67909,0.6789,0.67909,0.6796,0.67909,0.6789,0.67909,0.6796,0.67909,0.6789,0.67985,0.6796,0.67749,0.68357,0.67469,0.6796,0.68869,0.66103,0.6972,0.6796,0.64139,0.76968,0.53054
0.80434,0.86629,0.74868,0.83088,0.80434,0.79026,0.81777,0.79724,0.80434,0.80705,0.80116,0.80526,0.80434,0.80373,0.8035,0.80373,0.80434,0.80373,0.8035,0.80373,0.80434,0.80373,0.8035,0.80373,0.80434,0.80373,0.8035,0.80373,0.80434,0.80373,0.8035,0.80373,0.80434,0.80373,0.8035,0.80373,0.80434,0.80373,0.8035,0.80373,0.80434,0.80373,0.8035,0.80373,0.80434,0.80373,0.8035,0.80373,0.80434,0.80373,0.8035,0.80373,0.80434,0.80373,0.8035,0.80373,0.80434,0.80373,0.8035,0.80373,0.80434,0.80373,0.8035,0.80373,0.80434,0.80373,0.8035,0.80373,0.80434,0.80373,0.8035,0.80373,0.80434,0.80373,0.8035,0.80373,0.80434,0.80373,0.8035,0.80373,0.80434,0.80373,0.8035,0.80373,0.80434,0.80373,0.8035,0.80373,0.80434,0.80373,0.8035,0.80373,0.80434,0.80373,0.8035,0.80373,0.80434,0.80373,0.8035,0.80373,0.80434,0.80373,0.8035,0.80373,0.80434,0.80373,0.8035,0.80373,0.80434,0.80373,0.8035,0.80373,0.80434,0.80373,0.8035,0.80373,0.80434,0.80373,0.8035,0.80373,0.80434,0.80373,0.8035,0.80373,0.80434,0.80373,0.8035,0.80373,0.80434,0.80373,0.8035,0.80373,0.80434,0.80373,0.8035,0.80373,0.80434,0.80373,0.8035,0.80373,0.80434,0.80373,0.8035,0.80373,0.80434,0.80373,0.8035,0.80373,0.80434,0.80373,0.8035,0.80373,0.80434,0.80373,0.8035,0.80373,0.80434,0.80373,0.8035,0.80373,0.80434,0.80373,0.8035,0.80373,0.80434,0.80373,0.8035,0.80373,0.80434,0.80373,0.8035,0.80373,0.80434,0.80373,0.8035,0.80373,0.80434,0.80373,0.8035,0.80373,0.80434,0.80373,0.8035,0.80373,0.80434,0.80373,0.8035,0.80373,0.80434,0.80373,0.8035,0.80373,0.80434,0.80373,0.8035,0.80373,0.80434,0.80373,0.8035,0.80373,0.80434,0.80373,0.8035,0.80373,0.80434,0.80373,0.8035,0.80373,0.80434,0.80373,0.8035,0.80373,0.80434,0.80373,0.8035,0.80373,0.80434,0.80373,0.8035,0.80373,0.80434,0.80373,0.8035,0.80373,0.80434,0.80373,0.8035,0.80373,0.80434,0.80373,0.8035,0.80373,0.80434,0.80373,0.8035,0.80373,0.80434,0.80373,0.8035,0.80373,0.80434,0.80373,0.8035,0.80464,0.80434,0.80184,0.80903,0.79853,0.80434,0.8151,0.78236,0.82516,0.80434,0.75911,0.91096,0.62792
0.83192,0.896,0.77435,0.85937,0.83192,0.81736,0.84581,0.82458,0.83192,0.83473,0.82864,0.83287,0.83192,0.83129,0.83106,0.83129,0.83192,0.83129,0.83106,0.83129,0.83192,0.83129,0.83106,0.83129,0.83192,0.83129,0.83106,0.83129,0.83192,0.83129,0.83106,0.83129,0.83192,0.83129,0.83106,0.83129,0.83192,0.83129,0.83106,0.83129,0.83192,0.83129,0.83106,0.83129,0.83192,0.83129,0.83106,0.83129,0.83192,0.83129,0.83106,0.83129,0.83192,0.83129,0.83106,0.83129,0.83192,0.83129,0.83106,0.83129,0.83192,0.83129,0.83106,0.83129,0.83192,0.83129,0.83106,0.83129,0.83192,0.83129,0.83106,0.83129,0.83192,0.83129,0.83106,0.83129,0.83192,0.83129,0.83106,0.83129,0.83192,0.83129,0.83106,0.83129,0.83192,0.83129,0.83106,0.83129,0.83192,0.83129,0.83106,0.83129,0.83192,0.83129,0.83106,0.83129,0.83192,0.83129,0.83106,0.83129,0.83192,0.83129,0.83106,0.83129,0.83192,0.83129,0.83106,0.83129,0.83192,0.83129,0.83106,0.83129,0.83192,0.83129,0.83106,0.83165,0.83192,0.83055,0.83325,0.82924,0.83192,0.83579,0.82269,0.83978,0.83192,0.81363,0.87359,0.7617,0.51353,0.48838,0.5347,0.5024,0.51353,0.51848,0.50735,0.51571,0.51353,0.51183,0.51393,0.51254,0.51353,0.51314,0.513,0.51314,0.51353,0.51314,0.513,0.51314,0.51353,0.51314,0.513,0.51314,0.51353,0.51314,0.513,0.51314,0.51353,0.51314,0.513,0.51314,0.51353,0.51314,0.513,0.51314,0.51353,0.51314,0.513,0.51314,0.51353,0.51314,0.513,0.51314,0.51353,0.51314,0.513,0.51314,0.51353,0.51314,0.513,0.51314,0.51353,0.51314,0.513,0.51314,0.51353,0.51314,0.513,0.51314,0.51353,0.51314,0.513,0.51314,0.51353,0.51314,0.513,0.51314,0.51353,0.51314,0.513,0.51314,0.51353,0.51314,0.513,0.51314,0.51353,0.51314,0.513,0.51314,0.51353,0.51314,0.513,0.51314,0.51353,0.51314,0.513,0.51314,0.51353,0.51314,0.513,0.51314,0.51353,0.51314,0.513,0.51314,0.51353,0.51314,0.513,0.51314,0.51353,0.51314,0.513,0.51314,0.51353,0.51314,0.513,0.51314,0.51353,0.51314,0.513,0.51314,0.51353,0.51314,0.513,0.51372,0.51353,0.51194,0.51653,0.50982,0.51353,0.5204,0.4995,0.52683,0.51353,0.48465,0.5816,0.4009
0.72321,0.77968,0.67176,0.74859,0.72321,0.70773,0.74107,0.71104,0.72321,0.74174,0.65222,0.57105,0.58651,0.59224,0.57924,0.58971,0.58651,0.58289,0.59065,0.58149,0.58651,0.62466,0.64143,0.63236,0.63568,0.63676,0.63326,0.63637,0.63568,0.63389,0.63772,0.63121,0.61786,0.61602,0.61853,0.6167,0.61786,0.61787,0.61654,0.61791,0.61786,0.61629,0.6216,0.627,0.6265,0.6257,0.62614,0.62593,0.6265,0.62597,0.62608,0.6257,0.6265,0.62968,0.63102,0.63053,0.63115,0.63056,0.63082,0.6303,0.63115,0.63157,0.62848,0.63417,0.64787,0.64917,0.64518,0.64889,0.64787,0.64533,0.65112,0.64362,0.64787,0.65727,0.60486,0.55104,0.56225,0.56676,0.55514,0.56633,0.56225,0.55536,0.57368,0.54861,0.56225,0.68954,0.74635,0.71611,0.7256,0.72913,0.72107,0.72684,0.7256,0.72508,0.72348,0.72883,0.74517,0.74666,0.74245,0.74595,0.74517,0.74303,0.74733,0.74188,0.74517,0.75193,0.71388,0.67661,0.68426,0.68622,0.68118,0.6848,0.68426,0.68346,0.68337,0.68431,0.68426,0.67462,0.67002,0.67258,0.67243,0.6716,0.67206,0.67174,0.67243,0.67204,0.67186,0.67185,0.67312,0.67346,0.67094,0.67421,0.67312,0.66969,0.67842,0.66664,0.67312,0.68933,0.60189,0.51469,0.53185,0.5375,0.52515,0.53453,0.53185,0.52956,0.5334,0.52975,0.53185,0.53953,0.54101,0.54139,0.54148,0.53948,0.54412,0.53772,0.54148,0.54828,0.52357,0.56962,0.67255,0.68249,0.66247,0.67695,0.67255,0.66894,0.67603,0.66913,0.67255,0.67763,0.6498,0.62304,0.62874,0.63069,0.62498,0.63036,0.62874,0.62539,0.63337,0.62248,0.62874,0.68368,0.70796,0.69527,0.69953,0.70046,0.69775,0.69919,0.69953,0.70024,0.69545,0.70531,0.73011,0.73268,0.72608,0.73188,0.73011,0.72664,0.73483,0.72439,0.73011,0.74331,0.67135,0.59917,0.61369,0.61881,0.60669,0.61699,0.61369,0.60919,0.61979,0.60629,0.61369,0.6768,0.70514,0.6897,0.69498,0.69716,0.69111,0.69662,0.69498,0.6918,0.70021,0.68566,0.6567,0.65407,0.65729,0.65637,0.6567,0.65413,0.66091,0.65096,0.6567,0.67141,0.59081,0.5089,0.52533,0.53129,0.51747,0.52931,0.52533,0.52013,0.53289,0.51718,0.52533,0.60113,0.64112,0.6145,0.62451,0.6355,0.60483,0.64208,0.62451,0.58875,0.70797,0.4873
0.79055,0.85144,0.73584,0.81663,0.79055,0.77671,0.80375,0.78357,0.79055,0.79322,0.78743,0.79145,0.79055,0.78995,0.78973,0.78995,0.79055,0.78995,0.78973,0.78995,0.79055,0.78995,0.78973,0.78995,0.79055,0.78995,0.78973,0.78995,0.79055,0.78995,0.78973,0.78995,0.79055,0.78995,0.78973,0.78995,0.79055,0.78995,0.78973,0.78995,0.79055,0.78995,0.78973,0.78995,0.79055,0.78995,0.78973,0.78995,0.79055,0.78995,0.78973,0.78995,0.79055,0.78995,0.78973,0.78995,0.79055,0.78995,0.78973,0.78995,0.79055,0.78995,0.78973,0.78995,0.79055,0.78995,0.78973,0.78995,0.79055,0.78995,0.78973,0.78995,0.79055,0.78995,0.78973,0.78995,0.79055,0.78995,0.78973,0.78995,0.79055,0.78995,0.78973,0.78995,0.79055,0.78995,0.78973,0.78995,0.79055,0.78995,0.78973,0.78995,0.79055,0.78995,0.78973,0.78995,0.79055,0.78995,0.78973,0.78995,0.79055,0.78995,0.78973,0.78995,0.79055,0.78995,0.78973,0.78995,0.79055,0.78995,0.78973,0.78995,0.79055,0.78995,0.78973,0.78995,0.79055,0.78995,0.78973,0.78995,0.79055,0.78995,0.78973,0.78995,0.79055,0.78995,0.78973,0.78995,0.79055,0.78995,0.78973,0.78995,0.79055,0.78995,0.78973,0.78995,0.79055,0.78995,0.78973,0.78995,0.79055,0.78995,0.78973,0.78995,0.79055,0.78995,0.78973,0.78995,0.79055,0.78995,0.78973,0.78995,0.79055,0.78995,0.78973,0.78995,0.79055,0.78995,0.78973,0.78995,0.79055,0.78995,0.78973,0.78995,0.79055,0.78995,0.78973,0.78995,0.79055,0.78995,0.78973,0.78995,0.79055,0.78995,0.78973,0.78995,0.79055,0.78995,0.78973,0.78995,0.79055,0.78995,0.78973,0.78995,0.79055,0.78995,0.78973,0.78995,0.79055,0.78995,0.78973,0.78995,0.79055,0.78995,0.78973,0.78995,0.79055,0.78995,0.78973,0.78995,0.79055,0.78995,0.78973,0.78995,0.79055,0.78995,0.78973,0.78995,0.79055,0.78995,0.78973,0.78995,0.79055,0.78995,0.78973,0.78995,0.79055,0.78995,0.78973,0.78995,0.79055,0.78995,0.78973,0.78995,0.79055,0.78995,0.78973,0.78995,0.79055,0.78995,0.78973,0.78995,0.79055,0.78995,0.78973,0.78995,0.79055,0.78995,0.78973,0.78995,0.79055,0.78995,0.78973,0.79084,0.79055,0.78809,0.79516,0.78484,0.79055,0.80112,0.76894,0.81102,0.79055,0.74609,0.89534,0.61716
0.75616,0.8144,0.70383,0.78111,0.75616,0.74293,0.76879,0.74949,0.75616,0.75872,0.75318,0.75703,0.75616,0.75559,0.75538,0.75559,0.75616,0.75559,0.75538,0.75559,0.75616,0.75559,0.75538,0.75559,0.75616,0.75559,0.75538,0.75559,0.75616,0.75559,0.75538,0.75559,0.75616,0.75559,0.75538,0.75559,0.75616,0.75559,0.75538,0.75559,0.75616,0.75559,0.75538,0.75559,0.75616,0.75559,0.75538,0.75559,0.75616,0.75559,0.75538,0.75559,0.75616,0.75559,0.75538,0.75559,0.75616,0.75559,0.75538,0.75559,0.75616,0.75559,0.75538,0.75559,0.75616,0.75559,0.75538,0.75559,0.75616,0.75559,0.75538,0.75559,0.75616,0.75559,0.75538,0.75559,0.75616,0.75559,0.75538,0.75559,0.75616,0.75559,0.75538,0.75559,0.75616,0.75559,0.75538,0.75559,0.75616,0.75559,0.75538,0.75559,0.75616,0.75559,0.75538,0.75559,0.75616,0.75559,0.75538,0.75559,0.75616,0.75559,0.75538,0.75559,0.75616,0.75559,0.75538,0.75559,0.75616,0.75559,0.75538,0.75559,0.75616,0.75559,0.75538,0.75559,0.75616,0.75559,0.75538,0.75559,0.75616,0.75559,0.75538,0.75559,0.75616,0.75559,0.75538,0.75559,0.75616,0.75559,0.75538,0.75559,0.75616,0.75559,0.75538,0.75559,0.75616,0.75559,0.75538,0.75559,0.75616,0.75559,0.75538,0.75559,0.75616,0.75559,0.75538,0.75559,0.75616,0.75559,0.75538,0.75559,0.75616,0.75559,0.75538,0.75559,0.75616,0.75559,0.75538,0.75559,0.75616,0.75559,0.75538,0.75559,0.75616,0.75559,0.75538,0.75559,0.75616,0.75559,0.75538,0.75559,0.75616,0.75559,0.75538,0.75559,0.75616,0.75559,0.75538,0.75559,0.75616,0.75559,0.75538,0.75559,0.75616,0.75559,0.75538,0.75559,0.75616,0.75559,0.75538,0.75559,0.75616,0.75559,0.75538,0.75559,0.75616,0.75559,0.75538,0.75559,0.75616,0.75559,0.75538,0.75559,0.75616,0.75559,0.75538,0.75559,0.75616,0.75559,0.75538,0.75559,0.75616,0.75559,0.75538,0.75559,0.75616,0.75559,0.75538,0.75559,0.75616,0.75559,0.75538,0.75559,0.75616,0.75559,0.75538,0.75559,0.75616,0.75559,0.75538,0.75559,0.75616,0.75559,0.75538,0.75559,0.75616,0.75559,0.75538,0.75559,0.75616,0.75559,0.75538,0.75644,0.75616,0.75381,0.76057,0.7507,0.75616,0.76628,0.7355,0.77574,0.75616,0.71364,0.85639,0.59031
0.16117,0.17359,0.15002,0.16649,0.16117,0.15835,0.16387,0.15975,0.16117,0.16172,0.16054,0.16136,0.16117,0.16105,0.16101,0.16105,0.16117,0.16105,0.16101,0.16105,0.16117,0.16105,0.16101,0.16105,0.16117,0.16105,0.16101,0.16105,0.16117,0.16105,0.16101,0.16105,0.16117,0.16105,0.16101,0.16105,0.16117,0.16105,0.16101,0.16105,0.16117,0.16105,0.16101,0.16105,0.16117,0.16105,0.16101,0.16105,0.16117,0.16105,0.16101,0.16105,0.16117,0.16105,0.16101,0.16105,0.16117,0.16105,0.16101,0.16105,0.16117,0.16105,0.16101,0.16105,0.16117,0.16105,0.16101,0.16105,0.16117,0.16105,0.16101,0.16105,0.16117,0.16105,0.16101,0.16105,0.16117,0.16105,0.16101,0.16105,0.16117,0.16105,0.16101,0.16105,0.16117,0.16105,0.16101,0.16105,0.16117,0.16105,0.16101,0.16105,0.16117,0.16105,0.16101,0.16105,0.16117,0.16105,0.16101,0.16105,0.16117,0.16105,0.16101,0.16105,0.16117,0.16105,0.16101,0.16105,0.16117,0.16105,0.16101,0.16105,0.16117,0.16105,0.16101,0.16026,0.16117,0.16271,0.15617,0.16561,0.16117,0.15109,0.17953,0.14227,0.16117,0.20015,0.066867,0.31508,0.86587,0.92003,0.81694,0.889,0.86587,0.85341,0.87747,0.85953,0.86587,0.86813,0.86292,0.86655,0.86587,0.86521,0.86497,0.86521,0.86587,0.86521,0.86497,0.86521,0.86587,0.86521,0.86497,0.86521,0.86587,0.86521,0.86497,0.86521,0.86587,0.86521,0.86497,0.86521,0.86587,0.86521,0.86497,0.86521,0.86587,0.86521,0.86497,0.86521,0.86587,0.86521,0.86497,0.86521,0.86587,0.86521,0.86497,0.86521,0.86587,0.86521,0.86497,0.86521,0.86587,0.86521,0.86497,0.86521,0.86587,0.86521,0.86497,0.86521,0.86587,0.86521,0.86497,0.86521,0.86587,0.86521,0.86497,0.86521,0.86587,0.86521,0.86497,0.86521,0.86587,0.86521,0.86497,0.86521,0.86587,0.86521,0.86497,0.86521,0.86587,0.86521,0.86497,0.86521,0.86587,0.86521,0.86497,0.86521,0.86587,0.86521,0.86497,0.86521,0.86587,0.86521,0.86497,0.86521,0.86587,0.86521,0.86497,0.86521,0.86587,0.86521,0.86497,0.86521,0.86587,0.86521,0.86497,0.86521,0.86587,0.86521,0.86497,0.86521,0.86587,0.86521,0.86497,0.86619,0.86587,0.86318,0.87092,0.85962,0.86587,0.87745,0.84221,0.88829,0.86587,0.81718,0.98064,0.67596
0.81952,0.88264,0.76281,0.84656,0.81952,0.80518,0.8332,0.81228,0.81952,0.82229,0.81628,0.82046,0.81952,0.8189,0.81867,0.8189,0.81952,0.8189,0.81867,0.8189,0.81952,0.8189,0.81867,0.8189,0.81952,0.8189,0.81867,0.8189,0.81952,0.8189,0.81867,0.8189,0.81952,0.8189,0.81867,0.8189,0.81952,0.8189,0.81867,0.8189,0.81952,0.8189,0.81867,0.8189,0.81952,0.8189,0.81867,0.8189,0.81952,0.8189,0.81867,0.8189,0.81952,0.8189,0.81867,0.8189,0.81952,0.8189,0.81867,0.8189,0.81952,0.8189,0.81867,0.8189,0.81952,0.8189,0.81867,0.8189,0.81952,0.8189,0.81867,0.8189,0.81952,0.8189,0.81867,0.8189,0.81952,0.8189,0.81867,0.8189,0.81952,0.8189,0.81867,0.8189,0.81952,0.8189,0.81867,0.8189,0.81952,0.8189,0.81867,0.8189,0.81952,0.8189,0.81867,0.8189,0.81952,0.8189,0.81867,0.8189,0.81952,0.8189,0.81867,0.8189,0.81952,0.8189,0.81867,0.8189,0.81952,0.8189,0.81867,0.8189,0.81952,0.8189,0.81867,0.8189,0.81952,0.8189,0.81867,0.8189,0.81952,0.8189,0.81867,0.8189,0.81952,0.8189,0.81867,0.8189,0.81952,0.8189,0.81867,0.8189,0.81952,0.8189,0.81867,0.8189,0.81952,0.8189,0.81867,0.8189,0.81952,0.8189,0.81867,0.8189,0.81952,0.8189,0.81867,0.8189,0.81952,0.8189,0.81867,0.8189,0.81952,0.8189,0.81867,0.8189,0.81952,0.8189,0.81867,0.8189,0.81952,0.8189,0.81867,0.8189,0.81952,0.8189,0.81867,0.8189,0.81952,0.8189,0.81867,0.8189,0.81952,0.8189,0.81867,0.8189,0.81952,0.8189,0.81867,0.8189,0.81952,0.8189,0.81867,0.8189,0.81952,0.8189,0.81867,0.8189,0.81952,0.8189,0.81867,0.8189,0.81952,0.8189,0.81867,0.8189,0.81952,0.8189,0.81867,0.8189,0.81952,0.8189,0.81867,0.8189,0.81952,0.8189,0.81867,0.8189,0.81952,0.8189,0.81867,0.8189,0.81952,0.8189,0.81867,0.8189,0.81952,0.8189,0.81867,0.8189,0.81952,0.8189,0.81867,0.8189,0.81952,0.8189,0.81867,0.8189,0.81952,0.8189,0.81867,0.8189,0.81952,0.8189,0.81867,0.8189,0.81952,0.8189,0.81867,0.8189,0.81952,0.8189,0.81867,0.81983,0.81952,0.81697,0.8243,0.8136,0.81952,0.83048,0.79713,0.84074,0.81952,0.77344,0.92815,0.63977
0.59281,0.63847,0.55178,0.61237,0.59281,0.58243,0.6027,0.58757,0.59281,0.59481,0.59047,0.59348,0.59281,0.59236,0.59219,0.59236,0.59281,0.59236,0.59219,0.59236,0.59281,0.59236,0.59219,0.59236,0.59281,0.59236,0.59219,0.59236,0.59281,0.59236,0.59219,0.59236,0.59281,0.59236,0.59219,0.59236,0.59281,0.59236,0.59219,0.59236,0.59281,0.59236,0.59219,0.59236,0.59281,0.59236,0.59219,0.59236,0.59281,0.59236,0.59219,0.59236,0.59281,0.59236,0.59219,0.59236,0.59281,0.59236,0.59219,0.59236,0.59281,0.59236,0.59219,0.59236,0.59281,0.59236,0.59219,0.59236,0.59281,0.59236,0.59219,0.59236,0.59281,0.59236,0.59219,0.59236,0.59281,0.59236,0.59219,0.59236,0.59281,0.59236,0.59219,0.59236,0.59281,0.59236,0.59219,0.59236,0.59281,0.59236,0.59219,0.59236,0.59281,0.59236,0.59219,0.59236,0.59281,0.59236,0.59219,0.59236,0.59281,0.59236,0.59219,0.59236,0.59281,0.59236,0.59219,0.59236,0.59281,0.59236,0.59219,0.59236,0.59281,0.59236,0.59219,0.59216,0.59281,0.59276,0.59101,0.59347,0.59281,0.58992,0.59673,0.58776,0.59281,0.60193,0.56914,0.63008,0.76539,0.77824,0.75284,0.77064,0.76539,0.76192,0.76766,0.76342,0.76539,0.76553,0.7641,0.76514,0.76539,0.76482,0.7646,0.76482,0.76539,0.76482,0.7646,0.76482,0.76539,0.76482,0.7646,0.76482,0.76539,0.76482,0.7646,0.76482,0.76539,0.76482,0.7646,0.76482,0.76539,0.76482,0.7646,0.76482,0.76539,0.76482,0.7646,0.76482,0.76539,0.76482,0.7646,0.76482,0.76539,0.76482,0.7646,0.76482,0.76539,0.76482,0.7646,0.76482,0.76539,0.76482,0.7646,0.76482,0.76539,0.76482,0.7646,0.76482,0.76539,0.76482,0.7646,0.76482,0.76539,0.76482,0.7646,0.76482,0.76539,0.76482,0.7646,0.76482,0.76539,0.76482,0.7646,0.76482,0.76539,0.76482,0.7646,0.76482,0.76539,0.76482,0.7646,0.76482,0.76539,0.76482,0.7646,0.76482,0.76539,0.76482,0.7646,0.76482,0.76539,0.76482,0.7646,0.76482,0.76539,0.76482,0.7646,0.76482,0.76539,0.76482,0.7646,0.76482,0.76539,0.76482,0.7646,0.76482,0.76539,0.76482,0.7646,0.76482,0.76539,0.76482,0.7646,0.76568,0.76539,0.76302,0.76986,0.75987,0.76539,0.77563,0.74448,0.78521,0.76539,0.72235,0.86685,0.59752
0.59858,0.64468,0.55716,0.61833,0.59858,0.5881,0.60857,0.59329,0.59858,0.6006,0.59622,0.59926,0.59858,0.59813,0.59796,0.59813,0.59858,0.59813,0.59796,0.59813,0.59858,0.59813,0.59796,0.59813,0.59858,0.59813,0.59796,0.59813,0.59858,0.59813,0.59796,0.59813,0.59858,0.59813,0.59796,0.59813,0.59858,0.59813,0.59796,0.59813,0.59858,0.59813,0.59796,0.59813,0.59858,0.59813,0.59796,0.59813,0.59858,0.59813,0.59796,0.59813,0.59858,0.59813,0.59796,0.59813,0.59858,0.59813,0.59796,0.59813,0.59858,0.59813,0.59796,0.59813,0.59858,0.59813,0.59796,0.59813,0.59858,0.59813,0.59796,0.59813,0.59858,0.59813,0.59796,0.59813,0.59858,0.59813,0.59796,0.59813,0.59858,0.59813,0.59796,0.59813,0.59858,0.59813,0.59796,0.59813,0.59858,0.59813,0.59796,0.59813,0.59858,0.59813,0.59796,0.59813,0.59858,0.59813,0.59796,0.59813,0.59858,0.59813,0.59796,0.59813,0.59858,0.59813,0.59796,0.59813,0.59858,0.59813,0.59796,0.59813,0.59858,0.59813,0.59796,0.59801,0.59858,0.59838,0.59722,0.59882,0.59858,0.5966,0.60079,0.59526,0.59858,0.6041,0.58357,0.62167,0.70627,0.71412,0.6982,0.70937,0.70627,0.70394,0.70745,0.70487,0.70627,0.70618,0.70523,0.70594,0.70627,0.70574,0.70554,0.70574,0.70627,0.70574,0.70554,0.70574,0.70627,0.70574,0.70554,0.70574,0.70627,0.70574,0.70554,0.70574,0.70627,0.70574,0.70554,0.70574,0.70627,0.70574,0.70554,0.70574,0.70627,0.70574,0.70554,0.70574,0.70627,0.70574,0.70554,0.70574,0.70627,0.70574,0.70554,0.70574,0.70627,0.70574,0.70554,0.70574,0.70627,0.70574,0.70554,0.70574,0.70627,0.70574,0.70554,0.70574,0.70627,0.70574,0.70554,0.70574,0.70627,0.70574,0.70554,0.70574,0.70627,0.70574,0.70554,0.70574,0.70627,0.70574,0.70554,0.70574,0.70627,0.70574,0.70554,0.70574,0.70627,0.70574,0.70554,0.70574,0.70627,0.70574,0.70554,0.70574,0.70627,0.70574,0.70554,0.70574,0.70627,0.70574,0.70554,0.70574,0.70627,0.70574,0.70554,0.70574,0.70627,0.70574,0.70554,0.70574,0.70627,0.70574,0.70554,0.70574,0.70627,0.70574,0.70554,0.70574,0.70627,0.70574,0.70554,0.70654,0.70627,0.70408,0.71039,0.70117,0.70627,0.71572,0.68697,0.72456,0.70627,0.66656,0.79989,0.55137
0.82336,0.88677,0.76638,0.85052,0.82336,0.80895,0.8371,0.81609,0.82336,0.82614,0.82011,0.8243,0.82336,0.82273,0.8225,0.82273,0.82336,0.82273,0.8225,0.82273,0.82336,0.82273,0.8225,0.82273,0.82336,0.82273,0.8225,0.82273,0.82336,0.82273,0.8225,0.82273,0.82336,0.82273,0.8225,0.82273,0.82336,0.82273,0.8225,0.82273,0.82336,0.82273,0.8225,0.82273,0.82336,0.82273,0.8225,0.82273,0.82336,0.82273,0.8225,0.82273,0.82336,0.82273,0.8225,0.82273,0.82336,0.82273,0.8225,0.82273,0.82336,0.82273,0.8225,0.82273,0.82336,0.82273,0.8225,0.82273,0.82336,0.82273,0.8225,0.82273,0.82336,0.82273,0.8225,0.82273,0.82336,0.82273,0.8225,0.82273,0.82336,0.82273,0.8225,0.82273,0.82336,0.82273,0.8225,0.82273,0.82336,0.82273,0.8225,0.82273,0.82336,0.82273,0.8225,0.82273,0.82336,0.82273,0.8225,0.82273,0.82336,0.82273,0.8225,0.82273,0.82336,0.82273,0.8225,0.82273,0.82336,0.82273,0.8225,0.82273,0.82336,0.82273,0.8225,0.82273,0.82336,0.82273,0.8225,0.82273,0.82336,0.82273,0.8225,0.82273,0.82336,0.82273,0.8225,0.82273,0.82336,0.82273,0.8225,0.82273,0.82336,0.82273,0.8225,0.82273,0.82336,0.82273,0.8225,0.82273,0.82336,0.82273,0.8225,0.82273,0.82336,0.82273,0.8225,0.82273,0.82336,0.82273,0.8225,0.82273,0.82336,0.82273,0.8225,0.82273,0.82336,0.82273,0.8225,0.82273,0.82336,0.82273,0.8225,0.82273,0.82336,0.82273,0.8225,0.82273,0.82336,0.82273,0.8225,0.82273,0.82336,0.82273,0.8225,0.82273,0.82336,0.82273,0.8225,0.82273,0.82336,0.82273,0.8225,0.82273,0.82336,0.82273,0.8225,0.82273,0.82336,0.82273,0.8225,0.82273,0.82336,0.82273,0.8225,0.82273,0.82336,0.82273,0.8225,0.82273,0.82336,0.82273,0.8225,0.82273,0.82336,0.82273,0.8225,0.82273,0.82336,0.82273,0.8225,0.82273,0.82336,0.82273,0.8225,0.82273,0.82336,0.82273,0.8225,0.82273,0.82336,0.82273,0.8225,0.82273,0.82336,0.82273,0.8225,0.82273,0.82336,0.82273,0.8225,0.82273,0.82336,0.82273,0.8225,0.82273,0.82336,0.82273,0.8225,0.82273,0.82336,0.82273,0.8225,0.82366,0.82336,0.8208,0.82816,0.81741,0.82336,0.83437,0.80086,0.84468,0.82336,0.77706,0.9325,0.64277
0.82419,0.88767,0.76716,0.85139,0.82419,0.80977,0.83795,0.81692,0.82419,0.82698,0.82094,0.82514,0.82419,0.82357,0.82334,0.82357,0.82419,0.82357,0.82334,0.82357,0.82419,0.82357,0.82334,0.82357,0.82419,0.82357,0.82334,0.82357,0.82419,0.82357,0.82334,0.82357,0.82419,0.82357,0.82334,0.82357,0.82419,0.82357,0.82334,0.82357,0.82419,0.82357,0.82334,0.82357,0.82419,0.82357,0.82334,0.82357,0.82419,0.82357,0.82334,0.82357,0.82419,0.82357,0.82334,0.82357,0.82419,0.82357,0.82334,0.82357,0.82419,0.82357,0.82334,0.82357,0.82419,0.82357,0.82334,0.82357,0.82419,0.82357,0.82334,0.82357,0.82419,0.82357,0.82334,0.82357,0.82419,0.82357,0.82334,0.82357,0.82419,0.82357,0.82334,0.82357,0.82419,0.82357,0.82334,0.82357,0.82419,0.82357,0.82334,0.82357,0.82419,0.82357,0.82334,0.82357,0.82419,0.82357,0.82334,0.82357,0.82419,0.82357,0.82334,0.82357,0.82419,0.82357,0.82334,0.82357,0.82419,0.82357,0.82334,0.82357,0.82419,0.82357,0.82334,0.82372,0.82419,0.82327,0.82423,0.82274,0.82419,0.82539,0.81995,0.82701,0.82419,0.81641,0.84058,0.79537,0.69516,0.6846,0.70324,0.69028,0.69516,0.6968,0.69215,0.69568,0.69516,0.6941,0.69482,0.69439,0.69516,0.69464,0.69444,0.69464,0.69516,0.69464,0.69444,0.69464,0.69516,0.69464,0.69444,0.69464,0.69516,0.69464,0.69444,0.69464,0.69516,0.69464,0.69444,0.69464,0.69516,0.69464,0.69444,0.69464,0.69516,0.69464,0.69444,0.69464,0.69516,0.69464,0.69444,0.69464,0.69516,0.69464,0.69444,0.69464,0.69516,0.69464,0.69444,0.69464,0.69516,0.69464,0.69444,0.69464,0.69516,0.69464,0.69444,0.69464,0.69516,0.69464,0.69444,0.69464,0.69516,0.69464,0.69444,0.69464,0.69516,0.69464,0.69444,0.69464,0.69516,0.69464,0.69444,0.69464,0.69516,0.69464,0.69444,0.69464,0.69516,0.69464,0.69444,0.69464,0.69516,0.69464,0.69444,0.69464,0.69516,0.69464,0.69444,0.69464,0.69516,0.69464,0.69444,0.69464,0.69516,0.69464,0.69444,0.69464,0.69516,0.69464,0.69444,0.69464,0.69516,0.69464,0.69444,0.69464,0.69516,0.69464,0.69444,0.69464,0.69516,0.69464,0.69444,0.69542,0.69516,0.693,0.69922,0.69014,0.69516,0.70446,0.67617,0.71316,0.69516,0.65607,0.78731,0.54269
0.76878,0.82799,0.71558,0.79415,0.76878,0.75532,0.78162,0.76199,0.76878,0.77138,0.76574,0.76966,0.76878,0.7682,0.76798,0.7682,0.76878,0.7682,0.76798,0.7682,0.76878,0.7682,0.76798,0.7682,0.76878,0.7682,0.76798,0.7682,0.76878,0.7682,0.76798,0.7682,0.76878,0.7682,0.76798,0.7682,0.76878,0.7682,0.76798,0.7682,0.76878,0.7682,0.76798,0.7682,0.76878,0.7682,0.76798,0.7682,0.76878,0.7682,0.76798,0.7682,0.76878,0.7682,0.76798,0.7682,0.76878,0.7682,0.76798,0.7682,0.76878,0.7682,0.76798,0.7682,0.76878,0.7682,0.76798,0.7682,0.76878,0.7682,0.76798,0.7682,0.76878,0.7682,0.76798,0.7682,0.76878,0.7682,0.76798,0.7682,0.76878,0.7682,0.76798,0.7682,0.76878,0.7682,0.76798,0.7682,0.76878,0.7682,0.76798,0.7682,0.76878,0.7682,0.76798,0.7682,0.76878,0.7682,0.76798,0.7682,0.76878,0.7682,0.76798,0.7682,0.76878,0.7682,0.76798,0.7682,0.76878,0.7682,0.76798,0.7682,0.76878,0.7682,0.76798,0.76883,0.76878,0.76688,0.77183,0.76458,0.76878,0.77611,0.75327,0.78312,0.76878,0.73715,0.84276,0.64585,0.20904,0.16534,0.24698,0.18999,0.20904,0.21825,0.1989,0.2134,0.20904,0.20657,0.21045,0.20782,0.20904,0.20888,0.20882,0.20888,0.20904,0.20888,0.20882,0.20888,0.20904,0.20888,0.20882,0.20888,0.20904,0.20888,0.20882,0.20888,0.20904,0.20888,0.20882,0.20888,0.20904,0.20888,0.20882,0.20888,0.20904,0.20888,0.20882,0.20888,0.20904,0.20888,0.20882,0.20888,0.20904,0.20888,0.20882,0.20888,0.20904,0.20888,0.20882,0.20888,0.20904,0.20888,0.20882,0.20888,0.20904,0.20888,0.20882,0.20888,0.20904,0.20888,0.20882,0.20888,0.20904,0.20888,0.20882,0.20888,0.20904,0.20888,0.20882,0.20888,0.20904,0.20888,0.20882,0.20888,0.20904,0.20888,0.20882,0.20888,0.20904,0.20888,0.20882,0.20888,0.20904,0.20888,0.20882,0.20888,0.20904,0.20888,0.20882,0.20888,0.20904,0.20888,0.20882,0.20888,0.20904,0.20888,0.20882,0.20888,0.20904,0.20888,0.20882,0.20888,0.20904,0.20888,0.20882,0.20888,0.20904,0.20888,0.20882,0.20888,0.20904,0.20888,0.20882,0.20912,0.20904,0.20839,0.21026,0.20753,0.20904,0.21183,0.20333,0.21445,0.20904,0.19728,0.23675,0.16319
0.83189,0.89597,0.77432,0.85934,0.83189,0.81733,0.84578,0.82455,0.83189,0.8347,0.82861,0.83284,0.83189,0.83126,0.83103,0.83126,0.83189,0.83126,0.83103,0.83126,0.83189,0.83126,0.83103,0.83126,0.83189,0.83126,0.83103,0.83126,0.83189,0.83126,0.83103,0.83126,0.83189,0.83126,0.83103,0.83126,0.83189,0.83126,0.83103,0.83126,0.83189,0.83126,0.83103,0.83126,0.83189,0.83126,0.83103,0.83126,0.83189,0.83126,0.83103,0.83126,0.83189,0.83126,0.83103,0.83126,0.83189,0.83126,0.83103,0.83126,0.83189,0.83126,0.83103,0.83126,0.83189,0.83126,0.83103,0.83126,0.83189,0.83126,0.83103,0.83126,0.83189,0.83126,0.83103,0.83126,0.83189,0.83126,0.83103,0.83126,0.83189,0.83126,0.83103,0.83126,0.83189,0.83126,0.83103,0.83126,0.83189,0.83126,0.83103,0.83126,0.83189,0.83126,0.83103,0.83126,0.83189,0.83126,0.83103,0.83126,0.83189,0.83126,0.83103,0.83126,0.83189,0.83126,0.83103,0.83126,0.83189,0.83126,0.83103,0.83126,0.83189,0.83126,0.83103,0.83126,0.83189,0.83126,0.83103,0.83126,0.83189,0.83126,0.83103,0.83126,0.83189,0.83126,0.83103,0.83126,0.83189,0.83126,0.83103,0.83126,0.83189,0.83126,0.83103,0.83126,0.83189,0.83126,0.83103,0.83126,0.83189,0.83126,0.83103,0.83126,0.83189,0.83126,0.83103,0.83126,0.83189,0.83126,0.83103,0.83126,0.83189,0.83126,0.83103,0.83126,0.83189,0.83126,0.83103,0.83126,0.83189,0.83126,0.83103,0.83126,0.83189,0.83126,0.83103,0.83126,0.83189,0.83126,0.83103,0.83126,0.83189,0.83126,0.83103,0.83126,0.83189,0.83126,0.83103,0.83126,0.83189,0.83126,0.83103,0.83126,0.83189,0.83126,0.83103,0.83126,0.83189,0.83126,0.83103,0.83126,0.83189,0.83126,0.83103,0.83126,0.83189,0.83126,0.83103,0.83126,0.83189,0.83126,0.83103,0.83126,0.83189,0.83126,0.83103,0.83126,0.83189,0.83126,0.83103,0.83126,0.83189,0.83126,0.83103,0.83126,0.83189,0.83126,0.83103,0.83126,0.83189,0.83126,0.83103,0.83126,0.83189,0.83126,0.83103,0.83126,0.83189,0.83126,0.83103,0.83126,0.83189,0.83126,0.83103,0.83126,0.83189,0.83126,0.83103,0.83126,0.83189,0.83126,0.83103,0.8322,0.83189,0.82931,0.83675,0.82589,0.83189,0.84302,0.80916,0.85343,0.83189,0.78511,0.94216,0.64943
0.79594,0.85725,0.74086,0.8222,0.79594,0.78201,0.80923,0.78891,0.79594,0.79863,0.7928,0.79685,0.79594,0.79534,0.79512,0.79534,0.79594,0.79534,0.79512,0.79534,0.79594,0.79534,0.79512,0.79534,0.79594,0.79534,0.79512,0.79534,0.79594,0.79534,0.79512,0.79534,0.79594,0.79534,0.79512,0.79534,0.79594,0.79534,0.79512,0.79534,0.79594,0.79534,0.79512,0.79534,0.79594,0.79534,0.79512,0.79534,0.79594,0.79534,0.79512,0.79534,0.79594,0.79534,0.79512,0.79534,0.79594,0.79534,0.79512,0.79534,0.79594,0.79534,0.79512,0.79534,0.79594,0.79534,0.79512,0.79534,0.79594,0.79534,0.79512,0.79534,0.79594,0.79534,0.79512,0.79534,0.79594,0.79534,0.79512,0.79534,0.79594,0.79534,0.79512,0.79534,0.79594,0.79534,0.79512,0.79534,0.79594,0.79534,0.79512,0.79534,0.79594,0.79534,0.79512,0.79534,0.79594,0.79534,0.79512,0.79534,0.79594,0.79534,0.79512,0.79534,0.79594,0.79534,0.79512,0.79534,0.79594,0.79534,0.79512,0.79534,0.79594,0.79534,0.79512,0.79534,0.79594,0.79534,0.79512,0.79534,0.79594,0.79534,0.79512,0.79534,0.79594,0.79534,0.79512,0.79534,0.79594,0.79534,0.79512,0.79534,0.79594,0.79534,0.79512,0.79534,0.79594,0.79534,0.79512,0.79534,0.79594,0.79534,0.79512,0.79534,0.79594,0.79534,0.79512,0.79534,0.79594,0.79534,0.79512,0.79534,0.79594,0.79534,0.79512,0.79534,0.79594,0.79534,0.79512,0.79534,0.79594,0.79534,0.79512,0.79534,0.79594,0.79534,0.79512,0.79534,0.79594,0.79534,0.79512,0.79534,0.79594,0.79534,0.79512,0.79534,0.79594,0.79534,0.79512,0.79534,0.79594,0.79534,0.79512,0.79534,0.79594,0.79534,0.79512,0.79534,0.79594,0.79534,0.79512,0.79534,0.79594,0.79534,0.79512,0.79534,0.79594,0.79534,0.79512,0.79534,0.79594,0.79534,0.79512,0.79534,0.79594,0.79534,0.79512,0.79534,0.79594,0.79534,0.79512,0.79534,0.79594,0.79534,0.79512,0.79534,0.79594,0.79534,0.79512,0.79534,0.79594,0.79534,0.79512,0.79534,0.79594,0.79534,0.79512,0.79534,0.79594,0.79534,0.79512,0.79534,0.79594,0.79534,0.79512,0.79534,0.79594,0.79534,0.79512,0.79534,0.79594,0.79534,0.79512,0.79624,0.79594,0.79347,0.80059,0.79019,0.79594,0.80659,0.77419,0.81655,0.79594,0.75118,0.90145,0.62137
0.16979,0.18287,0.15804,0.17539,0.16979,0.16682,0.17263,0.16829,0.16979,0.17037,0.16912,0.16999,0.16979,0.16966,0.16962,0.16966,0.16979,0.16966,0.16962,0.16966,0.16979,0.16966,0.16962,0.16966,0.16979,0.16966,0.16962,0.16966,0.16979,0.16966,0.16962,0.16966,0.16979,0.16966,0.16962,0.16966,0.16979,0.16966,0.16962,0.16966,0.16979,0.16966,0.16962,0.16966,0.16979,0.16966,0.16962,0.16966,0.16979,0.16966,0.16962,0.16966,0.16979,0.16966,0.16962,0.16966,0.16979,0.16966,0.16962,0.16966,0.16979,0.16966,0.16962,0.16966,0.16979,0.16966,0.16962,0.16966,0.16979,0.16966,0.16962,0.16966,0.16979,0.16966,0.16962,0.16966,0.16979,0.16966,0.16962,0.16966,0.16979,0.16966,0.16962,0.16966,0.16979,0.16966,0.16962,0.16966,0.16979,0.16966,0.16962,0.16966,0.16979,0.16966,0.16962,0.16966,0.16979,0.16966,0.16962,0.16966,0.16979,0.16966,0.16962,0.16966,0.16979,0.16966,0.16962,0.16966,0.16979,0.16966,0.16962,0.16966,0.16979,0.16966,0.16962,0.16892,0.16979,0.17122,0.16506,0.17395,0.16979,0.16029,0.18705,0.152,0.16979,0.20644,0.081049,0.31458,0.83277,0.88371,0.78672,0.85452,0.83277,0.82104,0.84367,0.82679,0.83277,0.83489,0.82998,0.83341,0.83277,0.83215,0.83191,0.83215,0.83277,0.83215,0.83191,0.83215,0.83277,0.83215,0.83191,0.83215,0.83277,0.83215,0.83191,0.83215,0.83277,0.83215,0.83191,0.83215,0.83277,0.83215,0.83191,0.83215,0.83277,0.83215,0.83191,0.83215,0.83277,0.83215,0.83191,0.83215,0.83277,0.83215,0.83191,0.83215,0.83277,0.83215,0.83191,0.83215,0.83277,0.83215,0.83191,0.83215,0.83277,0.83215,0.83191,0.83215,0.83277,0.83215,0.83191,0.83215,0.83277,0.83215,0.83191,0.83215,0.83277,0.83215,0.83191,0.83215,0.83277,0.83215,0.83191,0.83215,0.83277,0.83215,0.83191,0.83215,0.83277,0.83215,0.83191,0.83215,0.83277,0.83215,0.83191,0.83215,0.83277,0.83215,0.83191,0.83215,0.83277,0.83215,0.83191,0.83215,0.83277,0.83215,0.83191,0.83215,0.83277,0.83215,0.83191,0.83215,0.83277,0.83215,0.83191,0.83215,0.83277,0.83215,0.83191,0.83215,0.83277,0.83215,0.83191,0.83309,0.83277,0.83019,0.83764,0.82676,0.83277,0.84391,0.81002,0.85434,0.83277,0.78595,0.94316,0.65012
0.7766,0.83642,0.72286,0.80223,0.7766,0.76301,0.78957,0.76975,0.7766,0.77923,0.77354,0.77749,0.7766,0.77602,0.7758,0.77602,0.7766,0.77602,0.7758,0.77602,0.7766,0.77602,0.7758,0.77602,0.7766,0.77602,0.7758,0.77602,0.7766,0.77602,0.7758,0.77602,0.7766,0.77602,0.7758,0.77602,0.7766,0.77602,0.7758,0.77602,0.7766,0.77602,0.7758,0.77602,0.7766,0.77602,0.7758,0.77602,0.7766,0.77602,0.7758,0.77602,0.7766,0.77602,0.7758,0.77602,0.7766,0.77602,0.7758,0.77602,0.7766,0.77602,0.7758,0.77602,0.7766,0.77602,0.7758,0.77602,0.7766,0.77602,0.7758,0.77602,0.7766,0.77602,0.7758,0.77602,0.7766,0.77602,0.7758,0.77602,0.7766,0.77602,0.7758,0.77602,0.7766,0.77602,0.7758,0.77602,0.7766,0.77602,0.7758,0.77602,0.7766,0.77602,0.7758,0.77602,0.7766,0.77602,0.7758,0.77602,0.7766,0.77602,0.7758,0.77602,0.7766,0.77602,0.7758,0.77602,0.7766,0.77602,0.7758,0.77602,0.7766,0.77602,0.7758,0.77602,0.7766,0.77602,0.7758,0.77602,0.7766,0.77602,0.7758,0.77602,0.7766,0.77602,0.7758,0.77602,0.7766,0.77602,0.7758,0.77602,0.7766,0.77602,0.7758,0.77602,0.7766,0.77602,0.7758,0.77602,0.7766,0.77602,0.7758,0.77602,0.7766,0.77602,0.7758,0.77602,0.7766,0.77602,0.7758,0.77602,0.7766,0.77602,0.7758,0.77602,0.7766,0.77602,0.7758,0.77602,0.7766,0.77602,0.7758,0.77602,0.7766,0.77602,0.7758,0.77602,0.7766,0.77602,0.7758,0.77602,0.7766,0.77602,0.7758,0.77602,0.7766,0.77602,0.7758,0.77602,0.7766,0.77602,0.7758,0.77602,0.7766,0.77602,0.7758,0.77602,0.7766,0.77602,0.7758,0.77602,0.7766,0.77602,0.7758,0.77602,0.7766,0.77602,0.7758,0.77602,0.7766,0.77602,0.7758,0.77602,0.7766,0.77602,0.7758,0.77602,0.7766,0.77602,0.7758,0.77602,0.7766,0.77602,0.7758,0.77602,0.7766,0.77602,0.7758,0.77602,0.7766,0.77602,0.7758,0.77602,0.7766,0.77602,0.7758,0.77602,0.7766,0.77602,0.7758,0.77602,0.7766,0.77602,0.7758,0.77602,0.7766,0.77602,0.7758,0.77602,0.7766,0.77602,0.7758,0.7769,0.7766,0.77419,0.78114,0.771,0.7766,0.78699,0.75538,0.79671,0.7766,0.73293,0.87955,0.60627
0.31155,0.33554,0.28999,0.32183,0.31155,0.30609,0.31675,0.3088,0.31155,0.3126,0.31032,0.3119,0.31155,0.31131,0.31122,0.31131,0.31155,0.31131,0.31122,0.31131,0.31155,0.31131,0.31122,0.31131,0.31155,0.31131,0.31122,0.31131,0.31155,0.31131,0.31122,0.31131,0.31155,0.31131,0.31122,0.31131,0.31155,0.31131,0.31122,0.31131,0.31155,0.31131,0.31122,0.31131,0.31155,0.31131,0.31122,0.31131,0.31155,0.31131,0.31122,0.31131,0.31155,0.31131,0.31122,0.31131,0.31155,0.31131,0.31122,0.31131,0.31155,0.31131,0.31122,0.31131,0.31155,0.31131,0.31122,0.31131,0.31155,0.31131,0.31122,0.31131,0.31155,0.31131,0.31122,0.31131,0.31155,0.31131,0.31122,0.31131,0.31155,0.31131,0.31122,0.31131,0.31155,0.31131,0.31122,0.31131,0.31155,0.31131,0.31122,0.31131,0.31155,0.31131,0.31122,0.31131,0.31155,0.31131,0.31122,0.31131,0.31155,0.31131,0.31122,0.31131,0.31155,0.31131,0.31122,0.31131,0.31155,0.31131,0.31122,0.31131,0.31155,0.31131,0.31122,0.31073,0.31155,0.31252,0.30769,0.31463,0.31155,0.30405,0.32474,0.29762,0.31155,0.33982,0.24257,0.42364,0.82545,0.8648,0.78957,0.84217,0.82545,0.81622,0.83371,0.82068,0.82545,0.82695,0.8231,0.82581,0.82545,0.82483,0.8246,0.82483,0.82545,0.82483,0.8246,0.82483,0.82545,0.82483,0.8246,0.82483,0.82545,0.82483,0.8246,0.82483,0.82545,0.82483,0.8246,0.82483,0.82545,0.82483,0.8246,0.82483,0.82545,0.82483,0.8246,0.82483,0.82545,0.82483,0.8246,0.82483,0.82545,0.82483,0.8246,0.82483,0.82545,0.82483,0.8246,0.82483,0.82545,0.82483,0.8246,0.82483,0.82545,0.82483,0.8246,0.82483,0.82545,0.82483,0.8246,0.82483,0.82545,0.82483,0.8246,0.82483,0.82545,0.82483,0.8246,0.82483,0.82545,0.82483,0.8246,0.82483,0.82545,0.82483,0.8246,0.82483,0.82545,0.82483,0.8246,0.82483,0.82545,0.82483,0.8246,0.82483,0.82545,0.82483,0.8246,0.82483,0.82545,0.82483,0.8246,0.82483,0.82545,0.82483,0.8246,0.82483,0.82545,0.82483,0.8246,0.82483,0.82545,0.82483,0.8246,0.82483,0.82545,0.82483,0.8246,0.82483,0.82545,0.82483,0.8246,0.82576,0.82545,0.82289,0.83027,0.81949,0.82545,0.8365,0.8029,0.84683,0.82545,0.77904,0.93487,0.64441
0.8235,0.88693,0.76651,0.85067,0.8235,0.80909,0.83725,0.81623,0.8235,0.82628,0.82025,0.82444,0.8235,0.82288,0.82265,0.82288,0.8235,0.82288,0.82265,0.82288,0.8235,0.82288,0.82265,0.82288,0.8235,0.82288,0.82265,0.82288,0.8235,0.82288,0.82265,0.82288,0.8235,0.82288,0.82265,0.82288,0.8235,0.82288,0.82265,0.82288,0.8235,0.82288,0.82265,0.82288,0.8235,0.82288,0.82265,0.82288,0.8235,0.82288,0.82265,0.82288,0.8235,0.82288,0.82265,0.82288,0.8235,0.82288,0.82265,0.82288,0.8235,0.82288,0.82265,0.82288,0.8235,0.82288,0.82265,0.82288,0.8235,0.82288,0.82265,0.82288,0.8235,0.82288,0.82265,0.82288,0.8235,0.82288,0.82265,0.82288,0.8235,0.82288,0.82265,0.82288,0.8235,0.82288,0.82265,0.82288,0.8235,0.82288,0.82265,0.82288,0.8235,0.82288,0.82265,0.82288,0.8235,0.82288,0.82265,0.82288,0.8235,0.82288,0.82265,0.82288,0.8235,0.82288,0.82265,0.82288,0.8235,0.82288,0.82265,0.82288,0.8235,0.82288,0.82265,0.82288,0.8235,0.82288,0.82265,0.82288,0.8235,0.82288,0.82265,0.82288,0.8235,0.82288,0.82265,0.82288,0.8235,0.82288,0.82265,0.82288,0.8235,0.82288,0.82265,0.82288,0.8235,0.82288,0.82265,0.82288,0.8235,0.82288,0.82265,0.82288,0.8235,0.82288,0.82265,0.82288,0.8235,0.82288,0.82265,0.82288,0.8235,0.82288,0.82265,0.82288,0.8235,0.82288,0.82265,0.82288,0.8235,0.82288,0.82265,0.82288,0.8235,0.82288,0.82265,0.82288,0.8235,0.82288,0.82265,0.82288,0.8235,0.82288,0.82265,0.82288,0.8235,0.82288,0.82265,0.82288,0.8235,0.82288,0.82265,0.82288,0.8235,0.82288,0.82265,0.82288,0.8235,0.82288,0.82265,0.82288,0.8235,0.82288,0.82265,0.82288,0.8235,0.82288,0.82265,0.82288,0.8235,0.82288,0.82265,0.82288,0.8235,0.82288,0.82265,0.82288,0.8235,0.82288,0.82265,0.82288,0.8235,0.82288,0.82265,0.82288,0.8235,0.82288,0.82265,0.82288,0.8235,0.82288,0.82265,0.82288,0.8235,0.82288,0.82265,0.82288,0.8235,0.82288,0.82265,0.82288,0.8235,0.82288,0.82265,0.82288,0.8235,0.82288,0.82265,0.82288,0.8235,0.82288,0.82265,0.82381,0.8235,0.82094,0.82831,0.81756,0.8235,0.83452,0.801,0.84483,0.8235,0.77719,0.93266,0.64288
0.82573,0.88933,0.76859,0.85298,0.82573,0.81128,0.83952,0.81844,0.82573,0.82852,0.82247,0.82668,0.82573,0.82511,0.82488,0.82511,0.82573,0.82511,0.82488,0.82511,0.82573,0.82511,0.82488,0.82511,0.82573,0.82511,0.82488,0.82511,0.82573,0.82511,0.82488,0.82511,0.82573,0.82511,0.82488,0.82511,0.82573,0.82511,0.82488,0.82511,0.82573,0.82511,0.82488,0.82511,0.82573,0.82511,0.82488,0.82511,0.82573,0.82511,0.82488,0.82511,0.82573,0.82511,0.82488,0.82511,0.82573,0.82511,0.82488,0.82511,0.82573,0.82511,0.82488,0.82511,0.82573,0.82511,0.82488,0.82511,0.82573,0.82511,0.82488,0.82511,0.82573,0.82511,0.82488,0.82511,0.82573,0.82511,0.82488,0.82511,0.82573,0.82511,0.82488,0.82511,0.82573,0.82511,0.82488,0.82511,0.82573,0.82511,0.82488,0.82511,0.82573,0.82511,0.82488,0.82511,0.82573,0.82511,0.82488,0.82511,0.82573,0.82511,0.82488,0.82511,0.82573,0.82511,0.82488,0.82511,0.82573,0.82511,0.82488,0.82511,0.82573,0.82511,0.82488,0.82511,0.82573,0.82511,0.82488,0.82511,0.82573,0.82511,0.82488,0.82511,0.82573,0.82511,0.82488,0.82511,0.82573,0.82511,0.82488,0.82511,0.82573,0.82511,0.82488,0.82511,0.82573,0.82511,0.82488,0.82511,0.82573,0.82511,0.82488,0.82511,0.82573,0.82511,0.82488,0.82511,0.82573,0.82511,0.82488,0.82511,0.82573,0.82511,0.82488,0.82511,0.82573,0.82511,0.82488,0.82511,0.82573,0.82511,0.82488,0.82511,0.82573,0.82511,0.82488,0.82511,0.82573,0.82511,0.82488,0.82511,0.82573,0.82511,0.82488,0.82511,0.82573,0.82511,0.82488,0.82511,0.82573,0.82511,0.82488,0.82511,0.82573,0.82511,0.82488,0.82511,0.82573,0.82511,0.82488,0.82511,0.82573,0.82511,0.82488,0.82511,0.82573,0.82511,0.82488,0.82511,0.82573,0.82511,0.82488,0.82511,0.82573,0.82511,0.82488,0.82511,0.82573,0.82511,0.82488,0.82511,0.82573,0.82511,0.82488,0.82511,0.82573,0.82511,0.82488,0.82511,0.82573,0.82511,0.82488,0.82511,0.82573,0.82511,0.82488,0.82511,0.82573,0.82511,0.82488,0.82511,0.82573,0.82511,0.82488,0.82511,0.82573,0.82511,0.82488,0.82511,0.82573,0.82511,0.82488,0.82604,0.82573,0.82317,0.83055,0.81977,0.82573,0.83678,0.80317,0.84711,0.82573,0.7793,0.93519,0.64462
0.38158,0.41098,0.35518,0.39418,0.38158,0.37491,0.38796,0.37822,0.38158,0.38287,0.38008,0.38202,0.38158,0.3813,0.38119,0.3813,0.38158,0.3813,0.38119,0.3813,0.38158,0.3813,0.38119,0.3813,0.38158,0.3813,0.38119,0.3813,0.38158,0.3813,0.38119,0.3813,0.38158,0.3813,0.38119,0.3813,0.38158,0.3813,0.38119,0.3813,0.38158,0.3813,0.38119,0.3813,0.38158,0.3813,0.38119,0.3813,0.38158,0.3813,0.38119,0.3813,0.38158,0.3813,0.38119,0.3813,0.38158,0.3813,0.38119,0.3813,0.38158,0.3813,0.38119,0.3813,0.38158,0.3813,0.38119,0.3813,0.38158,0.3813,0.38119,0.3813,0.38158,0.3813,0.38119,0.3813,0.38158,0.3813,0.38119,0.3813,0.38158,0.3813,0.38119,0.3813,0.38158,0.3813,0.38119,0.3813,0.38158,0.3813,0.38119,0.3813,0.38158,0.3813,0.38119,0.3813,0.38158,0.3813,0.38119,0.3813,0.38158,0.3813,0.38119,0.3813,0.38158,0.3813,0.38119,0.3813,0.38158,0.3813,0.38119,0.3813,0.38158,0.3813,0.38119,0.38088,0.38158,0.38217,0.37864,0.3837,0.38158,0.37605,0.39096,0.3714,0.38158,0.40191,0.33156,0.4625,0.7531,0.78142,0.72699,0.76507,0.7531,0.74631,0.75891,0.74953,0.7531,0.75406,0.75124,0.75323,0.7531,0.75253,0.75232,0.75253,0.7531,0.75253,0.75232,0.75253,0.7531,0.75253,0.75232,0.75253,0.7531,0.75253,0.75232,0.75253,0.7531,0.75253,0.75232,0.75253,0.7531,0.75253,0.75232,0.75253,0.7531,0.75253,0.75232,0.75253,0.7531,0.75253,0.75232,0.75253,0.7531,0.75253,0.75232,0.75253,0.7531,0.75253,0.75232,0.75253,0.7531,0.75253,0.75232,0.75253,0.7531,0.75253,0.75232,0.75253,0.7531,0.75253,0.75232,0.75253,0.7531,0.75253,0.75232,0.75253,0.7531,0.75253,0.75232,0.75253,0.7531,0.75253,0.75232,0.75253,0.7531,0.75253,0.75232,0.75253,0.7531,0.75253,0.75232,0.75253,0.7531,0.75253,0.75232,0.75253,0.7531,0.75253,0.75232,0.75253,0.7531,0.75253,0.75232,0.75253,0.7531,0.75253,0.75232,0.75253,0.7531,0.75253,0.75232,0.75253,0.7531,0.75253,0.75232,0.75253,0.7531,0.75253,0.75232,0.75253,0.7531,0.75253,0.75232,0.75338,0.7531,0.75076,0.75749,0.74766,0.7531,0.76317,0.73252,0.7726,0.7531,0.71075,0.85292,0.58792
0.10461,0.11266,0.097368,0.10806,0.10461,0.10278,0.10635,0.10368,0.10461,0.10496,0.10419,0.10473,0.10461,0.10453,0.1045,0.10453,0.10461,0.10453,0.1045,0.10453,0.10461,0.10453,0.1045,0.10453,0.10461,0.10453,0.1045,0.10453,0.10461,0.10453,0.1045,0.10453,0.10461,0.10453,0.1045,0.10453,0.10461,0.10453,0.1045,0.10453,0.10461,0.10453,0.1045,0.10453,0.10461,0.10453,0.1045,0.10453,0.10461,0.10453,0.1045,0.10453,0.10461,0.10453,0.1045,0.10453,0.10461,0.10453,0.1045,0.10453,0.10461,0.10453,0.1045,0.10453,0.10461,0.10453,0.1045,0.10453,0.10461,0.10453,0.1045,0.10453,0.10461,0.10453,0.1045,0.10453,0.10461,0.10453,0.1045,0.10453,0.10461,0.10453,0.1045,0.10453,0.10461,0.10453,0.1045,0.10453,0.10461,0.10453,0.1045,0.10453,0.10461,0.10453,0.1045,0.10453,0.10461,0.10453,0.1045,0.10453,0.10461,0.10453,0.1045,0.10453,0.10461,0.10453,0.1045,0.10453,0.10461,0.10453,0.1045,0.10453,0.10461,0.10453,0.1045,0.10364,0.10461,0.10638,0.099075,0.10963,0.10461,0.093372,0.12525,0.083492,0.10461,0.14832,-0.00094833,0.27706,0.89394,0.95465,0.83921,0.9199,0.89394,0.88004,0.90701,0.88689,0.89394,0.89652,0.89071,0.89476,0.89394,0.89326,0.89301,0.89326,0.89394,0.89326,0.89301,0.89326,0.89394,0.89326,0.89301,0.89326,0.89394,0.89326,0.89301,0.89326,0.89394,0.89326,0.89301,0.89326,0.89394,0.89326,0.89301,0.89326,0.89394,0.89326,0.89301,0.89326,0.89394,0.89326,0.89301,0.89326,0.89394,0.89326,0.89301,0.89326,0.89394,0.89326,0.89301,0.89326,0.89394,0.89326,0.89301,0.89326,0.89394,0.89326,0.89301,0.89326,0.89394,0.89326,0.89301,0.89326,0.89394,0.89326,0.89301,0.89326,0.89394,0.89326,0.89301,0.89326,0.89394,0.89326,0.89301,0.89326,0.89394,0.89326,0.89301,0.89326,0.89394,0.89326,0.89301,0.89326,0.89394,0.89326,0.89301,0.89326,0.89394,0.89326,0.89301,0.89326,0.89394,0.89326,0.89301,0.89326,0.89394,0.89326,0.89301,0.89326,0.89394,0.89326,0.89301,0.89326,0.89394,0.89326,0.89301,0.89326,0.89394,0.89326,0.89301,0.89326,0.89394,0.89326,0.89301,0.89427,0.89394,0.89116,0.89915,0.88748,0.89394,0.90589,0.86951,0.91708,0.89394,0.84367,1.0124,0.69787
0.24232,0.26098,0.22555,0.25031,0.24232,0.23808,0.24637,0.24018,0.24232,0.24314,0.24136,0.2426,0.24232,0.24214,0.24207,0.24214,0.24232,0.24214,0.24207,0.24214,0.24232,0.24214,0.24207,0.24214,0.24232,0.24214,0.24207,0.24214,0.24232,0.24214,0.24207,0.24214,0.24232,0.24214,0.24207,0.24214,0.24232,0.24214,0.24207,0.24214,0.24232,0.24214,0.24207,0.24214,0.24232,0.24214,0.24207,0.24214,0.24232,0.24214,0.24207,0.24214,0.24232,0.24214,0.24207,0.24214,0.24232,0.24214,0.24207,0.24214,0.24232,0.24214,0.24207,0.24214,0.24232,0.24214,0.24207,0.24214,0.24232,0.24214,0.24207,0.24214,0.24232,0.24214,0.24207,0.24214,0.24232,0.24214,0.24207,0.24214,0.24232,0.24214,0.24207,0.24214,0.24232,0.24214,0.24207,0.24214,0.24232,0.24214,0.24207,0.24214,0.24232,0.24214,0.24207,0.24214,0.24232,0.24214,0.24207,0.24214,0.24232,0.24214,0.24207,0.24214,0.24232,0.24214,0.24207,0.24214,0.24232,0.24214,0.24207,0.24214,0.24232,0.24214,0.24207,0.24146,0.24232,0.24353,0.23799,0.24598,0.24232,0.23374,0.25768,0.22631,0.24232,0.27508,0.16273,0.37194,0.83618,0.88174,0.79483,0.85559,0.83618,0.8256,0.84584,0.83075,0.83618,0.838,0.83358,0.83668,0.83618,0.83555,0.83531,0.83555,0.83618,0.83555,0.83531,0.83555,0.83618,0.83555,0.83531,0.83555,0.83618,0.83555,0.83531,0.83555,0.83618,0.83555,0.83531,0.83555,0.83618,0.83555,0.83531,0.83555,0.83618,0.83555,0.83531,0.83555,0.83618,0.83555,0.83531,0.83555,0.83618,0.83555,0.83531,0.83555,0.83618,0.83555,0.83531,0.83555,0.83618,0.83555,0.83531,0.83555,0.83618,0.83555,0.83531,0.83555,0.83618,0.83555,0.83531,0.83555,0.83618,0.83555,0.83531,0.83555,0.83618,0.83555,0.83531,0.83555,0.83618,0.83555,0.83531,0.83555,0.83618,0.83555,0.83531,0.83555,0.83618,0.83555,0.83531,0.83555,0.83618,0.83555,0.83531,0.83555,0.83618,0.83555,0.83531,0.83555,0.83618,0.83555,0.83531,0.83555,0.83618,0.83555,0.83531,0.83555,0.83618,0.83555,0.83531,0.83555,0.83618,0.83555,0.83531,0.83555,0.83618,0.83555,0.83531,0.83555,0.83618,0.83555,0.83531,0.83649,0.83618,0.83358,0.84106,0.83014,0.83618,0.84736,0.81333,0.85783,0.83618,0.78916,0.94702,0.65278
0.77661,0.83642,0.72287,0.80223,0.77661,0.76301,0.78957,0.76975,0.77661,0.77923,0.77354,0.7775,0.77661,0.77602,0.7758,0.77602,0.77661,0.77602,0.7758,0.77602,0.77661,0.77602,0.7758,0.77602,0.77661,0.77602,0.7758,0.77602,0.77661,0.77602,0.7758,0.77602,0.77661,0.77602,0.7758,0.77602,0.77661,0.77602,0.7758,0.77602,0.77661,0.77602,0.7758,0.77602,0.77661,0.77602,0.7758,0.77602,0.77661,0.77602,0.7758,0.77602,0.77661,0.77602,0.7758,0.77602,0.77661,0.77602,0.7758,0.77602,0.77661,0.77602,0.7758,0.77602,0.77661,0.77602,0.7758,0.77602,0.77661,0.77602,0.7758,0.77602,0.77661,0.77602,0.7758,0.77602,0.77661,0.77602,0.7758,0.77602,0.77661,0.77602,0.7758,0.77602,0.77661,0.77602,0.7758,0.77602,0.77661,0.77602,0.7758,0.77602,0.77661,0.77602,0.7758,0.77602,0.77661,0.77602,0.7758,0.77602,0.77661,0.77602,0.7758,0.77602,0.77661,0.77602,0.7758,0.77602,0.77661,0.77602,0.7758,0.77602,0.77661,0.77602,0.7758,0.77667,0.77661,0.77467,0.77976,0.77229,0.77661,0.78417,0.76064,0.79138,0.77661,0.74403,0.85282,0.65,0.20005,0.15506,0.23915,0.18044,0.20005,0.20956,0.18962,0.20456,0.20005,0.19752,0.20153,0.19881,0.20005,0.1999,0.19985,0.1999,0.20005,0.1999,0.19985,0.1999,0.20005,0.1999,0.19985,0.1999,0.20005,0.1999,0.19985,0.1999,0.20005,0.1999,0.19985,0.1999,0.20005,0.1999,0.19985,0.1999,0.20005,0.1999,0.19985,0.1999,0.20005,0.1999,0.19985,0.1999,0.20005,0.1999,0.19985,0.1999,0.20005,0.1999,0.19985,0.1999,0.20005,0.1999,0.19985,0.1999,0.20005,0.1999,0.19985,0.1999,0.20005,0.1999,0.19985,0.1999,0.20005,0.1999,0.19985,0.1999,0.20005,0.1999,0.19985,0.1999,0.20005,0.1999,0.19985,0.1999,0.20005,0.1999,0.19985,0.1999,0.20005,0.1999,0.19985,0.1999,0.20005,0.1999,0.19985,0.1999,0.20005,0.1999,0.19985,0.1999,0.20005,0.1999,0.19985,0.1999,0.20005,0.1999,0.19985,0.1999,0.20005,0.1999,0.19985,0.1999,0.20005,0.1999,0.19985,0.1999,0.20005,0.1999,0.19985,0.1999,0.20005,0.1999,0.19985,0.20013,0.20005,0.19943,0.20122,0.19861,0.20005,0.20273,0.19459,0.20523,0.20005,0.1888,0.22657,0.15618
0.80415,0.86609,0.7485,0.83068,0.80415,0.79008,0.81758,0.79705,0.80415,0.80687,0.80098,0.80507,0.80415,0.80354,0.80332,0.80354,0.80415,0.80354,0.80332,0.80354,0.80415,0.80354,0.80332,0.80354,0.80415,0.80354,0.80332,0.80354,0.80415,0.80354,0.80332,0.80354,0.80415,0.80354,0.80332,0.80354,0.80415,0.80354,0.80332,0.80354,0.80415,0.80354,0.80332,0.80354,0.80415,0.80354,0.80332,0.80354,0.80415,0.80354,0.80332,0.80354,0.80415,0.80354,0.80332,0.80354,0.80415,0.80354,0.80332,0.80354,0.80415,0.80354,0.80332,0.80354,0.80415,0.80354,0.80332,0.80354,0.80415,0.80354,0.80332,0.80354,0.80415,0.80354,0.80332,0.80354,0.80415,0.80354,0.80332,0.80354,0.80415,0.80354,0.80332,0.80354,0.80415,0.80354,0.80332,0.80354,0.80415,0.80354,0.80332,0.80354,0.80415,0.80354,0.80332,0.80354,0.80415,0.80354,0.80332,0.80354,0.80415,0.80354,0.80332,0.80354,0.80415,0.80354,0.80332,0.80354,0.80415,0.80354,0.80332,0.80354,0.80415,0.80354,0.80332,0.80391,0.80415,0.80279,0.80554,0.80146,0.80415,0.8081,0.79484,0.81214,0.80415,0.78565,0.84642,0.73303,0.48154,0.45609,0.50304,0.47029,0.48154,0.48658,0.47532,0.48378,0.48154,0.47985,0.48198,0.48057,0.48154,0.48118,0.48104,0.48118,0.48154,0.48118,0.48104,0.48118,0.48154,0.48118,0.48104,0.48118,0.48154,0.48118,0.48104,0.48118,0.48154,0.48118,0.48104,0.48118,0.48154,0.48118,0.48104,0.48118,0.48154,0.48118,0.48104,0.48118,0.48154,0.48118,0.48104,0.48118,0.48154,0.48118,0.48104,0.48118,0.48154,0.48118,0.48104,0.48118,0.48154,0.48118,0.48104,0.48118,0.48154,0.48118,0.48104,0.48118,0.48154,0.48118,0.48104,0.48118,0.48154,0.48118,0.48104,0.48118,0.48154,0.48118,0.48104,0.48118,0.48154,0.48118,0.48104,0.48118,0.48154,0.48118,0.48104,0.48118,0.48154,0.48118,0.48104,0.48118,0.48154,0.48118,0.48104,0.48118,0.48154,0.48118,0.48104,0.48118,0.48154,0.48118,0.48104,0.48118,0.48154,0.48118,0.48104,0.48118,0.48154,0.48118,0.48104,0.48118,0.48154,0.48118,0.48104,0.48118,0.48154,0.48118,0.48104,0.48118,0.48154,0.48118,0.48104,0.48172,0.48154,0.48005,0.48435,0.47807,0.48154,0.48798,0.46838,0.49401,0.48154,0.45446,0.54537,0.37593
0.79418,0.85535,0.73923,0.82039,0.79418,0.78028,0.80744,0.78717,0.79418,0.79687,0.79105,0.79509,0.79418,0.79358,0.79336,0.79358,0.79418,0.79358,0.79336,0.79358,0.79418,0.79358,0.79336,0.79358,0.79418,0.79358,0.79336,0.79358,0.79418,0.79358,0.79336,0.79358,0.79418,0.79358,0.79336,0.79358,0.79418,0.79358,0.79336,0.79358,0.79418,0.79358,0.79336,0.79358,0.79418,0.79358,0.79336,0.79358,0.79418,0.79358,0.79336,0.79358,0.79418,0.79358,0.79336,0.79358,0.79418,0.79358,0.79336,0.79358,0.79418,0.79358,0.79336,0.79358,0.79418,0.79358,0.79336,0.79358,0.79418,0.79358,0.79336,0.79358,0.79418,0.79358,0.79336,0.79358,0.79418,0.79358,0.79336,0.79358,0.79418,0.79358,0.79336,0.79358,0.79418,0.79358,0.79336,0.79358,0.79418,0.79358,0.79336,0.79358,0.79418,0.79358,0.79336,0.79358,0.79418,0.79358,0.79336,0.79358,0.79418,0.79358,0.79336,0.79358,0.79418,0.79358,0.79336,0.79358,0.79418,0.79358,0.79336,0.79358,0.79418,0.79358,0.79336,0.79358,0.79418,0.79358,0.79336,0.79358,0.79418,0.79358,0.79336,0.79358,0.79418,0.79358,0.79336,0.79358,0.79418,0.79358,0.79336,0.79358,0.79418,0.79358,0.79336,0.79358,0.79418,0.79358,0.79336,0.79358,0.79418,0.79358,0.79336,0.79358,0.79418,0.79358,0.79336,0.79358,0.79418,0.79358,0.79336,0.79358,0.79418,0.79358,0.79336,0.79358,0.79418,0.79358,0.79336,0.79358,0.79418,0.79358,0.79336,0.79358,0.79418,0.79358,0.79336,0.79358,0.79418,0.79358,0.79336,0.79358,0.79418,0.79358,0.79336,0.79358,0.79418,0.79358,0.79336,0.79358,0.79418,0.79358,0.79336,0.79358,0.79418,0.79358,0.79336,0.79358,0.79418,0.79358,0.79336,0.79358,0.79418,0.79358,0.79336,0.79358,0.79418,0.79358,0.79336,0.79358,0.79418,0.79358,0.79336,0.79358,0.79418,0.79358,0.79336,0.79358,0.79418,0.79358,0.79336,0.79358,0.79418,0.79358,0.79336,0.79358,0.79418,0.79358,0.79336,0.79358,0.79418,0.79358,0.79336,0.79358,0.79418,0.79358,0.79336,0.79358,0.79418,0.79358,0.79336,0.79358,0.79418,0.79358,0.79336,0.79358,0.79418,0.79358,0.79336,0.79358,0.79418,0.79358,0.79336,0.79448,0.79418,0.79172,0.79882,0.78845,0.79418,0.80481,0.77248,0.81475,0.79418,0.74953,0.89946,0.61999
0.42146,0.45392,0.39229,0.43536,0.42146,0.41408,0.42849,0.41773,0.42146,0.42288,0.41979,0.42194,0.42146,0.42114,0.42102,0.42114,0.42146,0.42114,0.42102,0.42114,0.42146,0.42114,0.42102,0.42114,0.42146,0.42114,0.42102,0.42114,0.42146,0.42114,0.42102,0.42114,0.42146,0.42114,0.42102,0.42114,0.42146,0.42114,0.42102,0.42114,0.42146,0.42114,0.42102,0.42114,0.42146,0.42114,0.42102,0.42114,0.42146,0.42114,0.42102,0.42112,0.42146,0.42117,0.42091,0.42124,0.42146,0.42091,0.42143,0.42072,0.42146,0.42201,0.41891,0.42458,0.43723,0.43812,0.4357,0.43743,0.43723,0.43663,0.43705,0.43677,0.43723,0.43696,0.43673,0.43693,0.43723,0.4369,0.43677,0.4369,0.43723,0.4369,0.43677,0.4369,0.43723,0.4369,0.43677,0.4369,0.43723,0.4369,0.43677,0.4369,0.43723,0.4369,0.43677,0.4369,0.43723,0.4369,0.43677,0.4369,0.43723,0.4369,0.43677,0.4369,0.43723,0.4369,0.43677,0.4369,0.43723,0.4369,0.43677,0.4369,0.43723,0.4369,0.43677,0.43708,0.43723,0.43651,0.43791,0.43583,0.43723,0.43923,0.43243,0.4413,0.43723,0.42773,0.45884,0.40079,0.27202,0.25897,0.283,0.26624,0.27202,0.27458,0.26881,0.27315,0.27202,0.27113,0.27222,0.2715,0.27202,0.27182,0.27174,0.27182,0.27202,0.27182,0.27174,0.27182,0.27202,0.27182,0.27174,0.27182,0.27202,0.27182,0.27174,0.27182,0.27202,0.27182,0.27174,0.27182,0.27202,0.27182,0.27174,0.27182,0.27202,0.27182,0.27174,0.27182,0.27202,0.27182,0.27174,0.27182,0.27202,0.27182,0.27174,0.27182,0.27202,0.27182,0.27174,0.27126,0.27202,0.27298,0.26835,0.27501,0.27202,0.26484,0.28473,0.25865,0.27202,0.29922,0.20575,0.37978,0.76598,0.80382,0.73152,0.78207,0.76598,0.75713,0.77395,0.76141,0.76598,0.76744,0.76375,0.76634,0.76598,0.7654,0.76519,0.7654,0.76598,0.7654,0.76519,0.7654,0.76598,0.7654,0.76519,0.7654,0.76598,0.7654,0.76519,0.7654,0.76598,0.7654,0.76519,0.7654,0.76598,0.7654,0.76519,0.7654,0.76598,0.7654,0.76519,0.7654,0.76598,0.7654,0.76519,0.7654,0.76598,0.7654,0.76519,0.7654,0.76598,0.7654,0.76519,0.76627,0.76598,0.7636,0.77045,0.76045,0.76598,0.77623,0.74505,0.78581,0.76598,0.72291,0.86751,0.59798
0.42978,0.46288,0.40004,0.44396,0.42978,0.42226,0.43695,0.42598,0.42978,0.43123,0.42808,0.43027,0.42978,0.42945,0.42933,0.42945,0.42978,0.42945,0.42933,0.42945,0.42978,0.42945,0.42933,0.42945,0.42978,0.42945,0.42933,0.42945,0.42978,0.42945,0.42933,0.42945,0.42978,0.42945,0.42933,0.42945,0.42978,0.42945,0.42933,0.42945,0.42978,0.42945,0.42933,0.42945,0.42978,0.42945,0.42933,0.42945,0.42978,0.42945,0.42933,0.42945,0.42978,0.42945,0.42933,0.42945,0.42978,0.42945,0.42933,0.42945,0.42978,0.42945,0.42933,0.42945,0.42978,0.42945,0.42933,0.42945,0.42978,0.42945,0.42933,0.42945,0.42978,0.42945,0.42933,0.42945,0.42978,0.42945,0.42933,0.42945,0.42978,0.42945,0.42933,0.42945,0.42978,0.42945,0.42933,0.42945,0.42978,0.42945,0.42933,0.42945,0.42978,0.42945,0.42933,0.42945,0.42978,0.42945,0.42933,0.42945,0.42978,0.42945,0.42933,0.42945,0.42978,0.42945,0.42933,0.42945,0.42978,0.42945,0.42933,0.42945,0.42978,0.42945,0.42933,0.42907,0.42978,0.43024,0.42702,0.43162,0.42978,0.4247,0.43817,0.4205,0.42978,0.44809,0.38444,0.5029,0.7658,0.79136,0.7421,0.77656,0.7658,0.7596,0.77097,0.76251,0.7658,0.76661,0.76403,0.76586,0.7658,0.76522,0.76501,0.76522,0.7658,0.76522,0.76501,0.76522,0.7658,0.76522,0.76501,0.76522,0.7658,0.76522,0.76501,0.76522,0.7658,0.76522,0.76501,0.76522,0.7658,0.76522,0.76501,0.76522,0.7658,0.76522,0.76501,0.76522,0.7658,0.76522,0.76501,0.76522,0.7658,0.76522,0.76501,0.76522,0.7658,0.76522,0.76501,0.76522,0.7658,0.76522,0.76501,0.76522,0.7658,0.76522,0.76501,0.76522,0.7658,0.76522,0.76501,0.76522,0.7658,0.76522,0.76501,0.76522,0.7658,0.76522,0.76501,0.76522,0.7658,0.76522,0.76501,0.76522,0.7658,0.76522,0.76501,0.76522,0.7658,0.76522,0.76501,0.76522,0.7658,0.76522,0.76501,0.76522,0.7658,0.76522,0.76501,0.76522,0.7658,0.76522,0.76501,0.76522,0.7658,0.76522,0.76501,0.76522,0.7658,0.76522,0.76501,0.76522,0.7658,0.76522,0.76501,0.76522,0.7658,0.76522,0.76501,0.76522,0.7658,0.76522,0.76501,0.76609,0.7658,0.76343,0.77027,0.76027,0.7658,0.77605,0.74488,0.78563,0.7658,0.72274,0.86731,0.59784
0.81018,0.87258,0.75411,0.83691,0.81018,0.796,0.82371,0.80302,0.81018,0.81291,0.80698,0.81111,0.81018,0.80957,0.80934,0.80957,0.81018,0.80957,0.80934,0.80957,0.81018,0.80957,0.80934,0.80957,0.81018,0.80957,0.80934,0.80957,0.81018,0.80957,0.80934,0.80957,0.81018,0.80957,0.80934,0.80957,0.81018,0.80957,0.80934,0.80957,0.81018,0.80957,0.80934,0.80957,0.81018,0.80957,0.80934,0.80957,0.81018,0.80957,0.80934,0.80957,0.81018,0.80957,0.80934,0.80957,0.81018,0.80957,0.80934,0.80957,0.81018,0.80957,0.80934,0.80957,0.81018,0.80957,0.80934,0.80957,0.81018,0.80957,0.80934,0.80957,0.81018,0.80957,0.80934,0.80957,0.81018,0.80957,0.80934,0.80957,0.81018,0.80957,0.80934,0.80957,0.81018,0.80957,0.80934,0.80957,0.81018,0.80957,0.80934,0.80957,0.81018,0.80957,0.80934,0.80957,0.81018,0.80957,0.80934,0.80957,0.81018,0.80957,0.80934,0.80957,0.81018,0.80957,0.80934,0.80957,0.81018,0.80957,0.80934,0.80957,0.81018,0.80957,0.80934,0.80957,0.81018,0.80957,0.80934,0.80957,0.81018,0.80957,0.80934,0.80957,0.81018,0.80957,0.80934,0.80957,0.81018,0.80957,0.80934,0.80957,0.81018,0.80957,0.80934,0.80957,0.81018,0.80957,0.80934,0.80957,0.81018,0.80957,0.80934,0.80957,0.81018,0.80957,0.80934,0.80957,0.81018,0.80957,0.80934,0.80957,0.81018,0.80957,0.80934,0.80957,0.81018,0.80957,0.80934,0.80957,0.81018,0.80957,0.80934,0.80957,0.81018,0.80957,0.80934,0.80957,0.81018,0.80957,0.80934,0.80957,0.81018,0.80957,0.80934,0.80957,0.81018,0.80957,0.80934,0.80957,0.81018,0.80957,0.80934,0.80957,0.81018,0.80957,0.80934,0.80957,0.81018,0.80957,0.80934,0.80957,0.81018,0.80957,0.80934,0.80957,0.81018,0.80957,0.80934,0.80957,0.81018,0.80957,0.80934,0.80957,0.81018,0.80957,0.80934,0.80957,0.81018,0.80957,0.80934,0.80957,0.81018,0.80957,0.80934,0.80957,0.81018,0.80957,0.80934,0.80957,0.81018,0.80957,0.80934,0.80957,0.81018,0.80957,0.80934,0.80957,0.81018,0.80957,0.80934,0.80957,0.81018,0.80957,0.80934,0.80957,0.81018,0.80957,0.80934,0.80957,0.81018,0.80957,0.80934,0.81048,0.81018,0.80766,0.81491,0.80433,0.81018,0.82102,0.78804,0.83116,0.81018,0.76462,0.91757,0.63248
0.87313,0.94038,0.81271,0.90194,0.87313,0.85785,0.88771,0.86542,0.87313,0.87608,0.86968,0.87413,0.87313,0.87247,0.87222,0.87247,0.87313,0.87247,0.87222,0.87247,0.87313,0.87247,0.87222,0.87247,0.87313,0.87247,0.87222,0.87247,0.87313,0.87247,0.87222,0.87247,0.87313,0.87247,0.87222,0.87247,0.87313,0.87247,0.87222,0.87247,0.87313,0.87247,0.87222,0.87247,0.87313,0.87247,0.87222,0.87247,0.87313,0.87247,0.87222,0.87247,0.87313,0.87247,0.87222,0.87247,0.87313,0.87247,0.87222,0.87247,0.87313,0.87247,0.87222,0.87247,0.87313,0.87247,0.87222,0.87247,0.87313,0.87247,0.87222,0.87247,0.87313,0.87247,0.87222,0.87247,0.87313,0.87247,0.87222,0.87247,0.87313,0.87247,0.87222,0.87247,0.87313,0.87247,0.87222,0.87247,0.87313,0.87247,0.87222,0.87247,0.87313,0.87247,0.87222,0.87247,0.87313,0.87247,0.87222,0.87247,0.87313,0.87247,0.87222,0.87247,0.87313,0.87247,0.87222,0.87247,0.87313,0.87247,0.87222,0.87247,0.87313,0.87247,0.87222,0.8733,0.87313,0.87073,0.8773,0.86769,0.87313,0.8829,0.85281,0.89215,0.87313,0.8315,0.97088,0.71105,0.13463,0.077085,0.18483,0.1096,0.13463,0.14689,0.12139,0.14049,0.13463,0.13147,0.13664,0.13312,0.13463,0.13452,0.13449,0.13452,0.13463,0.13452,0.13449,0.13452,0.13463,0.13452,0.13449,0.13452,0.13463,0.13452,0.13449,0.13452,0.13463,0.13452,0.13449,0.13452,0.13463,0.13452,0.13449,0.13452,0.13463,0.13452,0.13449,0.13452,0.13463,0.13452,0.13449,0.13452,0.13463,0.13452,0.13449,0.13452,0.13463,0.13452,0.13449,0.13452,0.13463,0.13452,0.13449,0.13452,0.13463,0.13452,0.13449,0.13452,0.13463,0.13452,0.13449,0.13452,0.13463,0.13452,0.13449,0.13452,0.13463,0.13452,0.13449,0.13452,0.13463,0.13452,0.13449,0.13452,0.13463,0.13452,0.13449,0.13452,0.13463,0.13452,0.13449,0.13452,0.13463,0.13452,0.13449,0.13452,0.13463,0.13452,0.13449,0.13452,0.13463,0.13452,0.13449,0.13452,0.13463,0.13452,0.13449,0.13452,0.13463,0.13452,0.13449,0.13452,0.13463,0.13452,0.13449,0.13452,0.13463,0.13452,0.13449,0.13452,0.13463,0.13452,0.13449,0.13468,0.13463,0.13421,0.13541,0.13365,0.13463,0.13643,0.13095,0.13811,0.13463,0.12706,0.15247,0.1051
0.81872,0.88178,0.76207,0.84573,0.81872,0.80439,0.83239,0.81149,0.81872,0.82149,0.81549,0.81966,0.81872,0.8181,0.81787,0.8181,0.81872,0.8181,0.81787,0.8181,0.81872,0.8181,0.81787,0.8181,0.81872,0.8181,0.81787,0.8181,0.81872,0.8181,0.81787,0.8181,0.81872,0.8181,0.81787,0.8181,0.81872,0.8181,0.81787,0.8181,0.81872,0.8181,0.81787,0.8181,0.81872,0.8181,0.81787,0.8181,0.81872,0.8181,0.81787,0.8181,0.81872,0.8181,0.81787,0.8181,0.81872,0.8181,0.81787,0.8181,0.81872,0.8181,0.81787,0.8181,0.81872,0.8181,0.81787,0.8181,0.81872,0.8181,0.81787,0.8181,0.81872,0.8181,0.81787,0.8181,0.81872,0.8181,0.81787,0.8181,0.81872,0.8181,0.81787,0.8181,0.81872,0.8181,0.81787,0.8181,0.81872,0.8181,0.81787,0.8181,0.81872,0.8181,0.81787,0.8181,0.81872,0.8181,0.81787,0.8181,0.81872,0.8181,0.81787,0.8181,0.81872,0.8181,0.81787,0.8181,0.81872,0.8181,0.81787,0.8181,0.81872,0.8181,0.81787,0.81831,0.81872,0.81766,0.81916,0.81689,0.81872,0.82076,0.81294,0.82311,0.81872,0.80769,0.84296,0.77706,0.63094,0.61586,0.64309,0.62412,0.63094,0.63361,0.62696,0.63198,0.63094,0.62969,0.63083,0.6301,0.63094,0.63046,0.63029,0.63046,0.63094,0.63046,0.63029,0.63046,0.63094,0.63046,0.63029,0.63046,0.63094,0.63046,0.63029,0.63046,0.63094,0.63046,0.63029,0.63046,0.63094,0.63046,0.63029,0.63046,0.63094,0.63046,0.63029,0.63046,0.63094,0.63046,0.63029,0.63046,0.63094,0.63046,0.63029,0.63046,0.63094,0.63046,0.63029,0.63046,0.63094,0.63046,0.63029,0.63046,0.63094,0.63046,0.63029,0.63046,0.63094,0.63046,0.63029,0.63046,0.63094,0.63046,0.63029,0.63046,0.63094,0.63046,0.63029,0.63046,0.63094,0.63046,0.63029,0.63046,0.63094,0.63046,0.63029,0.63046,0.63094,0.63046,0.63029,0.63046,0.63094,0.63046,0.63029,0.63046,0.63094,0.63046,0.63029,0.63046,0.63094,0.63046,0.63029,0.63046,0.63094,0.63046,0.63029,0.63046,0.63094,0.63046,0.63029,0.63046,0.63094,0.63046,0.63029,0.63046,0.63094,0.63046,0.63029,0.63046,0.63094,0.63046,0.63029,0.63117,0.63094,0.62898,0.63462,0.62638,0.63094,0.63938,0.6137,0.64728,0.63094,0.59546,0.71457,0.49255
0.85954,0.92574,0.80006,0.8879,0.85954,0.84449,0.87389,0.85195,0.85954,0.86244,0.85614,0.86052,0.85954,0.85889,0.85865,0.85889,0.85954,0.85889,0.85865,0.85889,0.85954,0.85889,0.85865,0.85889,0.85954,0.85889,0.85865,0.85889,0.85954,0.85889,0.85865,0.85889,0.85954,0.85889,0.85865,0.85889,0.85954,0.85889,0.85865,0.85889,0.85954,0.85889,0.85865,0.85889,0.85954,0.85889,0.85865,0.85889,0.85954,0.85889,0.85865,0.85889,0.85954,0.85889,0.85865,0.85889,0.85954,0.85889,0.85865,0.85889,0.85954,0.85889,0.85865,0.85889,0.85954,0.85889,0.85865,0.85889,0.85954,0.85889,0.85865,0.85889,0.85954,0.85889,0.85865,0.85889,0.85954,0.85889,0.85865,0.85889,0.85954,0.85889,0.85865,0.85889,0.85954,0.85889,0.85865,0.85889,0.85954,0.85889,0.85865,0.85889,0.85954,0.85889,0.85865,0.85889,0.85954,0.85889,0.85865,0.85889,0.85954,0.85889,0.85865,0.85889,0.85954,0.85889,0.85865,0.85889,0.85954,0.85889,0.85865,0.85889,0.85954,0.85889,0.85865,0.85889,0.85954,0.85889,0.85865,0.85889,0.85954,0.85889,0.85865,0.85889,0.85954,0.85889,0.85865,0.85889,0.85954,0.85889,0.85865,0.85889,0.85954,0.85889,0.85865,0.85889,0.85954,0.85889,0.85865,0.85889,0.85954,0.85889,0.85865,0.85889,0.85954,0.85889,0.85865,0.85889,0.85954,0.85889,0.85865,0.85889,0.85954,0.85889,0.85865,0.85889,0.85954,0.85889,0.85865,0.85889,0.85954,0.85889,0.85865,0.85889,0.85954,0.85889,0.85865,0.85889,0.85954,0.85889,0.85865,0.85889,0.85954,0.85889,0.85865,0.85889,0.85954,0.85889,0.85865,0.85889,0.85954,0.85889,0.85865,0.85889,0.85954,0.85889,0.85865,0.85889,0.85954,0.85889,0.85865,0.85889,0.85954,0.85889,0.85865,0.85889,0.85954,0.85889,0.85865,0.85889,0.85954,0.85889,0.85865,0.85889,0.85954,0.85889,0.85865,0.85889,0.85954,0.85889,0.85865,0.85889,0.85954,0.85889,0.85865,0.85889,0.85954,0.85889,0.85865,0.85889,0.85954,0.85889,0.85865,0.85889,0.85954,0.85889,0.85865,0.85889,0.85954,0.85889,0.85865,0.85889,0.85954,0.85889,0.85865,0.85889,0.85954,0.85889,0.85865,0.85889,0.85954,0.85889,0.85865,0.85986,0.85954,0.85687,0.86455,0.85333,0.85954,0.87103,0.83605,0.88179,0.85954,0.8112,0.97347,0.67101
0.82697,0.89066,0.76974,0.85425,0.82697,0.81249,0.84078,0.81967,0.82697,0.82976,0.8237,0.82791,0.82697,0.82634,0.82611,0.82634,0.82697,0.82634,0.82611,0.82634,0.82697,0.82634,0.82611,0.82634,0.82697,0.82634,0.82611,0.82634,0.82697,0.82634,0.82611,0.82634,0.82697,0.82634,0.82611,0.82634,0.82697,0.82634,0.82611,0.82634,0.82697,0.82634,0.82611,0.82634,0.82697,0.82634,0.82611,0.82634,0.82697,0.82634,0.82611,0.82634,0.82697,0.82634,0.82611,0.82634,0.82697,0.82634,0.82611,0.82634,0.82697,0.82634,0.82611,0.82634,0.82697,0.82634,0.82611,0.82634,0.82697,0.82634,0.82611,0.82634,0.82697,0.82634,0.82611,0.82634,0.82697,0.82634,0.82611,0.82634,0.82697,0.82634,0.82611,0.82634,0.82697,0.82634,0.82611,0.82634,0.82697,0.82634,0.82611,0.82634,0.82697,0.82634,0.82611,0.82634,0.82697,0.82634,0.82611,0.82634,0.82697,0.82634,0.82611,0.82634,0.82697,0.82634,0.82611,0.82634,0.82697,0.82634,0.82611,0.82634,0.82697,0.82634,0.82611,0.82634,0.82697,0.82634,0.82611,0.82634,0.82697,0.82634,0.82611,0.82634,0.82697,0.82634,0.82611,0.82634,0.82697,0.82634,0.82611,0.82634,0.82697,0.82634,0.82611,0.82634,0.82697,0.82634,0.82611,0.82634,0.82697,0.82634,0.82611,0.82634,0.82697,0.82634,0.82611,0.82634,0.82697,0.82634,0.82611,0.82634,0.82697,0.82634,0.82611,0.82634,0.82697,0.82634,0.82611,0.82634,0.82697,0.82634,0.82611,0.82634,0.82697,0.82634,0.82611,0.82634,0.82697,0.82634,0.82611,0.82634,0.82697,0.82634,0.82611,0.82634,0.82697,0.82634,0.82611,0.82634,0.82697,0.82634,0.82611,0.82634,0.82697,0.82634,0.82611,0.82634,0.82697,0.82634,0.82611,0.82634,0.82697,0.82634,0.82611,0.82634,0.82697,0.82634,0.82611,0.82634,0.82697,0.82634,0.82611,0.82634,0.82697,0.82634,0.82611,0.82634,0.82697,0.82634,0.82611,0.82634,0.82697,0.82634,0.82611,0.82634,0.82697,0.82634,0.82611,0.82634,0.82697,0.82634,0.82611,0.82634,0.82697,0.82634,0.82611,0.82634,0.82697,0.82634,0.82611,0.82634,0.82697,0.82634,0.82611,0.82634,0.82697,0.82634,0.82611,0.82634,0.82697,0.82634,0.82611,0.82728,0.82697,0.8244,0.83179,0.821,0.82697,0.83803,0.80437,0.84838,0.82697,0.78047,0.93659,0.64559
0.84496,0.91004,0.78649,0.87284,0.84496,0.83017,0.85907,0.8375,0.84496,0.84782,0.84162,0.84593,0.84496,0.84432,0.84409,0.84432,0.84496,0.84432,0.84409,0.84432,0.84496,0.84432,0.84409,0.84432,0.84496,0.84432,0.84409,0.84432,0.84496,0.84432,0.84409,0.84432,0.84496,0.84432,0.84409,0.84432,0.84496,0.84432,0.84409,0.84432,0.84496,0.84432,0.84409,0.84432,0.84496,0.84432,0.84409,0.84432,0.84496,0.84432,0.84409,0.84432,0.84496,0.84432,0.84409,0.84432,0.84496,0.84432,0.84409,0.84432,0.84496,0.84432,0.84409,0.84432,0.84496,0.84432,0.84409,0.84432,0.84496,0.84432,0.84409,0.84432,0.84496,0.84432,0.84409,0.84432,0.84496,0.84432,0.84409,0.84432,0.84496,0.84432,0.84409,0.84432,0.84496,0.84432,0.84409,0.84432,0.84496,0.84432,0.84409,0.84432,0.84496,0.84432,0.84409,0.84432,0.84496,0.84432,0.84409,0.84432,0.84496,0.84432,0.84409,0.84432,0.84496,0.84432,0.84409,0.84432,0.84496,0.84432,0.84409,0.84432,0.84496,0.84432,0.84409,0.84432,0.84496,0.84432,0.84409,0.84432,0.84496,0.84432,0.84409,0.84432,0.84496,0.84432,0.84409,0.84432,0.84496,0.84432,0.84409,0.84432,0.84496,0.84432,0.84409,0.84432,0.84496,0.84432,0.84409,0.84432,0.84496,0.84432,0.84409,0.84432,0.84496,0.84432,0.84409,0.84432,0.84496,0.84432,0.84409,0.84432,0.84496,0.84432,0.84409,0.84432,0.84496,0.84432,0.84409,0.84432,0.84496,0.84432,0.84409,0.84432,0.84496,0.84432,0.84409,0.84432,0.84496,0.84432,0.84409,0.84432,0.84496,0.84432,0.84409,0.84432,0.84496,0.84432,0.84409,0.84432,0.84496,0.84432,0.84409,0.84432,0.84496,0.84432,0.84409,0.84432,0.84496,0.84432,0.84409,0.84432,0.84496,0.84432,0.84409,0.84432,0.84496,0.84432,0.84409,0.84432,0.84496,0.84432,0.84409,0.84432,0.84496,0.84432,0.84409,0.84432,0.84496,0.84432,0.84409,0.84432,0.84496,0.84432,0.84409,0.84432,0.84496,0.84432,0.84409,0.84432,0.84496,0.84432,0.84409,0.84432,0.84496,0.84432,0.84409,0.84432,0.84496,0.84432,0.84409,0.84432,0.84496,0.84432,0.84409,0.84432,0.84496,0.84432,0.84409,0.84432,0.84496,0.84432,0.84409,0.84528,0.84496,0.84234,0.84989,0.83886,0.84496,0.85626,0.82187,0.86684,0.84496,0.79745,0.95697,0.65964
0.86966,0.93665,0.80948,0.89836,0.86966,0.85444,0.88418,0.86198,0.86966,0.8726,0.86623,0.87066,0.86966,0.869,0.86876,0.869,0.86966,0.869,0.86876,0.869,0.86966,0.869,0.86876,0.869,0.86966,0.869,0.86876,0.869,0.86966,0.869,0.86876,0.869,0.86966,0.869,0.86876,0.869,0.86966,0.869,0.86876,0.869,0.86966,0.869,0.86876,0.869,0.86966,0.869,0.86876,0.869,0.86966,0.869,0.86876,0.869,0.86966,0.869,0.86876,0.869,0.86966,0.869,0.86876,0.869,0.86966,0.869,0.86876,0.869,0.86966,0.869,0.86876,0.869,0.86966,0.869,0.86876,0.869,0.86966,0.869,0.86876,0.869,0.86966,0.869,0.86876,0.869,0.86966,0.869,0.86876,0.869,0.86966,0.869,0.86876,0.869,0.86966,0.869,0.86876,0.869,0.86966,0.869,0.86876,0.869,0.86966,0.869,0.86876,0.869,0.86966,0.869,0.86876,0.869,0.86966,0.869,0.86876,0.869,0.86966,0.869,0.86876,0.869,0.86966,0.869,0.86876,0.869,0.86966,0.869,0.86876,0.869,0.86966,0.869,0.86876,0.869,0.86966,0.869,0.86876,0.869,0.86966,0.869,0.86876,0.869,0.86966,0.869,0.86876,0.869,0.86966,0.869,0.86876,0.869,0.86966,0.869,0.86876,0.869,0.86966,0.869,0.86876,0.869,0.86966,0.869,0.86876,0.869,0.86966,0.869,0.86876,0.869,0.86966,0.869,0.86876,0.869,0.86966,0.869,0.86876,0.869,0.86966,0.869,0.86876,0.869,0.86966,0.869,0.86876,0.869,0.86966,0.869,0.86876,0.869,0.86966,0.869,0.86876,0.869,0.86966,0.869,0.86876,0.869,0.86966,0.869,0.86876,0.869,0.86966,0.869,0.86876,0.869,0.86966,0.869,0.86876,0.869,0.86966,0.869,0.86876,0.869,0.86966,0.869,0.86876,0.869,0.86966,0.869,0.86876,0.869,0.86966,0.869,0.86876,0.869,0.86966,0.869,0.86876,0.869,0.86966,0.869,0.86876,0.869,0.86966,0.869,0.86876,0.869,0.86966,0.869,0.86876,0.869,0.86966,0.869,0.86876,0.869,0.86966,0.869,0.86876,0.869,0.86966,0.869,0.86876,0.869,0.86966,0.869,0.86876,0.86999,0.86966,0.86696,0.87474,0.86338,0.86966,0.88129,0.8459,0.89218,0.86966,0.82076,0.98494,0.67892
0.84148,0.90629,0.78325,0.86924,0.84148,0.82675,0.85553,0.83405,0.84148,0.84432,0.83816,0.84244,0.84148,0.84084,0.84061,0.84084,0.84148,0.84084,0.84061,0.84084,0.84148,0.84084,0.84061,0.84084,0.84148,0.84084,0.84061,0.84084,0.84148,0.84084,0.84061,0.84084,0.84148,0.84084,0.84061,0.84084,0.84148,0.84084,0.84061,0.84084,0.84148,0.84084,0.84061,0.84084,0.84148,0.84084,0.84061,0.84084,0.84148,0.84084,0.84061,0.84084,0.84148,0.84084,0.84061,0.84084,0.84148,0.84084,0.84061,0.84084,0.84148,0.84084,0.84061,0.84084,0.84148,0.84084,0.84061,0.84084,0.84148,0.84084,0.84061,0.84084,0.84148,0.84084,0.84061,0.84084,0.84148,0.84084,0.84061,0.84084,0.84148,0.84084,0.84061,0.84084,0.84148,0.84084,0.84061,0.84084,0.84148,0.84084,0.84061,0.84084,0.84148,0.84084,0.84061,0.84084,0.84148,0.84084,0.84061,0.84084,0.84148,0.84084,0.84061,0.84084,0.84148,0.84084,0.84061,0.84084,0.84148,0.84084,0.84061,0.84084,0.84148,0.84084,0.84061,0.84084,0.84148,0.84084,0.84061,0.84084,0.84148,0.84084,0.84061,0.84084,0.84148,0.84084,0.84061,0.84084,0.84148,0.84084,0.84061,0.84084,0.84148,0.84084,0.84061,0.84084,0.84148,0.84084,0.84061,0.84084,0.84148,0.84084,0.84061,0.84084,0.84148,0.84084,0.84061,0.84084,0.84148,0.84084,0.84061,0.84084,0.84148,0.84084,0.84061,0.84084,0.84148,0.84084,0.84061,0.84084,0.84148,0.84084,0.84061,0.84084,0.84148,0.84084,0.84061,0.84084,0.84148,0.84084,0.84061,0.84084,0.84148,0.84084,0.84061,0.84084,0.84148,0.84084,0.84061,0.84084,0.84148,0.84084,0.84061,0.84084,0.84148,0.84084,0.84061,0.84084,0.84148,0.84084,0.84061,0.84084,0.84148,0.84084,0.84061,0.84084,0.84148,0.84084,0.84061,0.84084,0.84148,0.84084,0.84061,0.84084,0.84148,0.84084,0.84061,0.84084,0.84148,0.84084,0.84061,0.84084,0.84148,0.84084,0.84061,0.84084,0.84148,0.84084,0.84061,0.84084,0.84148,0.84084,0.84061,0.84084,0.84148,0.84084,0.84061,0.84084,0.84148,0.84084,0.84061,0.84084,0.84148,0.84084,0.84061,0.84084,0.84148,0.84084,0.84061,0.84084,0.84148,0.84084,0.84061,0.8418,0.84148,0.83887,0.84639,0.8354,0.84148,0.85274,0.81849,0.86327,0.84148,0.79416,0.95302,0.65692
0.85042,0.91592,0.79157,0.87848,0.85042,0.83553,0.86462,0.84291,0.85042,0.85329,0.84706,0.85139,0.85042,0.84978,0.84954,0.84978,0.85042,0.84978,0.84954,0.84978,0.85042,0.84978,0.84954,0.84978,0.85042,0.84978,0.84954,0.84978,0.85042,0.84978,0.84954,0.84978,0.85042,0.84978,0.84954,0.84978,0.85042,0.84978,0.84954,0.84978,0.85042,0.84978,0.84954,0.84978,0.85042,0.84978,0.84954,0.84978,0.85042,0.84978,0.84954,0.84978,0.85042,0.84978,0.84954,0.84978,0.85042,0.84978,0.84954,0.84978,0.85042,0.84978,0.84954,0.84978,0.85042,0.84978,0.84954,0.84978,0.85042,0.84978,0.84954,0.84978,0.85042,0.84978,0.84954,0.84978,0.85042,0.84978,0.84954,0.84978,0.85042,0.84978,0.84954,0.84978,0.85042,0.84978,0.84954,0.84978,0.85042,0.84978,0.84954,0.84978,0.85042,0.84978,0.84954,0.84978,0.85042,0.84978,0.84954,0.84978,0.85042,0.84978,0.84954,0.84978,0.85042,0.84978,0.84954,0.84978,0.85042,0.84978,0.84954,0.84978,0.85042,0.84978,0.84954,0.85003,0.85042,0.84924,0.85109,0.84831,0.85042,0.85297,0.84359,0.85581,0.85042,0.83722,0.87978,0.80029,0.62403,0.60595,0.63882,0.61592,0.62403,0.62735,0.61937,0.62539,0.62403,0.62263,0.62405,0.62313,0.62403,0.62356,0.62339,0.62356,0.62403,0.62356,0.62339,0.62356,0.62403,0.62356,0.62339,0.62356,0.62403,0.62356,0.62339,0.62356,0.62403,0.62356,0.62339,0.62356,0.62403,0.62356,0.62339,0.62356,0.62403,0.62356,0.62339,0.62356,0.62403,0.62356,0.62339,0.62356,0.62403,0.62356,0.62339,0.62356,0.62403,0.62356,0.62339,0.62356,0.62403,0.62356,0.62339,0.62356,0.62403,0.62356,0.62339,0.62356,0.62403,0.62356,0.62339,0.62356,0.62403,0.62356,0.62339,0.62356,0.62403,0.62356,0.62339,0.62356,0.62403,0.62356,0.62339,0.62356,0.62403,0.62356,0.62339,0.62356,0.62403,0.62356,0.62339,0.62356,0.62403,0.62356,0.62339,0.62356,0.62403,0.62356,0.62339,0.62356,0.62403,0.62356,0.62339,0.62356,0.62403,0.62356,0.62339,0.62356,0.62403,0.62356,0.62339,0.62356,0.62403,0.62356,0.62339,0.62356,0.62403,0.62356,0.62339,0.62356,0.62403,0.62356,0.62339,0.62427,0.62403,0.6221,0.62768,0.61953,0.62403,0.63238,0.60698,0.64019,0.62403,0.58894,0.70675,0.48716
0.82425,0.88774,0.76721,0.85145,0.82425,0.80983,0.83801,0.81697,0.82425,0.82704,0.821,0.8252,0.82425,0.82363,0.8234,0.82363,0.82425,0.82363,0.8234,0.82363,0.82425,0.82363,0.8234,0.82363,0.82425,0.82363,0.8234,0.82363,0.82425,0.82363,0.8234,0.82363,0.82425,0.82363,0.8234,0.82363,0.82425,0.82363,0.8234,0.82363,0.82425,0.82363,0.8234,0.82363,0.82425,0.82363,0.8234,0.82363,0.82425,0.82363,0.8234,0.82363,0.82425,0.82363,0.8234,0.82363,0.82425,0.82363,0.8234,0.82363,0.82425,0.82363,0.8234,0.82363,0.82425,0.82363,0.8234,0.82363,0.82425,0.82363,0.8234,0.82363,0.82425,0.82363,0.8234,0.82363,0.82425,0.82363,0.8234,0.82363,0.82425,0.82363,0.8234,0.82363,0.82425,0.82363,0.8234,0.82363,0.82425,0.82363,0.8234,0.82363,0.82425,0.82363,0.8234,0.82363,0.82425,0.82363,0.8234,0.82363,0.82425,0.82363,0.8234,0.82363,0.82425,0.82363,0.8234,0.82363,0.82425,0.82363,0.8234,0.82363,0.82425,0.82363,0.8234,0.82386,0.82425,0.82314,0.82483,0.82228,0.82425,0.82657,0.81793,0.82917,0.82425,0.81209,0.85119,0.77815,0.6162,0.59955,0.62975,0.60871,0.6162,0.61922,0.61187,0.61742,0.6162,0.61488,0.61617,0.61534,0.6162,0.61574,0.61556,0.61574,0.6162,0.61574,0.61556,0.61574,0.6162,0.61574,0.61556,0.61574,0.6162,0.61574,0.61556,0.61574,0.6162,0.61574,0.61556,0.61574,0.6162,0.61574,0.61556,0.61574,0.6162,0.61574,0.61556,0.61574,0.6162,0.61574,0.61556,0.61574,0.6162,0.61574,0.61556,0.61574,0.6162,0.61574,0.61556,0.61574,0.6162,0.61574,0.61556,0.61574,0.6162,0.61574,0.61556,0.61574,0.6162,0.61574,0.61556,0.61574,0.6162,0.61574,0.61556,0.61574,0.6162,0.61574,0.61556,0.61574,0.6162,0.61574,0.61556,0.61574,0.6162,0.61574,0.61556,0.61574,0.6162,0.61574,0.61556,0.61574,0.6162,0.61574,0.61556,0.61574,0.6162,0.61574,0.61556,0.61574,0.6162,0.61574,0.61556,0.61574,0.6162,0.61574,0.61556,0.61574,0.6162,0.61574,0.61556,0.61574,0.6162,0.61574,0.61556,0.61574,0.6162,0.61574,0.61556,0.61574,0.6162,0.61574,0.61556,0.61643,0.6162,0.61429,0.6198,0.61175,0.6162,0.62444,0.59936,0.63216,0.6162,0.58155,0.69788,0.48105
0.66529,0.71653,0.61925,0.68724,0.66529,0.65364,0.6764,0.65941,0.66529,0.66753,0.66266,0.66605,0.66529,0.66478,0.6646,0.66478,0.66529,0.66478,0.6646,0.66478,0.66529,0.66478,0.6646,0.66478,0.66529,0.66478,0.6646,0.66478,0.66529,0.66478,0.6646,0.66478,0.66529,0.66478,0.6646,0.66478,0.66529,0.66478,0.6646,0.66478,0.66529,0.66478,0.6646,0.66478,0.66529,0.66478,0.6646,0.66478,0.66529,0.66478,0.6646,0.66478,0.66529,0.66478,0.6646,0.66478,0.66529,0.66478,0.6646,0.66478,0.66529,0.66478,0.6646,0.66478,0.66529,0.66478,0.6646,0.66478,0.66529,0.66478,0.6646,0.66478,0.66529,0.66478,0.6646,0.66478,0.66529,0.66478,0.6646,0.66478,0.66529,0.66478,0.6646,0.66478,0.66529,0.66478,0.6646,0.66478,0.66529,0.66478,0.6646,0.66478,0.66529,0.66478,0.6646,0.66478,0.66529,0.66478,0.6646,0.66478,0.66529,0.66478,0.6646,0.66478,0.66529,0.66478,0.6646,0.66478,0.66529,0.66478,0.6646,0.66478,0.66529,0.66478,0.6646,0.66464,0.66529,0.66508,0.66373,0.6656,0.66529,0.66301,0.66791,0.66143,0.66529,0.67176,0.64779,0.69228,0.79109,0.80028,0.7817,0.79474,0.79109,0.78839,0.79251,0.78948,0.79109,0.79102,0.78991,0.79074,0.79109,0.7905,0.79028,0.7905,0.79109,0.7905,0.79028,0.7905,0.79109,0.7905,0.79028,0.7905,0.79109,0.7905,0.79028,0.7905,0.79109,0.7905,0.79028,0.7905,0.79109,0.7905,0.79028,0.7905,0.79109,0.7905,0.79028,0.7905,0.79109,0.7905,0.79028,0.7905,0.79109,0.7905,0.79028,0.7905,0.79109,0.7905,0.79028,0.7905,0.79109,0.7905,0.79028,0.7905,0.79109,0.7905,0.79028,0.7905,0.79109,0.7905,0.79028,0.7905,0.79109,0.7905,0.79028,0.7905,0.79109,0.7905,0.79028,0.7905,0.79109,0.7905,0.79028,0.7905,0.79109,0.7905,0.79028,0.7905,0.79109,0.7905,0.79028,0.7905,0.79109,0.7905,0.79028,0.7905,0.79109,0.7905,0.79028,0.7905,0.79109,0.7905,0.79028,0.7905,0.79109,0.7905,0.79028,0.7905,0.79109,0.7905,0.79028,0.7905,0.79109,0.7905,0.79028,0.7905,0.79109,0.7905,0.79028,0.7905,0.79109,0.7905,0.79028,0.79139,0.79109,0.78864,0.79571,0.78538,0.79109,0.80168,0.76948,0.81158,0.79109,0.74661,0.89596,0.61758
0.72084,0.77636,0.67096,0.74463,0.72084,0.70823,0.73288,0.71448,0.72084,0.72328,0.718,0.72167,0.72084,0.7203,0.7201,0.7203,0.72084,0.7203,0.7201,0.7203,0.72084,0.7203,0.7201,0.7203,0.72084,0.7203,0.7201,0.7203,0.72084,0.7203,0.7201,0.7203,0.72084,0.7203,0.7201,0.7203,0.72084,0.7203,0.7201,0.7203,0.72084,0.7203,0.7201,0.7203,0.72084,0.7203,0.7201,0.7203,0.72084,0.7203,0.7201,0.7203,0.72084,0.7203,0.7201,0.7203,0.72084,0.7203,0.7201,0.7203,0.72084,0.7203,0.7201,0.7203,0.72084,0.7203,0.7201,0.7203,0.72084,0.7203,0.7201,0.7203,0.72084,0.7203,0.7201,0.7203,0.72084,0.7203,0.7201,0.7203,0.72084,0.7203,0.7201,0.7203,0.72084,0.7203,0.7201,0.7203,0.72084,0.7203,0.7201,0.7203,0.72084,0.7203,0.7201,0.7203,0.72084,0.7203,0.7201,0.7203,0.72084,0.7203,0.7201,0.7203,0.72084,0.7203,0.7201,0.7203,0.72084,0.7203,0.7201,0.7203,0.72084,0.7203,0.7201,0.72055,0.72084,0.71977,0.72165,0.71884,0.72084,0.72349,0.71416,0.72631,0.72084,0.70778,0.75025,0.67097,0.49515,0.47722,0.51002,0.48716,0.49515,0.49856,0.49064,0.4966,0.49515,0.49385,0.4953,0.49435,0.49515,0.49478,0.49464,0.49478,0.49515,0.49478,0.49464,0.49478,0.49515,0.49478,0.49464,0.49478,0.49515,0.49478,0.49464,0.49478,0.49515,0.49478,0.49464,0.49478,0.49515,0.49478,0.49464,0.49478,0.49515,0.49478,0.49464,0.49478,0.49515,0.49478,0.49464,0.49478,0.49515,0.49478,0.49464,0.49478,0.49515,0.49478,0.49464,0.49478,0.49515,0.49478,0.49464,0.49478,0.49515,0.49478,0.49464,0.49478,0.49515,0.49478,0.49464,0.49478,0.49515,0.49478,0.49464,0.49478,0.49515,0.49478,0.49464,0.49478,0.49515,0.49478,0.49464,0.49478,0.49515,0.49478,0.49464,0.49478,0.49515,0.49478,0.49464,0.49478,0.49515,0.49478,0.49464,0.49478,0.49515,0.49478,0.49464,0.49478,0.49515,0.49478,0.49464,0.49478,0.49515,0.49478,0.49464,0.49478,0.49515,0.49478,0.49464,0.49478,0.49515,0.49478,0.49464,0.49478,0.49515,0.49478,0.49464,0.49478,0.49515,0.49478,0.49464,0.49534,0.49515,0.49362,0.49804,0.49158,0.49515,0.50178,0.48162,0.50797,0.49515,0.46731,0.56079,0.38655
0.74849,0.80614,0.6967,0.77319,0.74849,0.73539,0.76099,0.74188,0.74849,0.75102,0.74554,0.74935,0.74849,0.74793,0.74772,0.74793,0.74849,0.74793,0.74772,0.74793,0.74849,0.74793,0.74772,0.74793,0.74849,0.74793,0.74772,0.74793,0.74849,0.74793,0.74772,0.74793,0.74849,0.74793,0.74772,0.74793,0.74849,0.74793,0.74772,0.74793,0.74849,0.74793,0.74772,0.74793,0.74849,0.74793,0.74772,0.74793,0.74849,0.74793,0.74772,0.74793,0.74849,0.74793,0.74772,0.74793,0.74849,0.74793,0.74772,0.74793,0.74849,0.74793,0.74772,0.74793,0.74849,0.74793,0.74772,0.74793,0.74849,0.74793,0.74772,0.74793,0.74849,0.74793,0.74772,0.74793,0.74849,0.74793,0.74772,0.74793,0.74849,0.74793,0.74772,0.74793,0.74849,0.74793,0.74772,0.74793,0.74849,0.74793,0.74772,0.74793,0.74849,0.74793,0.74772,0.74793,0.74849,0.74793,0.74772,0.74793,0.74849,0.74793,0.74772,0.74793,0.74849,0.74793,0.74772,0.74793,0.74849,0.74793,0.74772,0.74793,0.74849,0.74793,0.74772,0.74839,0.74849,0.74696,0.75055,0.74527,0.74849,0.75375,0.73689,0.7589,0.74849,0.72508,0.80273,0.65791,0.33668,0.30439,0.3644,0.32252,0.33668,0.34332,0.32903,0.33975,0.33668,0.33472,0.33753,0.33564,0.33668,0.33642,0.33633,0.33642,0.33668,0.33642,0.33633,0.33642,0.33668,0.33642,0.33633,0.33642,0.33668,0.33642,0.33633,0.33642,0.33668,0.33642,0.33633,0.33642,0.33668,0.33642,0.33633,0.33642,0.33668,0.33642,0.33633,0.33642,0.33668,0.33642,0.33633,0.33642,0.33668,0.33642,0.33633,0.33642,0.33668,0.33642,0.33633,0.33642,0.33668,0.33642,0.33633,0.33642,0.33668,0.33642,0.33633,0.33642,0.33668,0.33642,0.33633,0.33642,0.33668,0.33642,0.33633,0.33642,0.33668,0.33642,0.33633,0.33642,0.33668,0.33642,0.33633,0.33642,0.33668,0.33642,0.33633,0.33642,0.33668,0.33642,0.33633,0.33642,0.33668,0.33642,0.33633,0.33642,0.33668,0.33642,0.33633,0.33642,0.33668,0.33642,0.33633,0.33642,0.33668,0.33642,0.33633,0.33642,0.33668,0.33642,0.33633,0.33642,0.33668,0.33642,0.33633,0.33642,0.33668,0.33642,0.33633,0.33642,0.33668,0.33642,0.33633,0.3368,0.33668,0.33563,0.33864,0.33425,0.33668,0.34118,0.32748,0.3454,0.33668,0.31775,0.38131,0.26283
0.81972,0.88286,0.763,0.84677,0.81972,0.80538,0.83341,0.81249,0.81972,0.82249,0.81649,0.82066,0.81972,0.81911,0.81888,0.81911,0.81972,0.81911,0.81888,0.81911,0.81972,0.81911,0.81888,0.81911,0.81972,0.81911,0.81888,0.81911,0.81972,0.81911,0.81888,0.81911,0.81972,0.81911,0.81888,0.81911,0.81972,0.81911,0.81888,0.81911,0.81972,0.81911,0.81888,0.81911,0.81972,0.81911,0.81888,0.81911,0.81972,0.81911,0.81888,0.81911,0.81972,0.81911,0.81888,0.81911,0.81972,0.81911,0.81888,0.81911,0.81972,0.81911,0.81888,0.81911,0.81972,0.81911,0.81888,0.81911,0.81972,0.81911,0.81888,0.81911,0.81972,0.81911,0.81888,0.81911,0.81972,0.81911,0.81888,0.81911,0.81972,0.81911,0.81888,0.81911,0.81972,0.81911,0.81888,0.81911,0.81972,0.81911,0.81888,0.81911,0.81972,0.81911,0.81888,0.81911,0.81972,0.81911,0.81888,0.81911,0.81972,0.81911,0.81888,0.81911,0.81972,0.81911,0.81888,0.81911,0.81972,0.81911,0.81888,0.81911,0.81972,0.81911,0.81888,0.81911,0.81972,0.81911,0.81888,0.81911,0.81972,0.81911,0.81888,0.81911,0.81972,0.81911,0.81888,0.81911,0.81972,0.81911,0.81888,0.81911,0.81972,0.81911,0.81888,0.81911,0.81972,0.81911,0.81888,0.81911,0.81972,0.81911,0.81888,0.81911,0.81972,0.81911,0.81888,0.81911,0.81972,0.81911,0.81888,0.81911,0.81972,0.81911,0.81888,0.81911,0.81972,0.81911,0.81888,0.81911,0.81972,0.81911,0.81888,0.81911,0.81972,0.81911,0.81888,0.81911,0.81972,0.81911,0.81888,0.81911,0.81972,0.81911,0.81888,0.81911,0.81972,0.81911,0.81888,0.81911,0.81972,0.81911,0.81888,0.81911,0.81972,0.81911,0.81888,0.81911,0.81972,0.81911,0.81888,0.81911,0.81972,0.81911,0.81888,0.81911,0.81972,0.81911,0.81888,0.81911,0.81972,0.81911,0.81888,0.81911,0.81972,0.81911,0.81888,0.81911,0.81972,0.81911,0.81888,0.81911,0.81972,0.81911,0.81888,0.81911,0.81972,0.81911,0.81888,0.81911,0.81972,0.81911,0.81888,0.81911,0.81972,0.81911,0.81888,0.81911,0.81972,0.81911,0.81888,0.81911,0.81972,0.81911,0.81888,0.81911,0.81972,0.81911,0.81888,0.81911,0.81972,0.81911,0.81888,0.82003,0.81972,0.81718,0.82451,0.81381,0.81972,0.83069,0.79732,0.84095,0.81972,0.77363,0.92838,0.63993
0.86283,0.92928,0.80312,0.89129,0.86283,0.84772,0.87723,0.85521,0.86283,0.86574,0.85942,0.86381,0.86283,0.86217,0.86193,0.86217,0.86283,0.86217,0.86193,0.86217,0.86283,0.86217,0.86193,0.86217,0.86283,0.86217,0.86193,0.86217,0.86283,0.86217,0.86193,0.86217,0.86283,0.86217,0.86193,0.86217,0.86283,0.86217,0.86193,0.86217,0.86283,0.86217,0.86193,0.86217,0.86283,0.86217,0.86193,0.86217,0.86283,0.86217,0.86193,0.86217,0.86283,0.86217,0.86193,0.86217,0.86283,0.86217,0.86193,0.86217,0.86283,0.86217,0.86193,0.86217,0.86283,0.86217,0.86193,0.86217,0.86283,0.86217,0.86193,0.86217,0.86283,0.86217,0.86193,0.86217,0.86283,0.86217,0.86193,0.86217,0.86283,0.86217,0.86193,0.86217,0.86283,0.86217,0.86193,0.86217,0.86283,0.86217,0.86193,0.86217,0.86283,0.86217,0.86193,0.86217,0.86283,0.86217,0.86193,0.86217,0.86283,0.86217,0.86193,0.86217,0.86283,0.86217,0.86193,0.86217,0.86283,0.86217,0.86193,0.86217,0.86283,0.86217,0.86193,0.8626,0.86283,0.86128,0.86454,0.85972,0.86283,0.86754,0.85194,0.8723,0.86283,0.84109,0.9127,0.77911,0.48278,0.45286,0.50819,0.46959,0.48278,0.48878,0.47555,0.48549,0.48278,0.48085,0.48339,0.4817,0.48278,0.48242,0.48228,0.48242,0.48278,0.48242,0.48228,0.48242,0.48278,0.48242,0.48228,0.48242,0.48278,0.48242,0.48228,0.48242,0.48278,0.48242,0.48228,0.48242,0.48278,0.48242,0.48228,0.48242,0.48278,0.48242,0.48228,0.48242,0.48278,0.48242,0.48228,0.48242,0.48278,0.48242,0.48228,0.48242,0.48278,0.48242,0.48228,0.48242,0.48278,0.48242,0.48228,0.48242,0.48278,0.48242,0.48228,0.48242,0.48278,0.48242,0.48228,0.48242,0.48278,0.48242,0.48228,0.48242,0.48278,0.48242,0.48228,0.48242,0.48278,0.48242,0.48228,0.48242,0.48278,0.48242,0.48228,0.48242,0.48278,0.48242,0.48228,0.48242,0.48278,0.48242,0.48228,0.48242,0.48278,0.48242,0.48228,0.48242,0.48278,0.48242,0.48228,0.48242,0.48278,0.48242,0.48228,0.48242,0.48278,0.48242,0.48228,0.48242,0.48278,0.48242,0.48228,0.48242,0.48278,0.48242,0.48228,0.48242,0.48278,0.48242,0.48228,0.48296,0.48278,0.48129,0.4856,0.4793,0.48278,0.48924,0.46959,0.49529,0.48278,0.45564,0.54678,0.37689
0.77369,0.83329,0.72015,0.79922,0.77369,0.76015,0.78661,0.76686,0.77369,0.77631,0.77064,0.77458,0.77369,0.77311,0.77289,0.77311,0.77369,0.77311,0.77289,0.77311,0.77369,0.77311,0.77289,0.77311,0.77369,0.77311,0.77289,0.77311,0.77369,0.77311,0.77289,0.77311,0.77369,0.77311,0.77289,0.77311,0.77369,0.77311,0.77289,0.77311,0.77369,0.77311,0.77289,0.77311,0.77369,0.77311,0.77289,0.77311,0.77369,0.77311,0.77289,0.77311,0.77369,0.77311,0.77289,0.77311,0.77369,0.77311,0.77289,0.77311,0.77369,0.77311,0.77289,0.77311,0.77369,0.77311,0.77289,0.77311,0.77369,0.77311,0.77289,0.77311,0.77369,0.77311,0.77289,0.77311,0.77369,0.77311,0.77289,0.77311,0.77369,0.77311,0.77289,0.77311,0.77369,0.77311,0.77289,0.77311,0.77369,0.77311,0.77289,0.77311,0.77369,0.77311,0.77289,0.77311,0.77369,0.77311,0.77289,0.77311,0.77369,0.77311,0.77289,0.77311,0.77369,0.77311,0.77289,0.77311,0.77369,0.77311,0.77289,0.77311,0.77369,0.77311,0.77289,0.77311,0.77369,0.77311,0.77289,0.77311,0.77369,0.77311,0.77289,0.77311,0.77369,0.77311,0.77289,0.77311,0.77369,0.77311,0.77289,0.77311,0.77369,0.77311,0.77289,0.77311,0.77369,0.77311,0.77289,0.77311,0.77369,0.77311,0.77289,0.77311,0.77369,0.77311,0.77289,0.77311,0.77369,0.77311,0.77289,0.77311,0.77369,0.77311,0.77289,0.77311,0.77369,0.77311,0.77289,0.77311,0.77369,0.77311,0.77289,0.77311,0.77369,0.77311,0.77289,0.77311,0.77369,0.77311,0.77289,0.77311,0.77369,0.77311,0.77289,0.77311,0.77369,0.77311,0.77289,0.77311,0.77369,0.77311,0.77289,0.77311,0.77369,0.77311,0.77289,0.77311,0.77369,0.77311,0.77289,0.77311,0.77369,0.77311,0.77289,0.77311,0.77369,0.77311,0.77289,0.77311,0.77369,0.77311,0.77289,0.77311,0.77369,0.77311,0.77289,0.77311,0.77369,0.77311,0.77289,0.77311,0.77369,0.77311,0.77289,0.77311,0.77369,0.77311,0.77289,0.77311,0.77369,0.77311,0.77289,0.77311,0.77369,0.77311,0.77289,0.77311,0.77369,0.77311,0.77289,0.77311,0.77369,0.77311,0.77289,0.77311,0.77369,0.77311,0.77289,0.77311,0.77369,0.77311,0.77289,0.77398,0.77369,0.77129,0.77821,0.76811,0.77369,0.78404,0.75255,0.79373,0.77369,0.73019,0.87625,0.604
0.84905,0.91445,0.7903,0.87707,0.84905,0.83419,0.86323,0.84156,0.84905,0.85192,0.8457,0.85002,0.84905,0.84841,0.84817,0.84841,0.84905,0.84841,0.84817,0.84841,0.84905,0.84841,0.84817,0.84841,0.84905,0.84841,0.84817,0.84841,0.84905,0.84841,0.84817,0.84841,0.84905,0.84841,0.84817,0.84841,0.84905,0.84841,0.84817,0.84841,0.84905,0.84841,0.84817,0.84841,0.84905,0.84841,0.84817,0.84841,0.84905,0.84841,0.84817,0.84841,0.84905,0.84841,0.84817,0.84841,0.84905,0.84841,0.84817,0.84841,0.84905,0.84841,0.84817,0.84841,0.84905,0.84841,0.84817,0.84841,0.84905,0.84841,0.84817,0.84841,0.84905,0.84841,0.84817,0.84841,0.84905,0.84841,0.84817,0.84841,0.84905,0.84841,0.84817,0.84841,0.84905,0.84841,0.84817,0.84841,0.84905,0.84841,0.84817,0.84841,0.84905,0.84841,0.84817,0.84841,0.84905,0.84841,0.84817,0.84841,0.84905,0.84841,0.84817,0.84841,0.84905,0.84841,0.84817,0.84841,0.84905,0.84841,0.84817,0.84841,0.84905,0.84841,0.84817,0.84898,0.84905,0.84721,0.85167,0.84512,0.84905,0.8556,0.83479,0.86197,0.84905,0.82018,0.91616,0.73718,0.34016,0.30032,0.37449,0.32272,0.34016,0.34842,0.33078,0.34401,0.34016,0.3378,0.34129,0.33893,0.34016,0.3399,0.3398,0.3399,0.34016,0.3399,0.3398,0.3399,0.34016,0.3399,0.3398,0.3399,0.34016,0.3399,0.3398,0.3399,0.34016,0.3399,0.3398,0.3399,0.34016,0.3399,0.3398,0.3399,0.34016,0.3399,0.3398,0.3399,0.34016,0.3399,0.3398,0.3399,0.34016,0.3399,0.3398,0.3399,0.34016,0.3399,0.3398,0.3399,0.34016,0.3399,0.3398,0.3399,0.34016,0.3399,0.3398,0.3399,0.34016,0.3399,0.3398,0.3399,0.34016,0.3399,0.3398,0.3399,0.34016,0.3399,0.3398,0.3399,0.34016,0.3399,0.3398,0.3399,0.34016,0.3399,0.3398,0.3399,0.34016,0.3399,0.3398,0.3399,0.34016,0.3399,0.3398,0.3399,0.34016,0.3399,0.3398,0.3399,0.34016,0.3399,0.3398,0.3399,0.34016,0.3399,0.3398,0.3399,0.34016,0.3399,0.3398,0.3399,0.34016,0.3399,0.3398,0.3399,0.34016,0.3399,0.3398,0.3399,0.34016,0.3399,0.3398,0.34028,0.34016,0.3391,0.34214,0.3377,0.34016,0.34471,0.33086,0.34896,0.34016,0.32103,0.38525,0.26555
0.77303,0.83257,0.71953,0.79853,0.77303,0.7595,0.78594,0.7662,0.77303,0.77564,0.76998,0.77391,0.77303,0.77244,0.77223,0.77244,0.77303,0.77244,0.77223,0.77244,0.77303,0.77244,0.77223,0.77244,0.77303,0.77244,0.77223,0.77244,0.77303,0.77244,0.77223,0.77244,0.77303,0.77244,0.77223,0.77244,0.77303,0.77244,0.77223,0.77244,0.77303,0.77244,0.77223,0.77244,0.77303,0.77244,0.77223,0.77244,0.77303,0.77244,0.77223,0.77244,0.77303,0.77244,0.77223,0.77244,0.77303,0.77244,0.77223,0.77244,0.77303,0.77244,0.77223,0.77244,0.77303,0.77244,0.77223,0.77244,0.77303,0.77244,0.77223,0.77244,0.77303,0.77244,0.77223,0.77244,0.77303,0.77244,0.77223,0.77244,0.77303,0.77244,0.77223,0.77244,0.77303,0.77244,0.77223,0.77244,0.77303,0.77244,0.77223,0.77244,0.77303,0.77244,0.77223,0.77244,0.77303,0.77244,0.77223,0.77244,0.77303,0.77244,0.77223,0.77244,0.77303,0.77244,0.77223,0.77244,0.77303,0.77244,0.77223,0.77244,0.77303,0.77244,0.77223,0.77286,0.77303,0.77159,0.77473,0.77009,0.77303,0.77759,0.76266,0.78215,0.77303,0.75224,0.82088,0.69285,0.40888,0.38025,0.43328,0.39628,0.40888,0.41467,0.402,0.41151,0.40888,0.40706,0.40952,0.40788,0.40888,0.40857,0.40846,0.40857,0.40888,0.40857,0.40846,0.40857,0.40888,0.40857,0.40846,0.40857,0.40888,0.40857,0.40846,0.40857,0.40888,0.40857,0.40846,0.40857,0.40888,0.40857,0.40846,0.40857,0.40888,0.40857,0.40846,0.40857,0.40888,0.40857,0.40846,0.40857,0.40888,0.40857,0.40846,0.40857,0.40888,0.40857,0.40846,0.40857,0.40888,0.40857,0.40846,0.40857,0.40888,0.40857,0.40846,0.40857,0.40888,0.40857,0.40846,0.40857,0.40888,0.40857,0.40846,0.40857,0.40888,0.40857,0.40846,0.40857,0.40888,0.40857,0.40846,0.40857,0.40888,0.40857,0.40846,0.40857,0.40888,0.40857,0.40846,0.40857,0.40888,0.40857,0.40846,0.40857,0.40888,0.40857,0.40846,0.40857,0.40888,0.40857,0.40846,0.40857,0.40888,0.40857,0.40846,0.40857,0.40888,0.40857,0.40846,0.40857,0.40888,0.40857,0.40846,0.40857,0.40888,0.40857,0.40846,0.40857,0.40888,0.40857,0.40846,0.40903,0.40888,0.40761,0.41127,0.40593,0.40888,0.41435,0.39771,0.41947,0.40888,0.38589,0.46308,0.3192
0.82221,0.88553,0.76531,0.84933,0.82221,0.80782,0.83593,0.81495,0.82221,0.82498,0.81896,0.82315,0.82221,0.82158,0.82135,0.82158,0.82221,0.82158,0.82135,0.82158,0.82221,0.82158,0.82135,0.82158,0.82221,0.82158,0.82135,0.82158,0.82221,0.82158,0.82135,0.82158,0.82221,0.82158,0.82135,0.82158,0.82221,0.82158,0.82135,0.82158,0.82221,0.82158,0.82135,0.82158,0.82221,0.82158,0.82135,0.82158,0.82221,0.82158,0.82135,0.82158,0.82221,0.82158,0.82135,0.82158,0.82221,0.82158,0.82135,0.82158,0.82221,0.82158,0.82135,0.82158,0.82221,0.82158,0.82135,0.82158,0.82221,0.82158,0.82135,0.82158,0.82221,0.82158,0.82135,0.82158,0.82221,0.82158,0.82135,0.82158,0.82221,0.82158,0.82135,0.82158,0.82221,0.82158,0.82135,0.82158,0.82221,0.82158,0.82135,0.82158,0.82221,0.82158,0.82135,0.82158,0.82221,0.82158,0.82135,0.82158,0.82221,0.82158,0.82135,0.82158,0.82221,0.82158,0.82135,0.82158,0.82221,0.82158,0.82135,0.82158,0.82221,0.82158,0.82135,0.82158,0.82221,0.82158,0.82135,0.82158,0.82221,0.82158,0.82135,0.82158,0.82221,0.82158,0.82135,0.82158,0.82221,0.82158,0.82135,0.82158,0.82221,0.82158,0.82135,0.82158,0.82221,0.82158,0.82135,0.82158,0.82221,0.82158,0.82135,0.82158,0.82221,0.82158,0.82135,0.82158,0.82221,0.82158,0.82135,0.82158,0.82221,0.82158,0.82135,0.82158,0.82221,0.82158,0.82135,0.82158,0.82221,0.82158,0.82135,0.82158,0.82221,0.82158,0.82135,0.82158,0.82221,0.82158,0.82135,0.82158,0.82221,0.82158,0.82135,0.82158,0.82221,0.82158,0.82135,0.82158,0.82221,0.82158,0.82135,0.82158,0.82221,0.82158,0.82135,0.82158,0.82221,0.82158,0.82135,0.82158,0.82221,0.82158,0.82135,0.82158,0.82221,0.82158,0.82135,0.82158,0.82221,0.82158,0.82135,0.82158,0.82221,0.82158,0.82135,0.82158,0.82221,0.82158,0.82135,0.82158,0.82221,0.82158,0.82135,0.82158,0.82221,0.82158,0.82135,0.82158,0.82221,0.82158,0.82135,0.82158,0.82221,0.82158,0.82135,0.82158,0.82221,0.82158,0.82135,0.82158,0.82221,0.82158,0.82135,0.82158,0.82221,0.82158,0.82135,0.82158,0.82221,0.82158,0.82135,0.82251,0.82221,0.81965,0.827,0.81627,0.82221,0.8332,0.79974,0.8435,0.82221,0.77597,0.93119,0.64187
0.73244,0.78885,0.68175,0.75661,0.73244,0.71962,0.74467,0.72597,0.73244,0.73491,0.72955,0.73328,0.73244,0.73189,0.73168,0.73189,0.73244,0.73189,0.73168,0.73189,0.73244,0.73189,0.73168,0.73189,0.73244,0.73189,0.73168,0.73189,0.73244,0.73189,0.73168,0.73189,0.73244,0.73189,0.73168,0.73189,0.73244,0.73189,0.73168,0.73189,0.73244,0.73189,0.73168,0.73189,0.73244,0.73189,0.73168,0.73189,0.73244,0.73189,0.73168,0.73189,0.73244,0.73189,0.73168,0.73189,0.73244,0.73189,0.73168,0.73189,0.73244,0.73189,0.73168,0.73189,0.73244,0.73189,0.73168,0.73189,0.73244,0.73189,0.73168,0.73189,0.73244,0.73189,0.73168,0.73189,0.73244,0.73189,0.73168,0.73189,0.73244,0.73189,0.73168,0.73189,0.73244,0.73189,0.73168,0.73189,0.73244,0.73189,0.73168,0.73189,0.73244,0.73189,0.73168,0.73189,0.73244,0.73189,0.73168,0.73189,0.73244,0.73189,0.73168,0.73189,0.73244,0.73189,0.73168,0.73189,0.73244,0.73189,0.73168,0.73189,0.73244,0.73189,0.73168,0.73206,0.73244,0.73152,0.73275,0.73088,0.73244,0.73409,0.72758,0.73604,0.73244,0.72323,0.75253,0.69777,0.57635,0.56378,0.5864,0.57065,0.57635,0.57853,0.57299,0.57718,0.57635,0.57527,0.57621,0.57562,0.57635,0.57592,0.57576,0.57592,0.57635,0.57592,0.57576,0.57592,0.57635,0.57592,0.57576,0.57592,0.57635,0.57592,0.57576,0.57592,0.57635,0.57592,0.57576,0.57592,0.57635,0.57592,0.57576,0.57592,0.57635,0.57592,0.57576,0.57592,0.57635,0.57592,0.57576,0.57592,0.57635,0.57592,0.57576,0.57592,0.57635,0.57592,0.57576,0.57592,0.57635,0.57592,0.57576,0.57592,0.57635,0.57592,0.57576,0.57592,0.57635,0.57592,0.57576,0.57592,0.57635,0.57592,0.57576,0.57592,0.57635,0.57592,0.57576,0.57592,0.57635,0.57592,0.57576,0.57592,0.57635,0.57592,0.57576,0.57592,0.57635,0.57592,0.57576,0.57592,0.57635,0.57592,0.57576,0.57592,0.57635,0.57592,0.57576,0.57592,0.57635,0.57592,0.57576,0.57592,0.57635,0.57592,0.57576,0.57592,0.57635,0.57592,0.57576,0.57592,0.57635,0.57592,0.57576,0.57592,0.57635,0.57592,0.57576,0.57592,0.57635,0.57592,0.57576,0.57657,0.57635,0.57457,0.57972,0.57219,0.57635,0.58406,0.56061,0.59128,0.57635,0.54395,0.65275,0.44994
0.81159,0.8741,0.75543,0.83837,0.81159,0.79739,0.82514,0.80443,0.81159,0.81433,0.80839,0.81252,0.81159,0.81098,0.81075,0.81098,0.81159,0.81098,0.81075,0.81098,0.81159,0.81098,0.81075,0.81098,0.81159,0.81098,0.81075,0.81098,0.81159,0.81098,0.81075,0.81098,0.81159,0.81098,0.81075,0.81098,0.81159,0.81098,0.81075,0.81098,0.81159,0.81098,0.81075,0.81098,0.81159,0.81098,0.81075,0.81098,0.81159,0.81098,0.81075,0.81098,0.81159,0.81098,0.81075,0.81098,0.81159,0.81098,0.81075,0.81098,0.81159,0.81098,0.81075,0.81098,0.81159,0.81098,0.81075,0.81098,0.81159,0.81098,0.81075,0.81098,0.81159,0.81098,0.81075,0.81098,0.81159,0.81098,0.81075,0.81098,0.81159,0.81098,0.81075,0.81098,0.81159,0.81098,0.81075,0.81098,0.81159,0.81098,0.81075,0.81098,0.81159,0.81098,0.81075,0.81098,0.81159,0.81098,0.81075,0.81098,0.81159,0.81098,0.81075,0.81098,0.81159,0.81098,0.81075,0.81098,0.81159,0.81098,0.81075,0.81098,0.81159,0.81098,0.81075,0.81098,0.81159,0.81098,0.81075,0.81098,0.81159,0.81098,0.81075,0.81098,0.81159,0.81098,0.81075,0.81098,0.81159,0.81098,0.81075,0.81098,0.81159,0.81098,0.81075,0.81098,0.81159,0.81098,0.81075,0.81098,0.81159,0.81098,0.81075,0.81098,0.81159,0.81098,0.81075,0.81098,0.81159,0.81098,0.81075,0.81098,0.81159,0.81098,0.81075,0.81098,0.81159,0.81098,0.81075,0.81098,0.81159,0.81098,0.81075,0.81098,0.81159,0.81098,0.81075,0.81098,0.81159,0.81098,0.81075,0.81098,0.81159,0.81098,0.81075,0.81098,0.81159,0.81098,0.81075,0.81098,0.81159,0.81098,0.81075,0.81098,0.81159,0.81098,0.81075,0.81098,0.81159,0.81098,0.81075,0.81098,0.81159,0.81098,0.81075,0.81098,0.81159,0.81098,0.81075,0.81098,0.81159,0.81098,0.81075,0.81098,0.81159,0.81098,0.81075,0.81098,0.81159,0.81098,0.81075,0.81098,0.81159,0.81098,0.81075,0.81098,0.81159,0.81098,0.81075,0.81098,0.81159,0.81098,0.81075,0.81098,0.81159,0.81098,0.81075,0.81098,0.81159,0.81098,0.81075,0.81098,0.81159,0.81098,0.81075,0.81098,0.81159,0.81098,0.81075,0.81098,0.81159,0.81098,0.81075,0.8119,0.81159,0.80907,0.81633,0.80573,0.81159,0.82245,0.78942,0.83261,0.81159,0.76596,0.91917,0.63359
0.77196,0.83142,0.71854,0.79743,0.77196,0.75845,0.78485,0.76515,0.77196,0.77457,0.76891,0.77285,0.77196,0.77138,0.77116,0.77138,0.77196,0.77138,0.77116,0.77138,0.77196,0.77138,0.77116,0.77138,0.77196,0.77138,0.77116,0.77138,0.77196,0.77138,0.77116,0.77138,0.77196,0.77138,0.77116,0.77138,0.77196,0.77138,0.77116,0.77138,0.77196,0.77138,0.77116,0.77138,0.77196,0.77138,0.77116,0.77138,0.77196,0.77138,0.77116,0.77138,0.77196,0.77138,0.77116,0.77138,0.77196,0.77138,0.77116,0.77138,0.77196,0.77138,0.77116,0.77138,0.77196,0.77138,0.77116,0.77138,0.77196,0.77138,0.77116,0.77138,0.77196,0.77138,0.77116,0.77138,0.77196,0.77138,0.77116,0.77138,0.77196,0.77138,0.77116,0.77138,0.77196,0.77138,0.77116,0.77138,0.77196,0.77138,0.77116,0.77138,0.77196,0.77138,0.77116,0.77138,0.77196,0.77138,0.77116,0.77138,0.77196,0.77138,0.77116,0.77138,0.77196,0.77138,0.77116,0.77138,0.77196,0.77138,0.77116,0.77138,0.77196,0.77138,0.77116,0.77138,0.77196,0.77138,0.77116,0.77138,0.77196,0.77138,0.77116,0.77138,0.77196,0.77138,0.77116,0.77138,0.77196,0.77138,0.77116,0.77138,0.77196,0.77138,0.77116,0.77138,0.77196,0.77138,0.77116,0.77138,0.77196,0.77138,0.77116,0.77138,0.77196,0.77138,0.77116,0.77138,0.77196,0.77138,0.77116,0.77138,0.77196,0.77138,0.77116,0.77138,0.77196,0.77138,0.77116,0.77138,0.77196,0.77138,0.77116,0.77138,0.77196,0.77138,0.77116,0.77138,0.77196,0.77138,0.77116,0.77138,0.77196,0.77138,0.77116,0.77138,0.77196,0.77138,0.77116,0.77138,0.77196,0.77138,0.77116,0.77138,0.77196,0.77138,0.77116,0.77138,0.77196,0.77138,0.77116,0.77138,0.77196,0.77138,0.77116,0.77138,0.77196,0.77138,0.77116,0.77138,0.77196,0.77138,0.77116,0.77138,0.77196,0.77138,0.77116,0.77138,0.77196,0.77138,0.77116,0.77138,0.77196,0.77138,0.77116,0.77138,0.77196,0.77138,0.77116,0.77138,0.77196,0.77138,0.77116,0.77138,0.77196,0.77138,0.77116,0.77138,0.77196,0.77138,0.77116,0.77138,0.77196,0.77138,0.77116,0.77138,0.77196,0.77138,0.77116,0.77138,0.77196,0.77138,0.77116,0.77225,0.77196,0.76957,0.77647,0.76639,0.77196,0.78229,0.75087,0.79195,0.77196,0.72855,0.87429,0.60265
0.31229,0.33634,0.29068,0.32259,0.31229,0.30682,0.3175,0.30953,0.31229,0.31335,0.31106,0.31265,0.31229,0.31205,0.31197,0.31205,0.31229,0.31205,0.31197,0.31205,0.31229,0.31205,0.31197,0.31205,0.31229,0.31205,0.31197,0.31205,0.31229,0.31205,0.31197,0.31205,0.31229,0.31205,0.31197,0.31205,0.31229,0.31205,0.31197,0.31205,0.31229,0.31205,0.31197,0.31205,0.31229,0.31205,0.31197,0.31205,0.31229,0.31205,0.31197,0.31205,0.31229,0.31205,0.31197,0.31205,0.31229,0.31205,0.31197,0.31205,0.31229,0.31205,0.31197,0.31205,0.31229,0.31205,0.31197,0.31205,0.31229,0.31205,0.31197,0.31205,0.31229,0.31205,0.31197,0.31205,0.31229,0.31205,0.31197,0.31205,0.31229,0.31205,0.31197,0.31205,0.31229,0.31205,0.31197,0.31205,0.31229,0.31205,0.31197,0.31205,0.31229,0.31205,0.31197,0.31205,0.31229,0.31205,0.31197,0.31205,0.31229,0.31205,0.31197,0.31205,0.31229,0.31205,0.31197,0.31205,0.31229,0.31205,0.31197,0.31205,0.31229,0.31205,0.31197,0.31149,0.31229,0.31323,0.30852,0.3153,0.31229,0.30496,0.32517,0.29867,0.31229,0.33992,0.24486,0.42186,0.81464,0.8531,0.77956,0.83098,0.81464,0.80562,0.82271,0.80997,0.81464,0.8161,0.81234,0.81498,0.81464,0.81403,0.8138,0.81403,0.81464,0.81403,0.8138,0.81403,0.81464,0.81403,0.8138,0.81403,0.81464,0.81403,0.8138,0.81403,0.81464,0.81403,0.8138,0.81403,0.81464,0.81403,0.8138,0.81403,0.81464,0.81403,0.8138,0.81403,0.81464,0.81403,0.8138,0.81403,0.81464,0.81403,0.8138,0.81403,0.81464,0.81403,0.8138,0.81403,0.81464,0.81403,0.8138,0.81403,0.81464,0.81403,0.8138,0.81403,0.81464,0.81403,0.8138,0.81403,0.81464,0.81403,0.8138,0.81403,0.81464,0.81403,0.8138,0.81403,0.81464,0.81403,0.8138,0.81403,0.81464,0.81403,0.8138,0.81403,0.81464,0.81403,0.8138,0.81403,0.81464,0.81403,0.8138,0.81403,0.81464,0.81403,0.8138,0.81403,0.81464,0.81403,0.8138,0.81403,0.81464,0.81403,0.8138,0.81403,0.81464,0.81403,0.8138,0.81403,0.81464,0.81403,0.8138,0.81403,0.81464,0.81403,0.8138,0.81403,0.81464,0.81403,0.8138,0.81495,0.81464,0.81211,0.8194,0.80876,0.81464,0.82554,0.79238,0.83574,0.81464,0.76883,0.92263,0.63597
0.76266,0.8214,0.70988,0.78782,0.76266,0.74931,0.77539,0.75593,0.76266,0.76524,0.75965,0.76353,0.76266,0.76208,0.76187,0.76208,0.76266,0.76208,0.76187,0.76208,0.76266,0.76208,0.76187,0.76208,0.76266,0.76208,0.76187,0.76208,0.76266,0.76208,0.76187,0.76208,0.76266,0.76208,0.76187,0.76208,0.76266,0.76208,0.76187,0.76208,0.76266,0.76208,0.76187,0.76208,0.76266,0.76208,0.76187,0.76208,0.76266,0.76208,0.76187,0.76208,0.76266,0.76208,0.76187,0.76208,0.76266,0.76208,0.76187,0.76208,0.76266,0.76208,0.76187,0.76208,0.76266,0.76208,0.76187,0.76208,0.76266,0.76208,0.76187,0.76208,0.76266,0.76208,0.76187,0.76208,0.76266,0.76208,0.76187,0.76208,0.76266,0.76208,0.76187,0.76208,0.76266,0.76208,0.76187,0.76208,0.76266,0.76208,0.76187,0.76208,0.76266,0.76208,0.76187,0.76208,0.76266,0.76208,0.76187,0.76208,0.76266,0.76208,0.76187,0.76208,0.76266,0.76208,0.76187,0.76208,0.76266,0.76208,0.76187,0.76208,0.76266,0.76208,0.76187,0.76274,0.76266,0.76073,0.76584,0.75835,0.76266,0.77025,0.74668,0.77748,0.76266,0.73003,0.83906,0.63579,0.18487,0.13979,0.22407,0.16523,0.18487,0.19441,0.17443,0.1894,0.18487,0.18234,0.18636,0.18363,0.18487,0.18473,0.18468,0.18473,0.18487,0.18473,0.18468,0.18473,0.18487,0.18473,0.18468,0.18473,0.18487,0.18473,0.18468,0.18473,0.18487,0.18473,0.18468,0.18473,0.18487,0.18473,0.18468,0.18473,0.18487,0.18473,0.18468,0.18473,0.18487,0.18473,0.18468,0.18473,0.18487,0.18473,0.18468,0.18473,0.18487,0.18473,0.18468,0.18473,0.18487,0.18473,0.18468,0.18473,0.18487,0.18473,0.18468,0.18473,0.18487,0.18473,0.18468,0.18473,0.18487,0.18473,0.18468,0.18473,0.18487,0.18473,0.18468,0.18473,0.18487,0.18473,0.18468,0.18473,0.18487,0.18473,0.18468,0.18473,0.18487,0.18473,0.18468,0.18473,0.18487,0.18473,0.18468,0.18473,0.18487,0.18473,0.18468,0.18473,0.18487,0.18473,0.18468,0.18473,0.18487,0.18473,0.18468,0.18473,0.18487,0.18473,0.18468,0.18473,0.18487,0.18473,0.18468,0.18473,0.18487,0.18473,0.18468,0.18473,0.18487,0.18473,0.18468,0.18494,0.18487,0.1843,0.18595,0.18354,0.18487,0.18734,0.17982,0.18966,0.18487,0.17448,0.20938,0.14432
0.58054,0.62525,0.54036,0.59969,0.58054,0.57038,0.59023,0.57541,0.58054,0.5825,0.57824,0.5812,0.58054,0.5801,0.57994,0.5801,0.58054,0.5801,0.57994,0.5801,0.58054,0.5801,0.57994,0.5801,0.58054,0.5801,0.57994,0.5801,0.58054,0.5801,0.57994,0.5801,0.58054,0.5801,0.57994,0.5801,0.58054,0.5801,0.57994,0.5801,0.58054,0.5801,0.57994,0.5801,0.58054,0.5801,0.57994,0.5801,0.58054,0.5801,0.57994,0.5801,0.58054,0.5801,0.57994,0.5801,0.58054,0.5801,0.57994,0.5801,0.58054,0.5801,0.57994,0.5801,0.58054,0.5801,0.57994,0.5801,0.58054,0.5801,0.57994,0.5801,0.58054,0.5801,0.57994,0.5801,0.58054,0.5801,0.57994,0.5801,0.58054,0.5801,0.57994,0.5801,0.58054,0.5801,0.57994,0.5801,0.58054,0.5801,0.57994,0.5801,0.58054,0.5801,0.57994,0.5801,0.58054,0.5801,0.57994,0.5801,0.58054,0.5801,0.57994,0.5801,0.58054,0.5801,0.57994,0.5801,0.58054,0.5801,0.57994,0.5801,0.58054,0.5801,0.57994,0.5798,0.58054,0.58072,0.57811,0.58181,0.58054,0.57635,0.58691,0.57303,0.58054,0.5948,0.54452,0.63804,0.84563,0.86561,0.82669,0.85394,0.84563,0.84055,0.84946,0.84285,0.84563,0.84609,0.84398,0.8455,0.84563,0.84499,0.84476,0.84499,0.84563,0.84499,0.84476,0.84499,0.84563,0.84499,0.84476,0.84499,0.84563,0.84499,0.84476,0.84499,0.84563,0.84499,0.84476,0.84499,0.84563,0.84499,0.84476,0.84499,0.84563,0.84499,0.84476,0.84499,0.84563,0.84499,0.84476,0.84499,0.84563,0.84499,0.84476,0.84499,0.84563,0.84499,0.84476,0.84499,0.84563,0.84499,0.84476,0.84499,0.84563,0.84499,0.84476,0.84499,0.84563,0.84499,0.84476,0.84499,0.84563,0.84499,0.84476,0.84499,0.84563,0.84499,0.84476,0.84499,0.84563,0.84499,0.84476,0.84499,0.84563,0.84499,0.84476,0.84499,0.84563,0.84499,0.84476,0.84499,0.84563,0.84499,0.84476,0.84499,0.84563,0.84499,0.84476,0.84499,0.84563,0.84499,0.84476,0.84499,0.84563,0.84499,0.84476,0.84499,0.84563,0.84499,0.84476,0.84499,0.84563,0.84499,0.84476,0.84499,0.84563,0.84499,0.84476,0.84499,0.84563,0.84499,0.84476,0.84595,0.84563,0.84301,0.85057,0.83953,0.84563,0.85694,0.82252,0.86753,0.84563,0.79808,0.95772,0.66016
0.84382,0.90882,0.78543,0.87166,0.84382,0.82905,0.85791,0.83637,0.84382,0.84667,0.84049,0.84479,0.84382,0.84318,0.84295,0.84318,0.84382,0.84318,0.84295,0.84318,0.84382,0.84318,0.84295,0.84318,0.84382,0.84318,0.84295,0.84318,0.84382,0.84318,0.84295,0.84318,0.84382,0.84318,0.84295,0.84318,0.84382,0.84318,0.84295,0.84318,0.84382,0.84318,0.84295,0.84318,0.84382,0.84318,0.84295,0.84318,0.84382,0.84318,0.84295,0.84318,0.84382,0.84318,0.84295,0.84318,0.84382,0.84318,0.84295,0.84318,0.84382,0.84318,0.84295,0.84318,0.84382,0.84318,0.84295,0.84318,0.84382,0.84318,0.84295,0.84318,0.84382,0.84318,0.84295,0.84318,0.84382,0.84318,0.84295,0.84318,0.84382,0.84318,0.84295,0.84318,0.84382,0.84318,0.84295,0.84318,0.84382,0.84318,0.84295,0.84318,0.84382,0.84318,0.84295,0.84318,0.84382,0.84318,0.84295,0.84318,0.84382,0.84318,0.84295,0.84318,0.84382,0.84318,0.84295,0.84318,0.84382,0.84318,0.84295,0.84318,0.84382,0.84318,0.84295,0.84318,0.84382,0.84318,0.84295,0.84318,0.84382,0.84318,0.84295,0.84318,0.84382,0.84318,0.84295,0.84318,0.84382,0.84318,0.84295,0.84318,0.84382,0.84318,0.84295,0.84318,0.84382,0.84318,0.84295,0.84318,0.84382,0.84318,0.84295,0.84318,0.84382,0.84318,0.84295,0.84318,0.84382,0.84318,0.84295,0.84318,0.84382,0.84318,0.84295,0.84318,0.84382,0.84318,0.84295,0.84318,0.84382,0.84318,0.84295,0.84318,0.84382,0.84318,0.84295,0.84318,0.84382,0.84318,0.84295,0.84318,0.84382,0.84318,0.84295,0.84318,0.84382,0.84318,0.84295,0.84318,0.84382,0.84318,0.84295,0.84318,0.84382,0.84318,0.84295,0.84318,0.84382,0.84318,0.84295,0.84318,0.84382,0.84318,0.84295,0.84318,0.84382,0.84318,0.84295,0.84318,0.84382,0.84318,0.84295,0.84318,0.84382,0.84318,0.84295,0.84318,0.84382,0.84318,0.84295,0.84318,0.84382,0.84318,0.84295,0.84318,0.84382,0.84318,0.84295,0.84318,0.84382,0.84318,0.84295,0.84318,0.84382,0.84318,0.84295,0.84318,0.84382,0.84318,0.84295,0.84318,0.84382,0.84318,0.84295,0.84318,0.84382,0.84318,0.84295,0.84318,0.84382,0.84318,0.84295,0.84414,0.84382,0.8412,0.84875,0.83773,0.84382,0.85511,0.82076,0.86567,0.84382,0.79637,0.95568,0.65875
0.38015,0.40943,0.35384,0.39269,0.38015,0.3735,0.3865,0.37679,0.38015,0.38143,0.37865,0.38058,0.38015,0.37986,0.37975,0.37986,0.38015,0.37986,0.37975,0.37986,0.38015,0.37986,0.37975,0.37986,0.38015,0.37986,0.37975,0.37986,0.38015,0.37986,0.37975,0.37986,0.38015,0.37986,0.37975,0.37986,0.38015,0.37986,0.37975,0.37986,0.38015,0.37986,0.37975,0.37986,0.38015,0.37986,0.37975,0.37986,0.38015,0.37986,0.37975,0.37986,0.38015,0.37986,0.37975,0.37986,0.38015,0.37986,0.37975,0.37986,0.38015,0.37986,0.37975,0.37986,0.38015,0.37986,0.37975,0.37986,0.38015,0.37986,0.37975,0.37986,0.38015,0.37986,0.37975,0.37986,0.38015,0.37986,0.37975,0.37986,0.38015,0.37986,0.37975,0.37986,0.38015,0.37986,0.37975,0.37986,0.38015,0.37986,0.37975,0.37986,0.38015,0.37986,0.37975,0.37986,0.38015,0.37986,0.37975,0.37986,0.38015,0.37986,0.37975,0.37986,0.38015,0.37986,0.37975,0.37986,0.38015,0.37986,0.37975,0.37986,0.38015,0.37986,0.37975,0.37945,0.38015,0.38071,0.37726,0.38221,0.38015,0.37473,0.3893,0.37019,0.38015,0.4,0.33126,0.45921,0.74317,0.77085,0.71766,0.75486,0.74317,0.73653,0.74884,0.73968,0.74317,0.74411,0.74134,0.7433,0.74317,0.74261,0.7424,0.74261,0.74317,0.74261,0.7424,0.74261,0.74317,0.74261,0.7424,0.74261,0.74317,0.74261,0.7424,0.74261,0.74317,0.74261,0.7424,0.74261,0.74317,0.74261,0.7424,0.74261,0.74317,0.74261,0.7424,0.74261,0.74317,0.74261,0.7424,0.74261,0.74317,0.74261,0.7424,0.74261,0.74317,0.74261,0.7424,0.74261,0.74317,0.74261,0.7424,0.74261,0.74317,0.74261,0.7424,0.74261,0.74317,0.74261,0.7424,0.74261,0.74317,0.74261,0.7424,0.74261,0.74317,0.74261,0.7424,0.74261,0.74317,0.74261,0.7424,0.74261,0.74317,0.74261,0.7424,0.74261,0.74317,0.74261,0.7424,0.74261,0.74317,0.74261,0.7424,0.74261,0.74317,0.74261,0.7424,0.74261,0.74317,0.74261,0.7424,0.74261,0.74317,0.74261,0.7424,0.74261,0.74317,0.74261,0.7424,0.74261,0.74317,0.74261,0.7424,0.74261,0.74317,0.74261,0.7424,0.74261,0.74317,0.74261,0.7424,0.74345,0.74317,0.74086,0.74751,0.73781,0.74317,0.75311,0.72286,0.76242,0.74317,0.70138,0.84168,0.58017
0.81114,0.87362,0.75501,0.83791,0.81114,0.79695,0.82469,0.80398,0.81114,0.81388,0.80794,0.81207,0.81114,0.81053,0.8103,0.81053,0.81114,0.81053,0.8103,0.81053,0.81114,0.81053,0.8103,0.81053,0.81114,0.81053,0.8103,0.81053,0.81114,0.81053,0.8103,0.81053,0.81114,0.81053,0.8103,0.81053,0.81114,0.81053,0.8103,0.81053,0.81114,0.81053,0.8103,0.81053,0.81114,0.81053,0.8103,0.81053,0.81114,0.81053,0.8103,0.81053,0.81114,0.81053,0.8103,0.81053,0.81114,0.81053,0.8103,0.81053,0.81114,0.81053,0.8103,0.81053,0.81114,0.81053,0.8103,0.81053,0.81114,0.81053,0.8103,0.81053,0.81114,0.81053,0.8103,0.81053,0.81114,0.81053,0.8103,0.81053,0.81114,0.81053,0.8103,0.81053,0.81114,0.81053,0.8103,0.81053,0.81114,0.81053,0.8103,0.81053,0.81114,0.81053,0.8103,0.81053,0.81114,0.81053,0.8103,0.81053,0.81114,0.81053,0.8103,0.81053,0.81114,0.81053,0.8103,0.81053,0.81114,0.81053,0.8103,0.81053,0.81114,0.81053,0.8103,0.81053,0.81114,0.81053,0.8103,0.81053,0.81114,0.81053,0.8103,0.81053,0.81114,0.81053,0.8103,0.81053,0.81114,0.81053,0.8103,0.81053,0.81114,0.81053,0.8103,0.81053,0.81114,0.81053,0.8103,0.81053,0.81114,0.81053,0.8103,0.81053,0.81114,0.81053,0.8103,0.81053,0.81114,0.81053,0.8103,0.81053,0.81114,0.81053,0.8103,0.81053,0.81114,0.81053,0.8103,0.81053,0.81114,0.81053,0.8103,0.81053,0.81114,0.81053,0.8103,0.81053,0.81114,0.81053,0.8103,0.81053,0.81114,0.81053,0.8103,0.81053,0.81114,0.81053,0.8103,0.81053,0.81114,0.81053,0.8103,0.81053,0.81114,0.81053,0.8103,0.81053,0.81114,0.81053,0.8103,0.81053,0.81114,0.81053,0.8103,0.81053,0.81114,0.81053,0.8103,0.81053,0.81114,0.81053,0.8103,0.81053,0.81114,0.81053,0.8103,0.81053,0.81114,0.81053,0.8103,0.81053,0.81114,0.81053,0.8103,0.81053,0.81114,0.81053,0.8103,0.81053,0.81114,0.81053,0.8103,0.81053,0.81114,0.81053,0.8103,0.81053,0.81114,0.81053,0.8103,0.81053,0.81114,0.81053,0.8103,0.81053,0.81114,0.81053,0.8103,0.81053,0.81114,0.81053,0.8103,0.81145,0.81114,0.80862,0.81588,0.80529,0.81114,0.82199,0.78898,0.83215,0.81114,0.76553,0.91866,0.63323
0.80111,0.86282,0.74568,0.82755,0.80111,0.78709,0.81449,0.79404,0.80111,0.80382,0.79795,0.80203,0.80111,0.80051,0.80029,0.80051,0.80111,0.80051,0.80029,0.80051,0.80111,0.80051,0.80029,0.80051,0.80111,0.80051,0.80029,0.80051,0.80111,0.80051,0.80029,0.80051,0.80111,0.80051,0.80029,0.80051,0.80111,0.80051,0.80029,0.80051,0.80111,0.80051,0.80029,0.80051,0.80111,0.80051,0.80029,0.80051,0.80111,0.80051,0.80029,0.80051,0.80111,0.80051,0.80029,0.80051,0.80111,0.80051,0.80029,0.80051,0.80111,0.80051,0.80029,0.80051,0.80111,0.80051,0.80029,0.80051,0.80111,0.80051,0.80029,0.80051,0.80111,0.80051,0.80029,0.80051,0.80111,0.80051,0.80029,0.80051,0.80111,0.80051,0.80029,0.80051,0.80111,0.80051,0.80029,0.80051,0.80111,0.80051,0.80029,0.80051,0.80111,0.80051,0.80029,0.80051,0.80111,0.80051,0.80029,0.80051,0.80111,0.80051,0.80029,0.80051,0.80111,0.80051,0.80029,0.80051,0.80111,0.80051,0.80029,0.80051,0.80111,0.80051,0.80029,0.80075,0.80111,0.80002,0.80172,0.79916,0.80111,0.80345,0.79481,0.80606,0.80111,0.78896,0.8281,0.755,0.59289,0.57625,0.60647,0.58542,0.59289,0.59593,0.58859,0.59413,0.59289,0.59158,0.59289,0.59205,0.59289,0.59245,0.59228,0.59245,0.59289,0.59245,0.59228,0.59245,0.59289,0.59245,0.59228,0.59245,0.59289,0.59245,0.59228,0.59245,0.59289,0.59245,0.59228,0.59245,0.59289,0.59245,0.59228,0.59245,0.59289,0.59245,0.59228,0.59245,0.59289,0.59245,0.59228,0.59245,0.59289,0.59245,0.59228,0.59245,0.59289,0.59245,0.59228,0.59245,0.59289,0.59245,0.59228,0.59245,0.59289,0.59245,0.59228,0.59245,0.59289,0.59245,0.59228,0.59245,0.59289,0.59245,0.59228,0.59245,0.59289,0.59245,0.59228,0.59245,0.59289,0.59245,0.59228,0.59245,0.59289,0.59245,0.59228,0.59245,0.59289,0.59245,0.59228,0.59245,0.59289,0.59245,0.59228,0.59245,0.59289,0.59245,0.59228,0.59245,0.59289,0.59245,0.59228,0.59245,0.59289,0.59245,0.59228,0.59245,0.59289,0.59245,0.59228,0.59245,0.59289,0.59245,0.59228,0.59245,0.59289,0.59245,0.59228,0.59245,0.59289,0.59245,0.59228,0.59311,0.59289,0.59105,0.59635,0.58861,0.59289,0.60082,0.57669,0.60825,0.59289,0.55955,0.67148,0.46285
0.8379,0.90244,0.77992,0.86555,0.8379,0.82323,0.85189,0.8305,0.8379,0.84073,0.83459,0.83886,0.8379,0.83727,0.83703,0.83727,0.8379,0.83727,0.83703,0.83727,0.8379,0.83727,0.83703,0.83727,0.8379,0.83727,0.83703,0.83727,0.8379,0.83727,0.83703,0.83727,0.8379,0.83727,0.83703,0.83727,0.8379,0.83727,0.83703,0.83727,0.8379,0.83727,0.83703,0.83727,0.8379,0.83727,0.83703,0.83727,0.8379,0.83727,0.83703,0.83727,0.8379,0.83727,0.83703,0.83727,0.8379,0.83727,0.83703,0.83727,0.8379,0.83727,0.83703,0.83727,0.8379,0.83727,0.83703,0.83727,0.8379,0.83727,0.83703,0.83727,0.8379,0.83727,0.83703,0.83727,0.8379,0.83727,0.83703,0.83727,0.8379,0.83727,0.83703,0.83727,0.8379,0.83727,0.83703,0.83727,0.8379,0.83727,0.83703,0.83727,0.8379,0.83727,0.83703,0.83727,0.8379,0.83727,0.83703,0.83727,0.8379,0.83727,0.83703,0.83727,0.8379,0.83727,0.83703,0.83727,0.8379,0.83727,0.83703,0.83727,0.8379,0.83727,0.83703,0.83727,0.8379,0.83727,0.83703,0.83727,0.8379,0.83727,0.83703,0.83727,0.8379,0.83727,0.83703,0.83727,0.8379,0.83727,0.83703,0.83727,0.8379,0.83727,0.83703,0.83727,0.8379,0.83727,0.83703,0.83727,0.8379,0.83727,0.83703,0.83727,0.8379,0.83727,0.83703,0.83727,0.8379,0.83727,0.83703,0.83727,0.8379,0.83727,0.83703,0.83727,0.8379,0.83727,0.83703,0.83727,0.8379,0.83727,0.83703,0.83727,0.8379,0.83727,0.83703,0.83727,0.8379,0.83727,0.83703,0.83727,0.8379,0.83727,0.83703,0.83727,0.8379,0.83727,0.83703,0.83727,0.8379,0.83727,0.83703,0.83727,0.8379,0.83727,0.83703,0.83727,0.8379,0.83727,0.83703,0.83727,0.8379,0.83727,0.83703,0.83727,0.8379,0.83727,0.83703,0.83727,0.8379,0.83727,0.83703,0.83727,0.8379,0.83727,0.83703,0.83727,0.8379,0.83727,0.83703,0.83727,0.8379,0.83727,0.83703,0.83727,0.8379,0.83727,0.83703,0.83727,0.8379,0.83727,0.83703,0.83727,0.8379,0.83727,0.83703,0.83727,0.8379,0.83727,0.83703,0.83727,0.8379,0.83727,0.83703,0.83727,0.8379,0.83727,0.83703,0.83727,0.8379,0.83727,0.83703,0.83821,0.8379,0.8353,0.84279,0.83185,0.8379,0.84911,0.815,0.8596,0.8379,0.79078,0.94897,0.65412
0.7807,0.84083,0.72667,0.80646,0.7807,0.76704,0.79373,0.77381,0.7807,0.78334,0.77762,0.78159,0.7807,0.78011,0.77989,0.78011,0.7807,0.78011,0.77989,0.78011,0.7807,0.78011,0.77989,0.78011,0.7807,0.78011,0.77989,0.78011,0.7807,0.78011,0.77989,0.78011,0.7807,0.78011,0.77989,0.78011,0.7807,0.78011,0.77989,0.78011,0.7807,0.78011,0.77989,0.78011,0.7807,0.78011,0.77989,0.78011,0.7807,0.78011,0.77989,0.78011,0.7807,0.78011,0.77989,0.78011,0.7807,0.78011,0.77989,0.78011,0.7807,0.78011,0.77989,0.78011,0.7807,0.78011,0.77989,0.78011,0.7807,0.78011,0.77989,0.78011,0.7807,0.78011,0.77989,0.78011,0.7807,0.78011,0.77989,0.78011,0.7807,0.78011,0.77989,0.78011,0.7807,0.78011,0.77989,0.78011,0.7807,0.78011,0.77989,0.78011,0.7807,0.78011,0.77989,0.78011,0.7807,0.78011,0.77989,0.78011,0.7807,0.78011,0.77989,0.78011,0.7807,0.78011,0.77989,0.78011,0.7807,0.78011,0.77989,0.78011,0.7807,0.78011,0.77989,0.78011,0.7807,0.78011,0.77989,0.78011,0.7807,0.78011,0.77989,0.78011,0.7807,0.78011,0.77989,0.78011,0.7807,0.78011,0.77989,0.78011,0.7807,0.78011,0.77989,0.78011,0.7807,0.78011,0.77989,0.78011,0.7807,0.78011,0.77989,0.78011,0.7807,0.78011,0.77989,0.78011,0.7807,0.78011,0.77989,0.78011,0.7807,0.78011,0.77989,0.78011,0.7807,0.78011,0.77989,0.78011,0.7807,0.78011,0.77989,0.78011,0.7807,0.78011,0.77989,0.78011,0.7807,0.78011,0.77989,0.78011,0.7807,0.78011,0.77989,0.78011,0.7807,0.78011,0.77989,0.78011,0.7807,0.78011,0.77989,0.78011,0.7807,0.78011,0.77989,0.78011,0.7807,0.78011,0.77989,0.78011,0.7807,0.78011,0.77989,0.78011,0.7807,0.78011,0.77989,0.78011,0.7807,0.78011,0.77989,0.78011,0.7807,0.78011,0.77989,0.78011,0.7807,0.78011,0.77989,0.78011,0.7807,0.78011,0.77989,0.78011,0.7807,0.78011,0.77989,0.78011,0.7807,0.78011,0.77989,0.78011,0.7807,0.78011,0.77989,0.78011,0.7807,0.78011,0.77989,0.78011,0.7807,0.78011,0.77989,0.78011,0.7807,0.78011,0.77989,0.78011,0.7807,0.78011,0.77989,0.78099,0.7807,0.77828,0.78526,0.77506,0.7807,0.79114,0.75937,0.80091,0.7807,0.7368,0.88419,0.60947
0.82585,0.88946,0.7687,0.8531,0.82585,0.8114,0.83964,0.81856,0.82585,0.82864,0.82259,0.82679,0.82585,0.82522,0.82499,0.82522,0.82585,0.82522,0.82499,0.82522,0.82585,0.82522,0.82499,0.82522,0.82585,0.82522,0.82499,0.82522,0.82585,0.82522,0.82499,0.82522,0.82585,0.82522,0.82499,0.82522,0.82585,0.82522,0.82499,0.82522,0.82585,0.82522,0.82499,0.82522,0.82585,0.82522,0.82499,0.82522,0.82585,0.82522,0.82499,0.82522,0.82585,0.82522,0.82499,0.82522,0.82585,0.82522,0.82499,0.82522,0.82585,0.82522,0.82499,0.82522,0.82585,0.82522,0.82499,0.82522,0.82585,0.82522,0.82499,0.82522,0.82585,0.82522,0.82499,0.82522,0.82585,0.82522,0.82499,0.82522,0.82585,0.82522,0.82499,0.82522,0.82585,0.82522,0.82499,0.82522,0.82585,0.82522,0.82499,0.82522,0.82585,0.82522,0.82499,0.82522,0.82585,0.82522,0.82499,0.82522,0.82585,0.82522,0.82499,0.82522,0.82585,0.82522,0.82499,0.82522,0.82585,0.82522,0.82499,0.82522,0.82585,0.82522,0.82499,0.82522,0.82585,0.82522,0.82499,0.82522,0.82585,0.82522,0.82499,0.82522,0.82585,0.82522,0.82499,0.82522,0.82585,0.82522,0.82499,0.82522,0.82585,0.82522,0.82499,0.82522,0.82585,0.82522,0.82499,0.82522,0.82585,0.82522,0.82499,0.82522,0.82585,0.82522,0.82499,0.82522,0.82585,0.82522,0.82499,0.82522,0.82585,0.82522,0.82499,0.82522,0.82585,0.82522,0.82499,0.82522,0.82585,0.82522,0.82499,0.82522,0.82585,0.82522,0.82499,0.82522,0.82585,0.82522,0.82499,0.82522,0.82585,0.82522,0.82499,0.82522,0.82585,0.82522,0.82499,0.82522,0.82585,0.82522,0.82499,0.82522,0.82585,0.82522,0.82499,0.82522,0.82585,0.82522,0.82499,0.82522,0.82585,0.82522,0.82499,0.82522,0.82585,0.82522,0.82499,0.82522,0.82585,0.82522,0.82499,0.82522,0.82585,0.82522,0.82499,0.82522,0.82585,0.82522,0.82499,0.82522,0.82585,0.82522,0.82499,0.82522,0.82585,0.82522,0.82499,0.82522,0.82585,0.82522,0.82499,0.82522,0.82585,0.82522,0.82499,0.82522,0.82585,0.82522,0.82499,0.82522,0.82585,0.82522,0.82499,0.82522,0.82585,0.82522,0.82499,0.82522,0.82585,0.82522,0.82499,0.82616,0.82585,0.82328,0.83067,0.81989,0.82585,0.8369,0.80328,0.84723,0.82585,0.77941,0.93532,0.64471
0.7811,0.84126,0.72704,0.80687,0.7811,0.76743,0.79414,0.7742,0.7811,0.78374,0.77801,0.78199,0.7811,0.78051,0.78029,0.78051,0.7811,0.78051,0.78029,0.78051,0.7811,0.78051,0.78029,0.78051,0.7811,0.78051,0.78029,0.78051,0.7811,0.78051,0.78029,0.78051,0.7811,0.78051,0.78029,0.78051,0.7811,0.78051,0.78029,0.78051,0.7811,0.78051,0.78029,0.78051,0.7811,0.78051,0.78029,0.78051,0.7811,0.78051,0.78029,0.78051,0.7811,0.78051,0.78029,0.78051,0.7811,0.78051,0.78029,0.78051,0.7811,0.78051,0.78029,0.78051,0.7811,0.78051,0.78029,0.78051,0.7811,0.78051,0.78029,0.78051,0.7811,0.78051,0.78029,0.78051,0.7811,0.78051,0.78029,0.78051,0.7811,0.78051,0.78029,0.78051,0.7811,0.78051,0.78029,0.78051,0.7811,0.78051,0.78029,0.78051,0.7811,0.78051,0.78029,0.78051,0.7811,0.78051,0.78029,0.78051,0.7811,0.78051,0.78029,0.78051,0.7811,0.78051,0.78029,0.78051,0.7811,0.78051,0.78029,0.78051,0.7811,0.78051,0.78029,0.78051,0.7811,0.78051,0.78029,0.78051,0.7811,0.78051,0.78029,0.78051,0.7811,0.78051,0.78029,0.78051,0.7811,0.78051,0.78029,0.78051,0.7811,0.78051,0.78029,0.78051,0.7811,0.78051,0.78029,0.78051,0.7811,0.78051,0.78029,0.78051,0.7811,0.78051,0.78029,0.78051,0.7811,0.78051,0.78029,0.78051,0.7811,0.78051,0.78029,0.78051,0.7811,0.78051,0.78029,0.78051,0.7811,0.78051,0.78029,0.78051,0.7811,0.78051,0.78029,0.78051,0.7811,0.78051,0.78029,0.78051,0.7811,0.78051,0.78029,0.78051,0.7811,0.78051,0.78029,0.78051,0.7811,0.78051,0.78029,0.78051,0.7811,0.78051,0.78029,0.78051,0.7811,0.78051,0.78029,0.78051,0.7811,0.78051,0.78029,0.78051,0.7811,0.78051,0.78029,0.78051,0.7811,0.78051,0.78029,0.78051,0.7811,0.78051,0.78029,0.78051,0.7811,0.78051,0.78029,0.78051,0.7811,0.78051,0.78029,0.78051,0.7811,0.78051,0.78029,0.78051,0.7811,0.78051,0.78029,0.78051,0.7811,0.78051,0.78029,0.78051,0.7811,0.78051,0.78029,0.78051,0.7811,0.78051,0.78029,0.78051,0.7811,0.78051,0.78029,0.78051,0.7811,0.78051,0.78029,0.78139,0.7811,0.77867,0.78566,0.77546,0.7811,0.79155,0.75975,0.80132,0.7811,0.73717,0.88464,0.60978
0.37079,0.39935,0.34513,0.38303,0.37079,0.3643,0.37698,0.36752,0.37079,0.37204,0.36933,0.37122,0.37079,0.37051,0.37041,0.37051,0.37079,0.37051,0.37041,0.37051,0.37079,0.37051,0.37041,0.37051,0.37079,0.37051,0.37041,0.37051,0.37079,0.37051,0.37041,0.37051,0.37079,0.37051,0.37041,0.37051,0.37079,0.37051,0.37041,0.37051,0.37079,0.37051,0.37041,0.37051,0.37079,0.37051,0.37041,0.37051,0.37079,0.37051,0.37041,0.37051,0.37079,0.37051,0.37041,0.37051,0.37079,0.37051,0.37041,0.37051,0.37079,0.37051,0.37041,0.37051,0.37079,0.37051,0.37041,0.37051,0.37079,0.37051,0.37041,0.37051,0.37079,0.37051,0.37041,0.37051,0.37079,0.37051,0.37041,0.37051,0.37079,0.37051,0.37041,0.37051,0.37079,0.37051,0.37041,0.37051,0.37079,0.37051,0.37041,0.37051,0.37079,0.37051,0.37041,0.37051,0.37079,0.37051,0.37041,0.37051,0.37079,0.37051,0.37041,0.37051,0.37079,0.37051,0.37041,0.37051,0.37079,0.37051,0.37041,0.37051,0.37079,0.37051,0.37041,0.37007,0.37079,0.37143,0.36774,0.37303,0.37079,0.36501,0.38064,0.36014,0.37079,0.39209,0.31844,0.45554,0.75982,0.78951,0.73252,0.77238,0.75982,0.75273,0.76593,0.75611,0.75982,0.76086,0.7579,0.75999,0.75982,0.75925,0.75904,0.75925,0.75982,0.75925,0.75904,0.75925,0.75982,0.75925,0.75904,0.75925,0.75982,0.75925,0.75904,0.75925,0.75982,0.75925,0.75904,0.75925,0.75982,0.75925,0.75904,0.75925,0.75982,0.75925,0.75904,0.75925,0.75982,0.75925,0.75904,0.75925,0.75982,0.75925,0.75904,0.75925,0.75982,0.75925,0.75904,0.75925,0.75982,0.75925,0.75904,0.75925,0.75982,0.75925,0.75904,0.75925,0.75982,0.75925,0.75904,0.75925,0.75982,0.75925,0.75904,0.75925,0.75982,0.75925,0.75904,0.75925,0.75982,0.75925,0.75904,0.75925,0.75982,0.75925,0.75904,0.75925,0.75982,0.75925,0.75904,0.75925,0.75982,0.75925,0.75904,0.75925,0.75982,0.75925,0.75904,0.75925,0.75982,0.75925,0.75904,0.75925,0.75982,0.75925,0.75904,0.75925,0.75982,0.75925,0.75904,0.75925,0.75982,0.75925,0.75904,0.75925,0.75982,0.75925,0.75904,0.75925,0.75982,0.75925,0.75904,0.76011,0.75982,0.75746,0.76426,0.75434,0.75982,0.76999,0.73906,0.7795,0.75982,0.7171,0.86054,0.59317
0.56403,0.60748,0.525,0.58264,0.56403,0.55416,0.57345,0.55905,0.56403,0.56594,0.56181,0.56468,0.56403,0.56361,0.56345,0.56361,0.56403,0.56361,0.56345,0.56361,0.56403,0.56361,0.56345,0.56361,0.56403,0.56361,0.56345,0.56361,0.56403,0.56361,0.56345,0.56361,0.56403,0.56361,0.56345,0.56361,0.56403,0.56361,0.56345,0.56361,0.56403,0.56361,0.56345,0.56361,0.56403,0.56361,0.56345,0.56361,0.56403,0.56361,0.56345,0.56361,0.56403,0.56361,0.56345,0.56361,0.56403,0.56361,0.56345,0.56361,0.56403,0.56361,0.56345,0.56361,0.56403,0.56361,0.56345,0.56361,0.56403,0.56361,0.56345,0.56361,0.56403,0.56361,0.56345,0.56361,0.56403,0.56361,0.56345,0.56361,0.56403,0.56361,0.56345,0.56361,0.56403,0.56361,0.56345,0.56361,0.56403,0.56361,0.56345,0.56361,0.56403,0.56361,0.56345,0.56361,0.56403,0.56361,0.56345,0.56361,0.56403,0.56361,0.56345,0.56361,0.56403,0.56361,0.56345,0.56361,0.56403,0.56361,0.56345,0.56361,0.56403,0.56361,0.56345,0.56331,0.56403,0.56422,0.56165,0.5653,0.56403,0.5599,0.57035,0.55662,0.56403,0.57816,0.52841,0.62094,0.82632,0.8461,0.80759,0.83455,0.82632,0.82131,0.83012,0.82358,0.82632,0.82678,0.8247,0.8262,0.82632,0.8257,0.82547,0.8257,0.82632,0.8257,0.82547,0.8257,0.82632,0.8257,0.82547,0.8257,0.82632,0.8257,0.82547,0.8257,0.82632,0.8257,0.82547,0.8257,0.82632,0.8257,0.82547,0.8257,0.82632,0.8257,0.82547,0.8257,0.82632,0.8257,0.82547,0.8257,0.82632,0.8257,0.82547,0.8257,0.82632,0.8257,0.82547,0.8257,0.82632,0.8257,0.82547,0.8257,0.82632,0.8257,0.82547,0.8257,0.82632,0.8257,0.82547,0.8257,0.82632,0.8257,0.82547,0.8257,0.82632,0.8257,0.82547,0.8257,0.82632,0.8257,0.82547,0.8257,0.82632,0.8257,0.82547,0.8257,0.82632,0.8257,0.82547,0.8257,0.82632,0.8257,0.82547,0.8257,0.82632,0.8257,0.82547,0.8257,0.82632,0.8257,0.82547,0.8257,0.82632,0.8257,0.82547,0.8257,0.82632,0.8257,0.82547,0.8257,0.82632,0.8257,0.82547,0.8257,0.82632,0.8257,0.82547,0.8257,0.82632,0.8257,0.82547,0.82663,0.82632,0.82376,0.83115,0.82036,0.82632,0.83738,0.80374,0.84772,0.82632,0.77986,0.93586,0.64509
0.82247,0.88582,0.76556,0.84961,0.82247,0.80808,0.83621,0.81521,0.82247,0.82525,0.81923,0.82341,0.82247,0.82185,0.82162,0.82185,0.82247,0.82185,0.82162,0.82185,0.82247,0.82185,0.82162,0.82185,0.82247,0.82185,0.82162,0.82185,0.82247,0.82185,0.82162,0.82185,0.82247,0.82185,0.82162,0.82185,0.82247,0.82185,0.82162,0.82185,0.82247,0.82185,0.82162,0.82185,0.82247,0.82185,0.82162,0.82185,0.82247,0.82185,0.82162,0.82185,0.82247,0.82185,0.82162,0.82185,0.82247,0.82185,0.82162,0.82185,0.82247,0.82185,0.82162,0.82185,0.82247,0.82185,0.82162,0.82185,0.82247,0.82185,0.82162,0.82185,0.82247,0.82185,0.82162,0.82185,0.82247,0.82185,0.82162,0.82185,0.82247,0.82185,0.82162,0.82185,0.82247,0.82185,0.82162,0.82185,0.82247,0.82185,0.82162,0.82185,0.82247,0.82185,0.82162,0.82185,0.82247,0.82185,0.82162,0.82185,0.82247,0.82185,0.82162,0.82185,0.82247,0.82185,0.82162,0.82185,0.82247,0.82185,0.82162,0.82185,0.82247,0.82185,0.82162,0.82185,0.82247,0.82185,0.82162,0.82185,0.82247,0.82185,0.82162,0.82185,0.82247,0.82185,0.82162,0.82185,0.82247,0.82185,0.82162,0.82185,0.82247,0.82185,0.82162,0.82185,0.82247,0.82185,0.82162,0.82185,0.82247,0.82185,0.82162,0.82185,0.82247,0.82185,0.82162,0.82185,0.82247,0.82185,0.82162,0.82185,0.82247,0.82185,0.82162,0.82185,0.82247,0.82185,0.82162,0.82185,0.82247,0.82185,0.82162,0.82185,0.82247,0.82185,0.82162,0.82185,0.82247,0.82185,0.82162,0.82185,0.82247,0.82185,0.82162,0.82185,0.82247,0.82185,0.82162,0.82185,0.82247,0.82185,0.82162,0.82185,0.82247,0.82185,0.82162,0.82185,0.82247,0.82185,0.82162,0.82185,0.82247,0.82185,0.82162,0.82185,0.82247,0.82185,0.82162,0.82185,0.82247,0.82185,0.82162,0.82185,0.82247,0.82185,0.82162,0.82185,0.82247,0.82185,0.82162,0.82185,0.82247,0.82185,0.82162,0.82185,0.82247,0.82185,0.82162,0.82185,0.82247,0.82185,0.82162,0.82185,0.82247,0.82185,0.82162,0.82185,0.82247,0.82185,0.82162,0.82185,0.82247,0.82185,0.82162,0.82185,0.82247,0.82185,0.82162,0.82185,0.82247,0.82185,0.82162,0.82278,0.82247,0.81992,0.82727,0.81653,0.82247,0.83347,0.8,0.84377,0.82247,0.77622,0.9315,0.64208
0.74074,0.79779,0.68948,0.76518,0.74074,0.72777,0.75311,0.7342,0.74074,0.74324,0.73781,0.74158,0.74074,0.74018,0.73997,0.74018,0.74074,0.74018,0.73997,0.74018,0.74074,0.74018,0.73997,0.74018,0.74074,0.74018,0.73997,0.74018,0.74074,0.74018,0.73997,0.74018,0.74074,0.74018,0.73997,0.74018,0.74074,0.74018,0.73997,0.74018,0.74074,0.74018,0.73997,0.74018,0.74074,0.74018,0.73997,0.74018,0.74074,0.74018,0.73997,0.74018,0.74074,0.74018,0.73997,0.74018,0.74074,0.74018,0.73997,0.74018,0.74074,0.74018,0.73997,0.74018,0.74074,0.74018,0.73997,0.74018,0.74074,0.74018,0.73997,0.74018,0.74074,0.74018,0.73997,0.74018,0.74074,0.74018,0.73997,0.74018,0.74074,0.74018,0.73997,0.74018,0.74074,0.74018,0.73997,0.74018,0.74074,0.74018,0.73997,0.74018,0.74074,0.74018,0.73997,0.74018,0.74074,0.74018,0.73997,0.74018,0.74074,0.74018,0.73997,0.74018,0.74074,0.74018,0.73997,0.74018,0.74074,0.74018,0.73997,0.74018,0.74074,0.74018,0.73997,0.74067,0.74074,0.73914,0.74299,0.73733,0.74074,0.74639,0.72841,0.75189,0.74074,0.71579,0.7987,0.64408,0.30108,0.26666,0.33074,0.28602,0.30108,0.30822,0.29298,0.30441,0.30108,0.29904,0.30205,0.30002,0.30108,0.30086,0.30077,0.30086,0.30108,0.30086,0.30077,0.30086,0.30108,0.30086,0.30077,0.30086,0.30108,0.30086,0.30077,0.30086,0.30108,0.30086,0.30077,0.30086,0.30108,0.30086,0.30077,0.30086,0.30108,0.30086,0.30077,0.30086,0.30108,0.30086,0.30077,0.30086,0.30108,0.30086,0.30077,0.30086,0.30108,0.30086,0.30077,0.30086,0.30108,0.30086,0.30077,0.30086,0.30108,0.30086,0.30077,0.30086,0.30108,0.30086,0.30077,0.30086,0.30108,0.30086,0.30077,0.30086,0.30108,0.30086,0.30077,0.30086,0.30108,0.30086,0.30077,0.30086,0.30108,0.30086,0.30077,0.30086,0.30108,0.30086,0.30077,0.30086,0.30108,0.30086,0.30077,0.30086,0.30108,0.30086,0.30077,0.30086,0.30108,0.30086,0.30077,0.30086,0.30108,0.30086,0.30077,0.30086,0.30108,0.30086,0.30077,0.30086,0.30108,0.30086,0.30077,0.30086,0.30108,0.30086,0.30077,0.30086,0.30108,0.30086,0.30077,0.3012,0.30108,0.30015,0.30284,0.29891,0.30108,0.30511,0.29286,0.30888,0.30108,0.28415,0.34099,0.23505
0.79455,0.85575,0.73957,0.82077,0.79455,0.78065,0.80782,0.78754,0.79455,0.79724,0.79142,0.79546,0.79455,0.79395,0.79373,0.79395,0.79455,0.79395,0.79373,0.79395,0.79455,0.79395,0.79373,0.79395,0.79455,0.79395,0.79373,0.79395,0.79455,0.79395,0.79373,0.79395,0.79455,0.79395,0.79373,0.79395,0.79455,0.79395,0.79373,0.79395,0.79455,0.79395,0.79373,0.79395,0.79455,0.79395,0.79373,0.79395,0.79455,0.79395,0.79373,0.79395,0.79455,0.79395,0.79373,0.79395,0.79455,0.79395,0.79373,0.79395,0.79455,0.79395,0.79373,0.79395,0.79455,0.79395,0.79373,0.79395,0.79455,0.79395,0.79373,0.79395,0.79455,0.79395,0.79373,0.79395,0.79455,0.79395,0.79373,0.79395,0.79455,0.79395,0.79373,0.79395,0.79455,0.79395,0.79373,0.79395,0.79455,0.79395,0.79373,0.79395,0.79455,0.79395,0.79373,0.79395,0.79455,0.79395,0.79373,0.79395,0.79455,0.79395,0.79373,0.79395,0.79455,0.79395,0.79373,0.79395,0.79455,0.79395,0.79373,0.79395,0.79455,0.79395,0.79373,0.79395,0.79455,0.79395,0.79373,0.79395,0.79455,0.79395,0.79373,0.79395,0.79455,0.79395,0.79373,0.79395,0.79455,0.79395,0.79373,0.79395,0.79455,0.79395,0.79373,0.79395,0.79455,0.79395,0.79373,0.79395,0.79455,0.79395,0.79373,0.79395,0.79455,0.79395,0.79373,0.79395,0.79455,0.79395,0.79373,0.79395,0.79455,0.79395,0.79373,0.79395,0.79455,0.79395,0.79373,0.79395,0.79455,0.79395,0.79373,0.79395,0.79455,0.79395,0.79373,0.79395,0.79455,0.79395,0.79373,0.79395,0.79455,0.79395,0.79373,0.79395,0.79455,0.79395,0.79373,0.79395,0.79455,0.79395,0.79373,0.79395,0.79455,0.79395,0.79373,0.79395,0.79455,0.79395,0.79373,0.79395,0.79455,0.79395,0.79373,0.79395,0.79455,0.79395,0.79373,0.79395,0.79455,0.79395,0.79373,0.79395,0.79455,0.79395,0.79373,0.79395,0.79455,0.79395,0.79373,0.79395,0.79455,0.79395,0.79373,0.79395,0.79455,0.79395,0.79373,0.79395,0.79455,0.79395,0.79373,0.79395,0.79455,0.79395,0.79373,0.79395,0.79455,0.79395,0.79373,0.79395,0.79455,0.79395,0.79373,0.79395,0.79455,0.79395,0.79373,0.79395,0.79455,0.79395,0.79373,0.79485,0.79455,0.79209,0.79919,0.78882,0.79455,0.80518,0.77284,0.81513,0.79455,0.74988,0.89988,0.62028
0.6112,0.65827,0.5689,0.63136,0.6112,0.6005,0.6214,0.6058,0.6112,0.61326,0.60878,0.6119,0.6112,0.61073,0.61056,0.61073,0.6112,0.61073,0.61056,0.61073,0.6112,0.61073,0.61056,0.61073,0.6112,0.61073,0.61056,0.61073,0.6112,0.61073,0.61056,0.61073,0.6112,0.61073,0.61056,0.61073,0.6112,0.61073,0.61056,0.61073,0.6112,0.61073,0.61056,0.61073,0.6112,0.61073,0.61056,0.61073,0.6112,0.61073,0.61056,0.61073,0.6112,0.61073,0.61056,0.61073,0.6112,0.61073,0.61056,0.61073,0.6112,0.61073,0.61056,0.61073,0.6112,0.61073,0.61056,0.61073,0.6112,0.61073,0.61056,0.61073,0.6112,0.61073,0.61056,0.61073,0.6112,0.61073,0.61056,0.61073,0.6112,0.61073,0.61056,0.61073,0.6112,0.61073,0.61056,0.61073,0.6112,0.61073,0.61056,0.61073,0.6112,0.61073,0.61056,0.61073,0.6112,0.61073,0.61056,0.61073,0.6112,0.61073,0.61056,0.61073,0.6112,0.61073,0.61056,0.61073,0.6112,0.61073,0.61056,0.61073,0.6112,0.61073,0.61056,0.61047,0.6112,0.61128,0.60897,0.61223,0.6112,0.60746,0.61666,0.60455,0.6112,0.6236,0.57958,0.66142,0.8431,0.8605,0.82642,0.85029,0.8431,0.83858,0.84634,0.84059,0.8431,0.84342,0.84156,0.84291,0.8431,0.84247,0.84223,0.84247,0.8431,0.84247,0.84223,0.84247,0.8431,0.84247,0.84223,0.84247,0.8431,0.84247,0.84223,0.84247,0.8431,0.84247,0.84223,0.84247,0.8431,0.84247,0.84223,0.84247,0.8431,0.84247,0.84223,0.84247,0.8431,0.84247,0.84223,0.84247,0.8431,0.84247,0.84223,0.84247,0.8431,0.84247,0.84223,0.84247,0.8431,0.84247,0.84223,0.84247,0.8431,0.84247,0.84223,0.84247,0.8431,0.84247,0.84223,0.84247,0.8431,0.84247,0.84223,0.84247,0.8431,0.84247,0.84223,0.84247,0.8431,0.84247,0.84223,0.84247,0.8431,0.84247,0.84223,0.84247,0.8431,0.84247,0.84223,0.84247,0.8431,0.84247,0.84223,0.84247,0.8431,0.84247,0.84223,0.84247,0.8431,0.84247,0.84223,0.84247,0.8431,0.84247,0.84223,0.84247,0.8431,0.84247,0.84223,0.84247,0.8431,0.84247,0.84223,0.84247,0.8431,0.84247,0.84223,0.84247,0.8431,0.84247,0.84223,0.84342,0.8431,0.84049,0.84802,0.83702,0.8431,0.85438,0.82006,0.86493,0.8431,0.79569,0.95486,0.65818
0.81834,0.88137,0.76171,0.84534,0.81834,0.80402,0.832,0.81111,0.81834,0.8211,0.81511,0.81928,0.81834,0.81772,0.81749,0.81772,0.81834,0.81772,0.81749,0.81772,0.81834,0.81772,0.81749,0.81772,0.81834,0.81772,0.81749,0.81772,0.81834,0.81772,0.81749,0.81772,0.81834,0.81772,0.81749,0.81772,0.81834,0.81772,0.81749,0.81772,0.81834,0.81772,0.81749,0.81772,0.81834,0.81772,0.81749,0.81772,0.81834,0.81772,0.81749,0.81772,0.81834,0.81772,0.81749,0.81772,0.81834,0.81772,0.81749,0.81772,0.81834,0.81772,0.81749,0.81772,0.81834,0.81772,0.81749,0.81772,0.81834,0.81772,0.81749,0.81772,0.81834,0.81772,0.81749,0.81772,0.81834,0.81772,0.81749,0.81772,0.81834,0.81772,0.81749,0.81772,0.81834,0.81772,0.81749,0.81772,0.81834,0.81772,0.81749,0.81772,0.81834,0.81772,0.81749,0.81772,0.81834,0.81772,0.81749,0.81772,0.81834,0.81772,0.81749,0.81772,0.81834,0.81772,0.81749,0.81772,0.81834,0.81772,0.81749,0.81772,0.81834,0.81772,0.81749,0.81812,0.81834,0.81688,0.81994,0.81542,0.81834,0.82275,0.80814,0.8272,0.81834,0.79799,0.86501,0.73998,0.46265,0.43464,0.48642,0.4503,0.46265,0.46826,0.45587,0.46517,0.46265,0.46083,0.46321,0.46163,0.46265,0.4623,0.46217,0.4623,0.46265,0.4623,0.46217,0.4623,0.46265,0.4623,0.46217,0.4623,0.46265,0.4623,0.46217,0.4623,0.46265,0.4623,0.46217,0.4623,0.46265,0.4623,0.46217,0.4623,0.46265,0.4623,0.46217,0.4623,0.46265,0.4623,0.46217,0.4623,0.46265,0.4623,0.46217,0.4623,0.46265,0.4623,0.46217,0.4623,0.46265,0.4623,0.46217,0.4623,0.46265,0.4623,0.46217,0.4623,0.46265,0.4623,0.46217,0.4623,0.46265,0.4623,0.46217,0.4623,0.46265,0.4623,0.46217,0.4623,0.46265,0.4623,0.46217,0.4623,0.46265,0.4623,0.46217,0.4623,0.46265,0.4623,0.46217,0.4623,0.46265,0.4623,0.46217,0.4623,0.46265,0.4623,0.46217,0.4623,0.46265,0.4623,0.46217,0.4623,0.46265,0.4623,0.46217,0.4623,0.46265,0.4623,0.46217,0.4623,0.46265,0.4623,0.46217,0.4623,0.46265,0.4623,0.46217,0.4623,0.46265,0.4623,0.46217,0.46282,0.46265,0.46121,0.46535,0.45931,0.46265,0.46884,0.45001,0.47463,0.46265,0.43664,0.52398,0.36118
0.42605,0.45886,0.39657,0.44011,0.42605,0.41859,0.43316,0.42229,0.42605,0.42749,0.42437,0.42654,0.42605,0.42573,0.42561,0.42573,0.42605,0.42573,0.42561,0.42573,0.42605,0.42573,0.42561,0.42573,0.42605,0.42573,0.42561,0.42573,0.42605,0.42573,0.42561,0.42573,0.42605,0.42573,0.42561,0.42573,0.42605,0.42573,0.42561,0.42573,0.42605,0.42573,0.42561,0.42573,0.42605,0.42573,0.42561,0.42573,0.42605,0.42573,0.42561,0.42573,0.42605,0.42573,0.42561,0.42573,0.42605,0.42573,0.42561,0.42573,0.42605,0.42573,0.42561,0.42573,0.42605,0.42573,0.42561,0.42573,0.42605,0.42573,0.42561,0.42573,0.42605,0.42573,0.42561,0.42573,0.42605,0.42573,0.42561,0.42573,0.42605,0.42573,0.42561,0.42573,0.42605,0.42573,0.42561,0.42573,0.42605,0.42573,0.42561,0.42573,0.42605,0.42573,0.42561,0.42573,0.42605,0.42573,0.42561,0.42573,0.42605,0.42573,0.42561,0.42573,0.42605,0.42573,0.42561,0.42573,0.42605,0.42573,0.42561,0.42573,0.42605,0.42573,0.42561,0.42527,0.42605,0.42667,0.42285,0.42833,0.42605,0.42005,0.43618,0.41501,0.42605,0.44803,0.3719,0.51359,0.82804,0.85868,0.79978,0.84098,0.82804,0.82068,0.83431,0.82417,0.82804,0.82908,0.82601,0.82818,0.82804,0.82742,0.82719,0.82742,0.82804,0.82742,0.82719,0.82742,0.82804,0.82742,0.82719,0.82742,0.82804,0.82742,0.82719,0.82742,0.82804,0.82742,0.82719,0.82742,0.82804,0.82742,0.82719,0.82742,0.82804,0.82742,0.82719,0.82742,0.82804,0.82742,0.82719,0.82742,0.82804,0.82742,0.82719,0.82742,0.82804,0.82742,0.82719,0.82742,0.82804,0.82742,0.82719,0.82742,0.82804,0.82742,0.82719,0.82742,0.82804,0.82742,0.82719,0.82742,0.82804,0.82742,0.82719,0.82742,0.82804,0.82742,0.82719,0.82742,0.82804,0.82742,0.82719,0.82742,0.82804,0.82742,0.82719,0.82742,0.82804,0.82742,0.82719,0.82742,0.82804,0.82742,0.82719,0.82742,0.82804,0.82742,0.82719,0.82742,0.82804,0.82742,0.82719,0.82742,0.82804,0.82742,0.82719,0.82742,0.82804,0.82742,0.82719,0.82742,0.82804,0.82742,0.82719,0.82742,0.82804,0.82742,0.82719,0.82742,0.82804,0.82742,0.82719,0.82835,0.82804,0.82547,0.83287,0.82206,0.82804,0.83912,0.80541,0.84948,0.82804,0.78148,0.9378,0.64643
0.7265,0.78246,0.67623,0.75047,0.7265,0.71379,0.73863,0.72009,0.7265,0.72896,0.72363,0.72733,0.7265,0.72595,0.72575,0.72595,0.7265,0.72595,0.72575,0.72595,0.7265,0.72595,0.72575,0.72595,0.7265,0.72595,0.72575,0.72595,0.7265,0.72595,0.72575,0.72595,0.7265,0.72595,0.72575,0.72595,0.7265,0.72595,0.72575,0.72595,0.7265,0.72595,0.72575,0.72595,0.7265,0.72595,0.72575,0.72595,0.7265,0.72595,0.72575,0.72595,0.7265,0.72595,0.72575,0.72595,0.7265,0.72595,0.72575,0.72595,0.7265,0.72595,0.72575,0.72595,0.7265,0.72595,0.72575,0.72595,0.7265,0.72595,0.72575,0.72595,0.7265,0.72595,0.72575,0.72595,0.7265,0.72595,0.72575,0.72595,0.7265,0.72595,0.72575,0.72595,0.7265,0.72595,0.72575,0.72595,0.7265,0.72595,0.72575,0.72595,0.7265,0.72595,0.72575,0.72595,0.7265,0.72595,0.72575,0.72595,0.7265,0.72595,0.72575,0.72595,0.7265,0.72595,0.72575,0.72595,0.7265,0.72595,0.72575,0.72595,0.7265,0.72595,0.72575,0.72636,0.7265,0.7251,0.72825,0.7236,0.7265,0.73109,0.71619,0.73565,0.7265,0.70578,0.77433,0.64647,0.36284,0.33428,0.38725,0.35029,0.36284,0.36865,0.35601,0.3655,0.36284,0.36106,0.36352,0.36187,0.36284,0.36256,0.36246,0.36256,0.36284,0.36256,0.36246,0.36256,0.36284,0.36256,0.36246,0.36256,0.36284,0.36256,0.36246,0.36256,0.36284,0.36256,0.36246,0.36256,0.36284,0.36256,0.36246,0.36256,0.36284,0.36256,0.36246,0.36256,0.36284,0.36256,0.36246,0.36256,0.36284,0.36256,0.36246,0.36256,0.36284,0.36256,0.36246,0.36256,0.36284,0.36256,0.36246,0.36256,0.36284,0.36256,0.36246,0.36256,0.36284,0.36256,0.36246,0.36256,0.36284,0.36256,0.36246,0.36256,0.36284,0.36256,0.36246,0.36256,0.36284,0.36256,0.36246,0.36256,0.36284,0.36256,0.36246,0.36256,0.36284,0.36256,0.36246,0.36256,0.36284,0.36256,0.36246,0.36256,0.36284,0.36256,0.36246,0.36256,0.36284,0.36256,0.36246,0.36256,0.36284,0.36256,0.36246,0.36256,0.36284,0.36256,0.36246,0.36256,0.36284,0.36256,0.36246,0.36256,0.36284,0.36256,0.36246,0.36256,0.36284,0.36256,0.36246,0.36297,0.36284,0.36171,0.36495,0.36022,0.36284,0.36769,0.35292,0.37223,0.36284,0.34243,0.41093,0.28326
0.46325,0.49893,0.4312,0.47854,0.46325,0.45515,0.47099,0.45916,0.46325,0.46482,0.46142,0.46378,0.46325,0.4629,0.46277,0.4629,0.46325,0.4629,0.46277,0.4629,0.46325,0.4629,0.46277,0.4629,0.46325,0.4629,0.46277,0.4629,0.46325,0.4629,0.46277,0.4629,0.46325,0.4629,0.46277,0.4629,0.46325,0.4629,0.46277,0.4629,0.46325,0.4629,0.46277,0.4629,0.46325,0.4629,0.46277,0.4629,0.46325,0.4629,0.46277,0.46296,0.46325,0.46278,0.46313,0.46257,0.46325,0.46363,0.46142,0.46428,0.46325,0.46004,0.46968,0.4516,0.41156,0.40723,0.41466,0.4095,0.41156,0.41211,0.41022,0.41167,0.41156,0.41103,0.41128,0.41115,0.41156,0.41125,0.41113,0.41125,0.41156,0.41125,0.41113,0.41125,0.41156,0.41125,0.41113,0.41125,0.41156,0.41125,0.41113,0.41125,0.41156,0.41125,0.41113,0.41125,0.41156,0.41125,0.41113,0.41125,0.41156,0.41125,0.41113,0.41125,0.41156,0.41125,0.41113,0.41125,0.41156,0.41125,0.41113,0.41125,0.41156,0.41125,0.41113,0.41134,0.41156,0.41106,0.41168,0.41073,0.41156,0.41238,0.40902,0.41339,0.41156,0.4068,0.42185,0.39372,0.33135,0.32486,0.33647,0.32839,0.33135,0.33244,0.32958,0.33174,0.33135,0.33077,0.33124,0.33094,0.33135,0.3311,0.331,0.3311,0.33135,0.3311,0.331,0.3311,0.33135,0.3311,0.331,0.3311,0.33135,0.3311,0.331,0.3311,0.33135,0.3311,0.331,0.3311,0.33135,0.3311,0.331,0.3311,0.33135,0.3311,0.331,0.3311,0.33135,0.3311,0.331,0.3311,0.33135,0.3311,0.331,0.3311,0.33135,0.3311,0.331,0.33067,0.33135,0.33198,0.32841,0.33354,0.33135,0.32576,0.34093,0.32103,0.33135,0.35204,0.28056,0.41363,0.70894,0.73777,0.68247,0.72115,0.70894,0.70208,0.7149,0.70536,0.70894,0.70997,0.70711,0.70912,0.70894,0.70841,0.70821,0.70841,0.70894,0.70841,0.70821,0.70841,0.70894,0.70841,0.70821,0.70841,0.70894,0.70841,0.70821,0.70841,0.70894,0.70841,0.70821,0.70841,0.70894,0.70841,0.70821,0.70841,0.70894,0.70841,0.70821,0.70841,0.70894,0.70841,0.70821,0.70841,0.70894,0.70841,0.70821,0.70841,0.70894,0.70841,0.70821,0.70921,0.70894,0.70674,0.71308,0.70382,0.70894,0.71842,0.68957,0.7273,0.70894,0.66908,0.80291,0.55345
0.83642,0.90084,0.77854,0.86402,0.83642,0.82178,0.85038,0.82903,0.83642,0.83924,0.83312,0.83738,0.83642,0.83579,0.83555,0.83579,0.83642,0.83579,0.83555,0.83579,0.83642,0.83579,0.83555,0.83579,0.83642,0.83579,0.83555,0.83579,0.83642,0.83579,0.83555,0.83579,0.83642,0.83579,0.83555,0.83579,0.83642,0.83579,0.83555,0.83579,0.83642,0.83579,0.83555,0.83579,0.83642,0.83579,0.83555,0.83579,0.83642,0.83579,0.83555,0.83579,0.83642,0.83579,0.83555,0.83579,0.83642,0.83579,0.83555,0.83579,0.83642,0.83579,0.83555,0.83579,0.83642,0.83579,0.83555,0.83579,0.83642,0.83579,0.83555,0.83579,0.83642,0.83579,0.83555,0.83579,0.83642,0.83579,0.83555,0.83579,0.83642,0.83579,0.83555,0.83579,0.83642,0.83579,0.83555,0.83579,0.83642,0.83579,0.83555,0.83579,0.83642,0.83579,0.83555,0.83579,0.83642,0.83579,0.83555,0.83579,0.83642,0.83579,0.83555,0.83579,0.83642,0.83579,0.83555,0.83579,0.83642,0.83579,0.83555,0.83579,0.83642,0.83579,0.83555,0.83579,0.83642,0.83579,0.83555,0.83579,0.83642,0.83579,0.83555,0.83579,0.83642,0.83579,0.83555,0.83579,0.83642,0.83579,0.83555,0.83579,0.83642,0.83579,0.83555,0.83579,0.83642,0.83579,0.83555,0.83579,0.83642,0.83579,0.83555,0.83579,0.83642,0.83579,0.83555,0.83579,0.83642,0.83579,0.83555,0.83579,0.83642,0.83579,0.83555,0.83579,0.83642,0.83579,0.83555,0.83579,0.83642,0.83579,0.83555,0.83579,0.83642,0.83579,0.83555,0.83579,0.83642,0.83579,0.83555,0.83579,0.83642,0.83579,0.83555,0.83579,0.83642,0.83579,0.83555,0.83579,0.83642,0.83579,0.83555,0.83579,0.83642,0.83579,0.83555,0.83579,0.83642,0.83579,0.83555,0.83579,0.83642,0.83579,0.83555,0.83579,0.83642,0.83579,0.83555,0.83579,0.83642,0.83579,0.83555,0.83579,0.83642,0.83579,0.83555,0.83579,0.83642,0.83579,0.83555,0.83579,0.83642,0.83579,0.83555,0.83579,0.83642,0.83579,0.83555,0.83579,0.83642,0.83579,0.83555,0.83579,0.83642,0.83579,0.83555,0.83579,0.83642,0.83579,0.83555,0.83579,0.83642,0.83579,0.83555,0.83579,0.83642,0.83579,0.83555,0.83579,0.83642,0.83579,0.83555,0.83673,0.83642,0.83382,0.8413,0.83038,0.83642,0.84761,0.81356,0.85808,0.83642,0.78938,0.94729,0.65297
0.56522,0.60876,0.52611,0.58387,0.56522,0.55533,0.57466,0.56023,0.56522,0.56713,0.56299,0.56587,0.56522,0.56479,0.56464,0.56479,0.56522,0.56479,0.56464,0.56479,0.56522,0.56479,0.56464,0.56479,0.56522,0.56479,0.56464,0.56479,0.56522,0.56479,0.56464,0.56479,0.56522,0.56479,0.56464,0.56479,0.56522,0.56479,0.56464,0.56479,0.56522,0.56479,0.56464,0.56479,0.56522,0.56479,0.56464,0.56479,0.56522,0.56479,0.56464,0.56479,0.56522,0.56479,0.56464,0.56479,0.56522,0.56479,0.56464,0.56479,0.56522,0.56479,0.56464,0.56479,0.56522,0.56479,0.56464,0.56479,0.56522,0.56479,0.56464,0.56479,0.56522,0.56479,0.56464,0.56479,0.56522,0.56479,0.56464,0.56479,0.56522,0.56479,0.56464,0.56479,0.56522,0.56479,0.56464,0.56479,0.56522,0.56479,0.56464,0.56479,0.56522,0.56479,0.56464,0.56479,0.56522,0.56479,0.56464,0.56479,0.56522,0.56479,0.56464,0.56479,0.56522,0.56479,0.56464,0.56479,0.56522,0.56479,0.56464,0.56479,0.56522,0.56479,0.56464,0.56443,0.56522,0.56555,0.56244,0.56686,0.56522,0.56027,0.57305,0.55626,0.56522,0.58255,0.52187,0.63477,0.88537,0.9096,0.86263,0.8955,0.88537,0.87934,0.89013,0.88211,0.88537,0.88602,0.88352,0.88531,0.88537,0.8847,0.88445,0.8847,0.88537,0.8847,0.88445,0.8847,0.88537,0.8847,0.88445,0.8847,0.88537,0.8847,0.88445,0.8847,0.88537,0.8847,0.88445,0.8847,0.88537,0.8847,0.88445,0.8847,0.88537,0.8847,0.88445,0.8847,0.88537,0.8847,0.88445,0.8847,0.88537,0.8847,0.88445,0.8847,0.88537,0.8847,0.88445,0.8847,0.88537,0.8847,0.88445,0.8847,0.88537,0.8847,0.88445,0.8847,0.88537,0.8847,0.88445,0.8847,0.88537,0.8847,0.88445,0.8847,0.88537,0.8847,0.88445,0.8847,0.88537,0.8847,0.88445,0.8847,0.88537,0.8847,0.88445,0.8847,0.88537,0.8847,0.88445,0.8847,0.88537,0.8847,0.88445,0.8847,0.88537,0.8847,0.88445,0.8847,0.88537,0.8847,0.88445,0.8847,0.88537,0.8847,0.88445,0.8847,0.88537,0.8847,0.88445,0.8847,0.88537,0.8847,0.88445,0.8847,0.88537,0.8847,0.88445,0.8847,0.88537,0.8847,0.88445,0.8857,0.88537,0.88262,0.89053,0.87897,0.88537,0.89721,0.86117,0.90829,0.88537,0.83558,1.0027,0.69118
0.64741,0.69728,0.60261,0.66877,0.64741,0.63608,0.65822,0.6417,0.64741,0.6496,0.64486,0.64815,0.64741,0.64692,0.64674,0.64692,0.64741,0.64692,0.64674,0.64692,0.64741,0.64692,0.64674,0.64692,0.64741,0.64692,0.64674,0.64692,0.64741,0.64692,0.64681,0.64687,0.64741,0.6471,0.64643,0.64726,0.64741,0.6463,0.64803,0.64564,0.64741,0.65052,0.63157,0.61298,0.61704,0.61786,0.61511,0.6172,0.61704,0.61624,0.61671,0.6164,0.61704,0.61663,0.61634,0.61657,0.61704,0.61657,0.6164,0.61657,0.61704,0.61657,0.6164,0.61657,0.61704,0.61657,0.6164,0.61657,0.61704,0.61657,0.6164,0.61657,0.61704,0.61653,0.61647,0.61648,0.61704,0.61676,0.61598,0.61697,0.61704,0.61578,0.618,0.61475,0.61704,0.63492,0.64301,0.63875,0.64054,0.64068,0.63926,0.64038,0.64054,0.6399,0.64003,0.64,0.64054,0.64008,0.63987,0.64005,0.64054,0.64005,0.63987,0.64005,0.64054,0.64005,0.63987,0.64005,0.64054,0.64005,0.63987,0.64005,0.64054,0.64005,0.63987,0.63986,0.64054,0.64045,0.63871,0.64114,0.64054,0.63766,0.64432,0.63555,0.64054,0.64943,0.61729,0.677,0.80957,0.8221,0.79721,0.81466,0.80957,0.80612,0.81173,0.80759,0.80957,0.80965,0.80824,0.80928,0.80957,0.80895,0.80873,0.80895,0.80957,0.80895,0.80873,0.80895,0.80957,0.80895,0.80873,0.80895,0.80957,0.80895,0.80873,0.80895,0.80957,0.80895,0.80871,0.80897,0.80957,0.80891,0.80881,0.80886,0.80957,0.80913,0.80837,0.80931,0.80957,0.80796,0.81292,0.81833,0.81796,0.81699,0.81747,0.81717,0.81796,0.81743,0.81703,0.81739,0.81796,0.81732,0.81713,0.81734,0.81796,0.81734,0.81711,0.81734,0.81796,0.81734,0.81711,0.81734,0.81796,0.81734,0.81711,0.81734,0.81796,0.81734,0.81711,0.81734,0.81796,0.81735,0.81709,0.81737,0.81796,0.81729,0.81723,0.81723,0.81796,0.81757,0.81666,0.81786,0.81796,0.81213,0.80955,0.81104,0.81128,0.81049,0.81062,0.81058,0.81128,0.81071,0.8104,0.81069,0.81128,0.81066,0.81045,0.81067,0.81128,0.81067,0.81045,0.81067,0.81128,0.81067,0.81045,0.81067,0.81128,0.81067,0.81045,0.81067,0.81128,0.81067,0.81045,0.81159,0.81128,0.80877,0.81602,0.80543,0.81128,0.82214,0.78912,0.83229,0.81128,0.76566,0.91882,0.63335
0.78894,0.84971,0.73435,0.81497,0.78894,0.77514,0.80212,0.78198,0.78894,0.79161,0.78583,0.78985,0.78894,0.78835,0.78813,0.78835,0.78894,0.78835,0.78813,0.78835,0.78894,0.78835,0.78813,0.78835,0.78894,0.78835,0.78813,0.78835,0.78894,0.78835,0.78813,0.78835,0.78894,0.78835,0.78813,0.78835,0.78894,0.78835,0.78813,0.78835,0.78894,0.78835,0.78813,0.78835,0.78894,0.78835,0.78813,0.78835,0.78894,0.78835,0.78813,0.78835,0.78894,0.78835,0.78813,0.78835,0.78894,0.78835,0.78813,0.78835,0.78894,0.78835,0.78813,0.78835,0.78894,0.78835,0.78813,0.78835,0.78894,0.78835,0.78813,0.78835,0.78894,0.78835,0.78813,0.78835,0.78894,0.78835,0.78813,0.78835,0.78894,0.78835,0.78813,0.78835,0.78894,0.78835,0.78813,0.78835,0.78894,0.78835,0.78813,0.78835,0.78894,0.78835,0.78813,0.78835,0.78894,0.78835,0.78813,0.78835,0.78894,0.78835,0.78813,0.78835,0.78894,0.78835,0.78813,0.78835,0.78894,0.78835,0.78813,0.78835,0.78894,0.78835,0.78813,0.78835,0.78894,0.78835,0.78813,0.78835,0.78894,0.78835,0.78813,0.78835,0.78894,0.78835,0.78813,0.78835,0.78894,0.78835,0.78813,0.78835,0.78894,0.78835,0.78813,0.78835,0.78894,0.78835,0.78813,0.78835,0.78894,0.78835,0.78813,0.78835,0.78894,0.78835,0.78813,0.78835,0.78894,0.78835,0.78813,0.78835,0.78894,0.78835,0.78813,0.78835,0.78894,0.78835,0.78813,0.78835,0.78894,0.78835,0.78813,0.78835,0.78894,0.78835,0.78813,0.78835,0.78894,0.78835,0.78813,0.78835,0.78894,0.78835,0.78813,0.78835,0.78894,0.78835,0.78813,0.78835,0.78894,0.78835,0.78813,0.78835,0.78894,0.78835,0.78813,0.78835,0.78894,0.78835,0.78813,0.78835,0.78894,0.78835,0.78813,0.78835,0.78894,0.78835,0.78813,0.78835,0.78894,0.78835,0.78813,0.78835,0.78894,0.78835,0.78813,0.78835,0.78894,0.78835,0.78813,0.78835,0.78894,0.78835,0.78813,0.78835,0.78894,0.78835,0.78813,0.78835,0.78894,0.78835,0.78813,0.78835,0.78894,0.78835,0.78813,0.78835,0.78894,0.78835,0.78813,0.78835,0.78894,0.78835,0.78813,0.78835,0.78894,0.78835,0.78813,0.78835,0.78894,0.78835,0.78813,0.78924,0.78894,0.78649,0.79355,0.78325,0.78894,0.7995,0.76738,0.80937,0.78894,0.74458,0.89352,0.6159
0.48016,0.51714,0.44693,0.496,0.48016,0.47176,0.48818,0.47592,0.48016,0.48178,0.47827,0.48071,0.48016,0.4798,0.47966,0.4798,0.48016,0.4798,0.47966,0.4798,0.48016,0.4798,0.47966,0.4798,0.48016,0.4798,0.47966,0.4798,0.48016,0.4798,0.47966,0.4798,0.48016,0.4798,0.47966,0.4798,0.48016,0.4798,0.47966,0.4798,0.48016,0.4798,0.47966,0.4798,0.48016,0.4798,0.47966,0.4798,0.48016,0.4798,0.47966,0.4798,0.48016,0.4798,0.47966,0.4798,0.48016,0.4798,0.47966,0.4798,0.48016,0.4798,0.47966,0.4798,0.48016,0.4798,0.47966,0.4798,0.48016,0.4798,0.47966,0.4798,0.48016,0.4798,0.47966,0.4798,0.48016,0.4798,0.47966,0.4798,0.48016,0.4798,0.47966,0.4798,0.48016,0.4798,0.47966,0.4798,0.48016,0.4798,0.47966,0.4798,0.48016,0.4798,0.47966,0.4798,0.48016,0.4798,0.47966,0.4798,0.48016,0.4798,0.47966,0.4798,0.48016,0.4798,0.47966,0.4798,0.48016,0.4798,0.47966,0.4798,0.48016,0.4798,0.47966,0.4795,0.48016,0.48041,0.47786,0.48149,0.48016,0.47609,0.48656,0.47281,0.48016,0.49435,0.44462,0.53714,0.74252,0.76237,0.72387,0.75082,0.74252,0.73757,0.74641,0.73984,0.74252,0.74305,0.74099,0.74246,0.74252,0.74196,0.74176,0.74196,0.74252,0.74196,0.74176,0.74196,0.74252,0.74196,0.74176,0.74196,0.74252,0.74196,0.74176,0.74196,0.74252,0.74196,0.74176,0.74196,0.74252,0.74196,0.74176,0.74196,0.74252,0.74196,0.74176,0.74196,0.74252,0.74196,0.74176,0.74196,0.74252,0.74196,0.74176,0.74196,0.74252,0.74196,0.74176,0.74196,0.74252,0.74196,0.74176,0.74196,0.74252,0.74196,0.74176,0.74196,0.74252,0.74196,0.74176,0.74196,0.74252,0.74196,0.74176,0.74196,0.74252,0.74196,0.74176,0.74196,0.74252,0.74196,0.74176,0.74196,0.74252,0.74196,0.74176,0.74196,0.74252,0.74196,0.74176,0.74196,0.74252,0.74196,0.74176,0.74196,0.74252,0.74196,0.74176,0.74196,0.74252,0.74196,0.74176,0.74196,0.74252,0.74196,0.74176,0.74196,0.74252,0.74196,0.74176,0.74196,0.74252,0.74196,0.74176,0.74196,0.74252,0.74196,0.74176,0.74196,0.74252,0.74196,0.74176,0.7428,0.74252,0.74022,0.74686,0.73716,0.74252,0.75246,0.72223,0.76175,0.74252,0.70077,0.84095,0.57967
0.72279,0.77846,0.67278,0.74664,0.72279,0.71014,0.73486,0.71641,0.72279,0.72523,0.71994,0.72362,0.72279,0.72225,0.72204,0.72225,0.72279,0.72225,0.72204,0.72225,0.72279,0.72225,0.72204,0.72225,0.72279,0.72225,0.72204,0.72225,0.72279,0.72225,0.72204,0.72225,0.72279,0.72225,0.72204,0.72225,0.72279,0.72225,0.72204,0.72225,0.72279,0.72225,0.72204,0.72225,0.72279,0.72225,0.72204,0.72225,0.72279,0.72225,0.72204,0.72225,0.72279,0.72225,0.72204,0.72225,0.72279,0.72225,0.72204,0.72225,0.72279,0.72225,0.72204,0.72225,0.72279,0.72225,0.72204,0.72225,0.72279,0.72225,0.72204,0.72225,0.72279,0.72225,0.72204,0.72225,0.72279,0.72225,0.72204,0.72225,0.72279,0.72225,0.72204,0.72225,0.72279,0.72225,0.72204,0.72225,0.72279,0.72225,0.72204,0.72225,0.72279,0.72225,0.72204,0.72225,0.72279,0.72225,0.72204,0.72225,0.72279,0.72225,0.72204,0.72225,0.72279,0.72225,0.72204,0.72225,0.72279,0.72225,0.72204,0.72225,0.72279,0.72225,0.72204,0.72267,0.72279,0.72138,0.72459,0.71985,0.72279,0.72748,0.71231,0.73212,0.72279,0.70169,0.77153,0.64127,0.35233,0.32325,0.37722,0.33956,0.35233,0.35827,0.3454,0.35506,0.35233,0.35053,0.35305,0.35136,0.35233,0.35206,0.35197,0.35206,0.35233,0.35206,0.35197,0.35206,0.35233,0.35206,0.35197,0.35206,0.35233,0.35206,0.35197,0.35206,0.35233,0.35206,0.35197,0.35206,0.35233,0.35206,0.35197,0.35206,0.35233,0.35206,0.35197,0.35206,0.35233,0.35206,0.35197,0.35206,0.35233,0.35206,0.35197,0.35206,0.35233,0.35206,0.35197,0.35206,0.35233,0.35206,0.35197,0.35206,0.35233,0.35206,0.35197,0.35206,0.35233,0.35206,0.35197,0.35206,0.35233,0.35206,0.35197,0.35206,0.35233,0.35206,0.35197,0.35206,0.35233,0.35206,0.35197,0.35206,0.35233,0.35206,0.35197,0.35206,0.35233,0.35206,0.35197,0.35206,0.35233,0.35206,0.35197,0.35206,0.35233,0.35206,0.35197,0.35206,0.35233,0.35206,0.35197,0.35206,0.35233,0.35206,0.35197,0.35206,0.35233,0.35206,0.35197,0.35206,0.35233,0.35206,0.35197,0.35206,0.35233,0.35206,0.35197,0.35206,0.35233,0.35206,0.35197,0.35246,0.35233,0.35124,0.35439,0.34979,0.35233,0.35704,0.3427,0.36145,0.35233,0.33252,0.39903,0.27505
0.82075,0.88397,0.76395,0.84783,0.82075,0.80639,0.83446,0.8135,0.82075,0.82352,0.81751,0.82169,0.82075,0.82013,0.8199,0.82013,0.82075,0.82013,0.8199,0.82013,0.82075,0.82013,0.8199,0.82013,0.82075,0.82013,0.8199,0.82013,0.82075,0.82013,0.8199,0.82013,0.82075,0.82013,0.8199,0.82013,0.82075,0.82013,0.8199,0.82013,0.82075,0.82013,0.8199,0.82013,0.82075,0.82013,0.8199,0.82013,0.82075,0.82013,0.8199,0.82013,0.82075,0.82013,0.8199,0.82013,0.82075,0.82013,0.8199,0.82013,0.82075,0.82013,0.8199,0.82013,0.82075,0.82013,0.8199,0.82013,0.82075,0.82013,0.8199,0.82013,0.82075,0.82013,0.8199,0.82013,0.82075,0.82013,0.8199,0.82013,0.82075,0.82013,0.8199,0.82013,0.82075,0.82013,0.8199,0.82013,0.82075,0.82013,0.8199,0.82013,0.82075,0.82013,0.8199,0.82013,0.82075,0.82013,0.8199,0.82013,0.82075,0.82013,0.8199,0.82013,0.82075,0.82013,0.8199,0.82013,0.82075,0.82013,0.8199,0.82013,0.82075,0.82013,0.8199,0.82085,0.82075,0.81863,0.82428,0.81601,0.82075,0.82915,0.80313,0.83713,0.82075,0.78474,0.90512,0.6807,0.18284,0.13309,0.22613,0.16117,0.18284,0.19338,0.17134,0.18785,0.18284,0.18006,0.18451,0.18149,0.18284,0.1827,0.18265,0.1827,0.18284,0.1827,0.18265,0.1827,0.18284,0.1827,0.18265,0.1827,0.18284,0.1827,0.18265,0.1827,0.18284,0.1827,0.18265,0.1827,0.18284,0.1827,0.18265,0.1827,0.18284,0.1827,0.18265,0.1827,0.18284,0.1827,0.18265,0.1827,0.18284,0.1827,0.18265,0.1827,0.18284,0.1827,0.18265,0.1827,0.18284,0.1827,0.18265,0.1827,0.18284,0.1827,0.18265,0.1827,0.18284,0.1827,0.18265,0.1827,0.18284,0.1827,0.18265,0.1827,0.18284,0.1827,0.18265,0.1827,0.18284,0.1827,0.18265,0.1827,0.18284,0.1827,0.18265,0.1827,0.18284,0.1827,0.18265,0.1827,0.18284,0.1827,0.18265,0.1827,0.18284,0.1827,0.18265,0.1827,0.18284,0.1827,0.18265,0.1827,0.18284,0.1827,0.18265,0.1827,0.18284,0.1827,0.18265,0.1827,0.18284,0.1827,0.18265,0.1827,0.18284,0.1827,0.18265,0.1827,0.18284,0.1827,0.18265,0.18291,0.18284,0.18227,0.18391,0.18152,0.18284,0.18529,0.17784,0.18757,0.18284,0.17256,0.20708,0.14274
0.72001,0.77547,0.67018,0.74377,0.72001,0.70741,0.73203,0.71365,0.72001,0.72244,0.71717,0.72083,0.72001,0.71947,0.71926,0.71947,0.72001,0.71947,0.71926,0.71947,0.72001,0.71947,0.71926,0.71947,0.72001,0.71947,0.71926,0.71947,0.72001,0.71947,0.71926,0.71947,0.72001,0.71947,0.71926,0.71947,0.72001,0.71947,0.71926,0.71947,0.72001,0.71947,0.71926,0.71947,0.72001,0.71947,0.71926,0.71947,0.72001,0.71947,0.71926,0.71947,0.72001,0.71947,0.71926,0.71947,0.72001,0.71947,0.71926,0.71947,0.72001,0.71947,0.71926,0.71947,0.72001,0.71947,0.71926,0.71947,0.72001,0.71947,0.71926,0.71947,0.72001,0.71947,0.71926,0.71947,0.72001,0.71947,0.71926,0.71947,0.72001,0.71947,0.71926,0.71947,0.72001,0.71947,0.71926,0.71947,0.72001,0.71947,0.71926,0.71947,0.72001,0.71947,0.71926,0.71947,0.72001,0.71947,0.71926,0.71947,0.72001,0.71947,0.71926,0.71947,0.72001,0.71947,0.71926,0.71947,0.72001,0.71947,0.71926,0.71947,0.72001,0.71947,0.71926,0.71947,0.72001,0.71947,0.71926,0.71947,0.72001,0.71947,0.71926,0.71947,0.72001,0.71947,0.71926,0.71947,0.72001,0.71947,0.71926,0.71947,0.72001,0.71947,0.71926,0.71947,0.72001,0.71947,0.71926,0.71947,0.72001,0.71947,0.71926,0.71947,0.72001,0.71947,0.71926,0.71947,0.72001,0.71947,0.71926,0.71947,0.72001,0.71947,0.71926,0.71947,0.72001,0.71947,0.71926,0.71947,0.72001,0.71947,0.71926,0.71947,0.72001,0.71947,0.71926,0.71947,0.72001,0.71947,0.71926,0.71947,0.72001,0.71947,0.71926,0.71947,0.72001,0.71947,0.71926,0.71947,0.72001,0.71947,0.71926,0.71947,0.72001,0.71947,0.71926,0.71947,0.72001,0.71947,0.71926,0.71947,0.72001,0.71947,0.71926,0.71947,0.72001,0.71947,0.71926,0.71947,0.72001,0.71947,0.71926,0.71947,0.72001,0.71947,0.71926,0.71947,0.72001,0.71947,0.71926,0.71947,0.72001,0.71947,0.71926,0.71947,0.72001,0.71947,0.71926,0.71947,0.72001,0.71947,0.71926,0.71947,0.72001,0.71947,0.71926,0.71947,0.72001,0.71947,0.71926,0.71947,0.72001,0.71947,0.71926,0.71947,0.72001,0.71947,0.71926,0.71947,0.72001,0.71947,0.71926,0.72028,0.72001,0.71777,0.72421,0.71481,0.72001,0.72964,0.70033,0.73865,0.72001,0.67952,0.81545,0.56209
0.89205,0.96076,0.83032,0.92149,0.89205,0.87644,0.90695,0.88418,0.89205,0.89507,0.88853,0.89308,0.89205,0.89138,0.89113,0.89138,0.89205,0.89138,0.89113,0.89138,0.89205,0.89138,0.89113,0.89138,0.89205,0.89138,0.89113,0.89138,0.89205,0.89138,0.89113,0.89138,0.89205,0.89138,0.89113,0.89138,0.89205,0.89138,0.89113,0.89138,0.89205,0.89138,0.89113,0.89138,0.89205,0.89138,0.89113,0.89138,0.89205,0.89138,0.89113,0.89138,0.89205,0.89138,0.89113,0.89138,0.89205,0.89138,0.89113,0.89138,0.89205,0.89138,0.89113,0.89138,0.89205,0.89138,0.89113,0.89138,0.89205,0.89138,0.89113,0.89138,0.89205,0.89138,0.89113,0.89138,0.89205,0.89138,0.89113,0.89138,0.89205,0.89138,0.89113,0.89138,0.89205,0.89138,0.89113,0.89138,0.89205,0.89138,0.89113,0.89138,0.89205,0.89138,0.89113,0.89138,0.89205,0.89138,0.89113,0.89138,0.89205,0.89138,0.89113,0.89138,0.89205,0.89138,0.89113,0.89138,0.89205,0.89138,0.89113,0.89138,0.89205,0.89138,0.89113,0.89165,0.89205,0.89081,0.8928,0.88981,0.89205,0.89482,0.88473,0.89787,0.89205,0.87788,0.92364,0.83819,0.64868,0.62926,0.6646,0.63998,0.64868,0.65227,0.6437,0.65016,0.64868,0.64719,0.64872,0.64773,0.64868,0.64819,0.64801,0.64819,0.64868,0.64819,0.64801,0.64819,0.64868,0.64819,0.64801,0.64819,0.64868,0.64819,0.64801,0.64819,0.64868,0.64819,0.64801,0.64819,0.64868,0.64819,0.64801,0.64819,0.64868,0.64819,0.64801,0.64819,0.64868,0.64819,0.64801,0.64819,0.64868,0.64819,0.64801,0.64819,0.64868,0.64819,0.64801,0.64819,0.64868,0.64819,0.64801,0.64819,0.64868,0.64819,0.64801,0.64819,0.64868,0.64819,0.64801,0.64819,0.64868,0.64819,0.64801,0.64819,0.64868,0.64819,0.64801,0.64819,0.64868,0.64819,0.64801,0.64819,0.64868,0.64819,0.64801,0.64819,0.64868,0.64819,0.64801,0.64819,0.64868,0.64819,0.64801,0.64819,0.64868,0.64819,0.64801,0.64819,0.64868,0.64819,0.64801,0.64819,0.64868,0.64819,0.64801,0.64819,0.64868,0.64819,0.64801,0.64819,0.64868,0.64819,0.64801,0.64819,0.64868,0.64819,0.64801,0.64819,0.64868,0.64819,0.64801,0.64893,0.64868,0.64667,0.65247,0.644,0.64868,0.65736,0.63096,0.66548,0.64868,0.61221,0.73467,0.50641
0.15394,0.1658,0.14329,0.15902,0.15394,0.15125,0.15651,0.15258,0.15394,0.15446,0.15334,0.15412,0.15394,0.15383,0.15378,0.15383,0.15394,0.15383,0.15378,0.15383,0.15394,0.15383,0.15378,0.15383,0.15394,0.15383,0.15378,0.15383,0.15394,0.15383,0.15378,0.15383,0.15394,0.15383,0.15378,0.15383,0.15394,0.15383,0.15378,0.15383,0.15394,0.15383,0.15378,0.15383,0.15394,0.15383,0.15378,0.15383,0.15394,0.15383,0.15378,0.15383,0.15394,0.15383,0.15378,0.15383,0.15394,0.15383,0.15378,0.15383,0.15394,0.15383,0.15378,0.15383,0.15394,0.15383,0.15378,0.15383,0.15394,0.15383,0.15378,0.15383,0.15394,0.15383,0.15378,0.15383,0.15394,0.15383,0.15378,0.15383,0.15394,0.15383,0.15378,0.15383,0.15394,0.15383,0.15378,0.15383,0.15394,0.15383,0.15378,0.15383,0.15394,0.15383,0.15378,0.15383,0.15394,0.15383,0.15378,0.15383,0.15394,0.15383,0.15378,0.15383,0.15394,0.15383,0.15378,0.15383,0.15394,0.15383,0.15378,0.15383,0.15394,0.15383,0.15378,0.15305,0.15394,0.15545,0.14903,0.1583,0.15394,0.14405,0.17197,0.13539,0.15394,0.1922,0.061379,0.30502,0.84565,0.89881,0.79762,0.86835,0.84565,0.83342,0.85704,0.83942,0.84565,0.84787,0.84276,0.84632,0.84565,0.84501,0.84477,0.84501,0.84565,0.84501,0.84477,0.84501,0.84565,0.84501,0.84477,0.84501,0.84565,0.84501,0.84477,0.84501,0.84565,0.84501,0.84477,0.84501,0.84565,0.84501,0.84477,0.84501,0.84565,0.84501,0.84477,0.84501,0.84565,0.84501,0.84477,0.84501,0.84565,0.84501,0.84477,0.84501,0.84565,0.84501,0.84477,0.84501,0.84565,0.84501,0.84477,0.84501,0.84565,0.84501,0.84477,0.84501,0.84565,0.84501,0.84477,0.84501,0.84565,0.84501,0.84477,0.84501,0.84565,0.84501,0.84477,0.84501,0.84565,0.84501,0.84477,0.84501,0.84565,0.84501,0.84477,0.84501,0.84565,0.84501,0.84477,0.84501,0.84565,0.84501,0.84477,0.84501,0.84565,0.84501,0.84477,0.84501,0.84565,0.84501,0.84477,0.84501,0.84565,0.84501,0.84477,0.84501,0.84565,0.84501,0.84477,0.84501,0.84565,0.84501,0.84477,0.84501,0.84565,0.84501,0.84477,0.84501,0.84565,0.84501,0.84477,0.84596,0.84565,0.84302,0.85058,0.83954,0.84565,0.85696,0.82254,0.86754,0.84565,0.79809,0.95774,0.66017
0.67066,0.72231,0.62425,0.69279,0.67066,0.65892,0.68186,0.66474,0.67066,0.67292,0.66801,0.67143,0.67066,0.67015,0.66996,0.67015,0.67066,0.67015,0.66996,0.67015,0.67066,0.67015,0.66996,0.67015,0.67066,0.67015,0.66996,0.67015,0.67066,0.67015,0.66996,0.67015,0.67066,0.67015,0.66996,0.67015,0.67066,0.67015,0.66996,0.67015,0.67066,0.67015,0.66996,0.67015,0.67066,0.67015,0.66996,0.67015,0.67066,0.67015,0.66996,0.67015,0.67066,0.67015,0.66996,0.67015,0.67066,0.67015,0.66996,0.67015,0.67066,0.67015,0.66996,0.67015,0.67066,0.67015,0.66996,0.67015,0.67066,0.67015,0.66996,0.67015,0.67066,0.67015,0.66996,0.67015,0.67066,0.67015,0.66996,0.67015,0.67066,0.67015,0.66996,0.67015,0.67066,0.67015,0.66996,0.67015,0.67066,0.67015,0.66996,0.67015,0.67066,0.67015,0.66996,0.67015,0.67066,0.67015,0.66996,0.67015,0.67066,0.67015,0.66996,0.67015,0.67066,0.67015,0.66996,0.67015,0.67066,0.67015,0.66996,0.67015,0.67066,0.67015,0.66996,0.66999,0.67066,0.67048,0.66901,0.67104,0.67066,0.6682,0.6736,0.66647,0.67066,0.67782,0.6515,0.70036,0.80887,0.81901,0.79861,0.81292,0.80887,0.80594,0.81048,0.80714,0.80887,0.80883,0.80763,0.80852,0.80887,0.80826,0.80803,0.80826,0.80887,0.80826,0.80803,0.80826,0.80887,0.80826,0.80803,0.80826,0.80887,0.80826,0.80803,0.80826,0.80887,0.80826,0.80803,0.80826,0.80887,0.80826,0.80803,0.80826,0.80887,0.80826,0.80803,0.80826,0.80887,0.80826,0.80803,0.80826,0.80887,0.80826,0.80803,0.80826,0.80887,0.80826,0.80803,0.80826,0.80887,0.80826,0.80803,0.80826,0.80887,0.80826,0.80803,0.80826,0.80887,0.80826,0.80803,0.80826,0.80887,0.80826,0.80803,0.80826,0.80887,0.80826,0.80803,0.80826,0.80887,0.80826,0.80803,0.80826,0.80887,0.80826,0.80803,0.80826,0.80887,0.80826,0.80803,0.80826,0.80887,0.80826,0.80803,0.80826,0.80887,0.80826,0.80803,0.80826,0.80887,0.80826,0.80803,0.80826,0.80887,0.80826,0.80803,0.80826,0.80887,0.80826,0.80803,0.80826,0.80887,0.80826,0.80803,0.80826,0.80887,0.80826,0.80803,0.80826,0.80887,0.80826,0.80803,0.80917,0.80887,0.80636,0.81359,0.80303,0.80887,0.81969,0.78677,0.82981,0.80887,0.76339,0.91609,0.63146
0.7911,0.85204,0.73636,0.81721,0.7911,0.77726,0.80431,0.78412,0.7911,0.79378,0.78798,0.79201,0.7911,0.79051,0.79028,0.79051,0.7911,0.79051,0.79028,0.79051,0.7911,0.79051,0.79028,0.79051,0.7911,0.79051,0.79028,0.79051,0.7911,0.79051,0.79028,0.79051,0.7911,0.79051,0.79028,0.79051,0.7911,0.79051,0.79028,0.79051,0.7911,0.79051,0.79028,0.79051,0.7911,0.79051,0.79028,0.79051,0.7911,0.79051,0.79028,0.79051,0.7911,0.79051,0.79028,0.79051,0.7911,0.79051,0.79028,0.79051,0.7911,0.79051,0.79028,0.79051,0.7911,0.79051,0.79028,0.79051,0.7911,0.79051,0.79028,0.79051,0.7911,0.79051,0.79028,0.79051,0.7911,0.79051,0.79028,0.79051,0.7911,0.79051,0.79028,0.79051,0.7911,0.79051,0.79028,0.79051,0.7911,0.79051,0.79028,0.79051,0.7911,0.79051,0.79028,0.79051,0.7911,0.79051,0.79028,0.79051,0.7911,0.79051,0.79028,0.79051,0.7911,0.79051,0.79028,0.79051,0.7911,0.79051,0.79028,0.79051,0.7911,0.79051,0.79028,0.79071,0.7911,0.79007,0.79155,0.78932,0.7911,0.79311,0.78545,0.79541,0.7911,0.7803,0.81486,0.7503,0.60714,0.59238,0.61905,0.60048,0.60714,0.60976,0.60325,0.60817,0.60714,0.60592,0.60705,0.60633,0.60714,0.60668,0.60651,0.60668,0.60714,0.60668,0.60651,0.60668,0.60714,0.60668,0.60651,0.60668,0.60714,0.60668,0.60651,0.60668,0.60714,0.60668,0.60651,0.60668,0.60714,0.60668,0.60651,0.60668,0.60714,0.60668,0.60651,0.60668,0.60714,0.60668,0.60651,0.60668,0.60714,0.60668,0.60651,0.60668,0.60714,0.60668,0.60651,0.60668,0.60714,0.60668,0.60651,0.60668,0.60714,0.60668,0.60651,0.60668,0.60714,0.60668,0.60651,0.60668,0.60714,0.60668,0.60651,0.60668,0.60714,0.60668,0.60651,0.60668,0.60714,0.60668,0.60651,0.60668,0.60714,0.60668,0.60651,0.60668,0.60714,0.60668,0.60651,0.60668,0.60714,0.60668,0.60651,0.60668,0.60714,0.60668,0.60651,0.60668,0.60714,0.60668,0.60651,0.60668,0.60714,0.60668,0.60651,0.60668,0.60714,0.60668,0.60651,0.60668,0.60714,0.60668,0.60651,0.60668,0.60714,0.60668,0.60651,0.60668,0.60714,0.60668,0.60651,0.60737,0.60714,0.60526,0.61069,0.60276,0.60714,0.61526,0.59055,0.62286,0.60714,0.573,0.68762,0.47398
0.89379,0.96264,0.83194,0.92328,0.89379,0.87815,0.90872,0.8859,0.89379,0.89681,0.89027,0.89482,0.89379,0.89312,0.89287,0.89312,0.89379,0.89312,0.89287,0.89312,0.89379,0.89312,0.89287,0.89312,0.89379,0.89312,0.89287,0.89312,0.89379,0.89312,0.89287,0.89312,0.89379,0.89312,0.89287,0.89312,0.89379,0.89312,0.89287,0.89312,0.89379,0.89312,0.89287,0.89312,0.89379,0.89312,0.89287,0.89312,0.89379,0.89312,0.89287,0.89312,0.89379,0.89312,0.89287,0.89312,0.89379,0.89312,0.89287,0.89312,0.89379,0.89312,0.89287,0.89312,0.89379,0.89312,0.89287,0.89312,0.89379,0.89312,0.89287,0.89312,0.89379,0.89312,0.89287,0.89312,0.89379,0.89312,0.89287,0.89312,0.89379,0.89312,0.89287,0.89312,0.89379,0.89312,0.89287,0.89312,0.89379,0.89312,0.89287,0.89312,0.89379,0.89312,0.89287,0.89312,0.89379,0.89312,0.89287,0.89312,0.89379,0.89312,0.89287,0.89312,0.89379,0.89312,0.89287,0.89312,0.89379,0.89312,0.89287,0.89312,0.89379,0.89312,0.89287,0.89401,0.89379,0.89126,0.89831,0.888,0.89379,0.9043,0.87207,0.9142,0.89379,0.84923,0.99856,0.72019,0.10261,0.040999,0.15644,0.075834,0.10261,0.11579,0.088478,0.10892,0.10261,0.099266,0.10481,0.10103,0.10261,0.10254,0.10251,0.10254,0.10261,0.10254,0.10251,0.10254,0.10261,0.10254,0.10251,0.10254,0.10261,0.10254,0.10251,0.10254,0.10261,0.10254,0.10251,0.10254,0.10261,0.10254,0.10251,0.10254,0.10261,0.10254,0.10251,0.10254,0.10261,0.10254,0.10251,0.10254,0.10261,0.10254,0.10251,0.10254,0.10261,0.10254,0.10251,0.10254,0.10261,0.10254,0.10251,0.10254,0.10261,0.10254,0.10251,0.10254,0.10261,0.10254,0.10251,0.10254,0.10261,0.10254,0.10251,0.10254,0.10261,0.10254,0.10251,0.10254,0.10261,0.10254,0.10251,0.10254,0.10261,0.10254,0.10251,0.10254,0.10261,0.10254,0.10251,0.10254,0.10261,0.10254,0.10251,0.10254,0.10261,0.10254,0.10251,0.10254,0.10261,0.10254,0.10251,0.10254,0.10261,0.10254,0.10251,0.10254,0.10261,0.10254,0.10251,0.10254,0.10261,0.10254,0.10251,0.10254,0.10261,0.10254,0.10251,0.10254,0.10261,0.10254,0.10251,0.10265,0.10261,0.1023,0.10321,0.10187,0.10261,0.10399,0.09981,0.10527,0.10261,0.096844,0.11622,0.080108
0.50221,0.54153,0.46631,0.52003,0.50221,0.4911,0.51536,0.49302,0.50221,0.51719,0.44409,0.37701,0.38973,0.39433,0.38427,0.39204,0.38973,0.38762,0.39162,0.38737,0.38973,0.40299,0.4073,0.40598,0.40649,0.40504,0.4086,0.40341,0.40649,0.41234,0.39109,0.43083,0.51939,0.52776,0.51123,0.52273,0.51939,0.51726,0.52055,0.51839,0.51939,0.5187,0.522,0.52748,0.52662,0.52554,0.5272,0.5253,0.52662,0.52787,0.52284,0.52973,0.52662,0.49033,0.47276,0.4833,0.48029,0.47693,0.48428,0.47596,0.48029,0.48712,0.46323,0.5069,0.60464,0.61479,0.59375,0.61032,0.60464,0.5985,0.61361,0.5958,0.60464,0.62527,0.51663,0.40922,0.43015,0.43757,0.42151,0.43419,0.43015,0.42636,0.43458,0.42528,0.43015,0.46558,0.4805,0.47276,0.47547,0.47597,0.47444,0.4751,0.47547,0.47619,0.47192,0.48046,0.50013,0.5015,0.49832,0.50016,0.50013,0.50012,0.49844,0.50115,0.50013,0.49534,0.51851,0.54206,0.53801,0.53614,0.53875,0.5371,0.53801,0.53745,0.53822,0.53654,0.53801,0.55071,0.55703,0.5534,0.555,0.55556,0.553,0.55581,0.555,0.55241,0.55964,0.5463,0.51785,0.51496,0.51918,0.51693,0.51785,0.51673,0.51943,0.51499,0.51785,0.52499,0.48479,0.44395,0.45229,0.45504,0.44834,0.45397,0.45229,0.44988,0.45521,0.44828,0.45229,0.48358,0.49559,0.49069,0.49213,0.49032,0.49522,0.48761,0.49213,0.50131,0.46852,0.5301,0.66895,0.68291,0.655,0.67572,0.66895,0.66305,0.67639,0.66202,0.66895,0.6831,0.60884,0.53668,0.55085,0.55565,0.54479,0.55334,0.55085,0.54819,0.55338,0.54766,0.55085,0.57218,0.58166,0.57633,0.57855,0.57938,0.57622,0.57951,0.57855,0.57583,0.58335,0.56963,0.54064,0.53772,0.54193,0.53975,0.54064,0.53938,0.54247,0.53748,0.54064,0.54853,0.50427,0.45925,0.46843,0.47152,0.46402,0.47039,0.46843,0.46562,0.47202,0.46385,0.46843,0.50645,0.52318,0.51435,0.51739,0.51817,0.51583,0.51744,0.51739,0.51722,0.51585,0.51905,0.52706,0.52732,0.52612,0.5267,0.52706,0.52703,0.52559,0.52767,0.52706,0.52353,0.53955,0.55529,0.55287,0.55183,0.55237,0.5529,0.55287,0.55079,0.556,0.54878,0.55287,0.59629,0.62229,0.60329,0.61092,0.62064,0.5927,0.62756,0.61092,0.57619,0.6923,0.47679
0.84328,0.90823,0.78492,0.8711,0.84328,0.82852,0.85736,0.83583,0.84328,0.84612,0.83995,0.84424,0.84328,0.84264,0.8424,0.84264,0.84328,0.84264,0.8424,0.84264,0.84328,0.84264,0.8424,0.84264,0.84328,0.84264,0.8424,0.84264,0.84328,0.84264,0.8424,0.84264,0.84328,0.84264,0.8424,0.84264,0.84328,0.84264,0.8424,0.84264,0.84328,0.84264,0.8424,0.84264,0.84328,0.84264,0.8424,0.84264,0.84328,0.84264,0.8424,0.84264,0.84328,0.84264,0.8424,0.84264,0.84328,0.84264,0.8424,0.84264,0.84328,0.84264,0.8424,0.84264,0.84328,0.84264,0.8424,0.84264,0.84328,0.84264,0.8424,0.84264,0.84328,0.84264,0.8424,0.84264,0.84328,0.84264,0.8424,0.84264,0.84328,0.84264,0.8424,0.84264,0.84328,0.84264,0.8424,0.84264,0.84328,0.84264,0.8424,0.84264,0.84328,0.84264,0.8424,0.84264,0.84328,0.84264,0.8424,0.84264,0.84328,0.84264,0.8424,0.84264,0.84328,0.84264,0.8424,0.84264,0.84328,0.84264,0.8424,0.84264,0.84328,0.84264,0.8424,0.84264,0.84328,0.84264,0.8424,0.84264,0.84328,0.84264,0.8424,0.84264,0.84328,0.84264,0.8424,0.84264,0.84328,0.84264,0.8424,0.84264,0.84328,0.84264,0.8424,0.84264,0.84328,0.84264,0.8424,0.84264,0.84328,0.84264,0.8424,0.84264,0.84328,0.84264,0.8424,0.84264,0.84328,0.84264,0.8424,0.84264,0.84328,0.84264,0.8424,0.84264,0.84328,0.84264,0.8424,0.84264,0.84328,0.84264,0.8424,0.84264,0.84328,0.84264,0.8424,0.84264,0.84328,0.84264,0.8424,0.84264,0.84328,0.84264,0.8424,0.84264,0.84328,0.84264,0.8424,0.84264,0.84328,0.84264,0.8424,0.84264,0.84328,0.84264,0.8424,0.84264,0.84328,0.84264,0.8424,0.84264,0.84328,0.84264,0.8424,0.84264,0.84328,0.84264,0.8424,0.84264,0.84328,0.84264,0.8424,0.84264,0.84328,0.84264,0.8424,0.84264,0.84328,0.84264,0.8424,0.84264,0.84328,0.84264,0.8424,0.84264,0.84328,0.84264,0.8424,0.84264,0.84328,0.84264,0.8424,0.84264,0.84328,0.84264,0.8424,0.84264,0.84328,0.84264,0.8424,0.84264,0.84328,0.84264,0.8424,0.84264,0.84328,0.84264,0.8424,0.84264,0.84328,0.84264,0.8424,0.84359,0.84328,0.84066,0.8482,0.83719,0.84328,0.85456,0.82023,0.86511,0.84328,0.79586,0.95506,0.65832
0.83429,0.89855,0.77656,0.86182,0.83429,0.81969,0.84823,0.82693,0.83429,0.83711,0.831,0.83525,0.83429,0.83366,0.83343,0.83366,0.83429,0.83366,0.83343,0.83366,0.83429,0.83366,0.83343,0.83366,0.83429,0.83366,0.83343,0.83366,0.83429,0.83366,0.83343,0.83366,0.83429,0.83366,0.83343,0.83366,0.83429,0.83366,0.83343,0.83366,0.83429,0.83366,0.83343,0.83366,0.83429,0.83366,0.83343,0.83366,0.83429,0.83366,0.83343,0.83366,0.83429,0.83366,0.83343,0.83366,0.83429,0.83366,0.83343,0.83366,0.83429,0.83366,0.83343,0.83366,0.83429,0.83366,0.83343,0.83366,0.83429,0.83366,0.83343,0.83366,0.83429,0.83366,0.83343,0.83366,0.83429,0.83366,0.83343,0.83366,0.83429,0.83366,0.83343,0.83366,0.83429,0.83366,0.83343,0.83366,0.83429,0.83366,0.83343,0.83366,0.83429,0.83366,0.83343,0.83366,0.83429,0.83366,0.83343,0.83366,0.83429,0.83366,0.83343,0.83366,0.83429,0.83366,0.83343,0.83366,0.83429,0.83366,0.83343,0.83366,0.83429,0.83366,0.83343,0.83366,0.83429,0.83366,0.83343,0.83366,0.83429,0.83366,0.83343,0.83366,0.83429,0.83366,0.83343,0.83366,0.83429,0.83366,0.83343,0.83366,0.83429,0.83366,0.83343,0.83366,0.83429,0.83366,0.83343,0.83366,0.83429,0.83366,0.83343,0.83366,0.83429,0.83366,0.83343,0.83366,0.83429,0.83366,0.83343,0.83366,0.83429,0.83366,0.83343,0.83366,0.83429,0.83366,0.83343,0.83366,0.83429,0.83366,0.83343,0.83366,0.83429,0.83366,0.83343,0.83366,0.83429,0.83366,0.83343,0.83366,0.83429,0.83366,0.83343,0.83366,0.83429,0.83366,0.83343,0.83366,0.83429,0.83366,0.83343,0.83366,0.83429,0.83366,0.83343,0.83366,0.83429,0.83366,0.83343,0.83366,0.83429,0.83366,0.83343,0.83366,0.83429,0.83366,0.83343,0.83366,0.83429,0.83366,0.83343,0.83366,0.83429,0.83366,0.83343,0.83366,0.83429,0.83366,0.83343,0.83366,0.83429,0.83366,0.83343,0.83366,0.83429,0.83366,0.83343,0.83366,0.83429,0.83366,0.83343,0.83366,0.83429,0.83366,0.83343,0.83366,0.83429,0.83366,0.83343,0.83366,0.83429,0.83366,0.83343,0.83366,0.83429,0.83366,0.83343,0.83366,0.83429,0.83366,0.83343,0.83461,0.83429,0.8317,0.83916,0.82827,0.83429,0.84545,0.8115,0.8559,0.83429,0.78738,0.94488,0.65131
0.81969,0.88282,0.76296,0.84673,0.81969,0.80534,0.83337,0.81245,0.81969,0.82246,0.81645,0.82063,0.81969,0.81907,0.81884,0.81907,0.81969,0.81907,0.81884,0.81907,0.81969,0.81907,0.81884,0.81907,0.81969,0.81907,0.81884,0.81907,0.81969,0.81907,0.81884,0.81907,0.81969,0.81907,0.81884,0.81907,0.81969,0.81907,0.81884,0.81907,0.81969,0.81907,0.81884,0.81907,0.81969,0.81907,0.81884,0.81907,0.81969,0.81907,0.81884,0.81907,0.81969,0.81907,0.81884,0.81907,0.81969,0.81907,0.81884,0.81907,0.81969,0.81907,0.81884,0.81907,0.81969,0.81907,0.81884,0.81907,0.81969,0.81907,0.81884,0.81907,0.81969,0.81907,0.81884,0.81907,0.81969,0.81907,0.81884,0.81907,0.81969,0.81907,0.81884,0.81907,0.81969,0.81907,0.81884,0.81907,0.81969,0.81907,0.81884,0.81907,0.81969,0.81907,0.81884,0.81907,0.81969,0.81907,0.81884,0.81907,0.81969,0.81907,0.81884,0.81907,0.81969,0.81907,0.81884,0.81907,0.81969,0.81907,0.81884,0.81907,0.81969,0.81907,0.81884,0.81907,0.81969,0.81907,0.81884,0.81907,0.81969,0.81907,0.81884,0.81907,0.81969,0.81907,0.81884,0.81907,0.81969,0.81907,0.81884,0.81907,0.81969,0.81907,0.81884,0.81907,0.81969,0.81907,0.81884,0.81907,0.81969,0.81907,0.81884,0.81907,0.81969,0.81907,0.81884,0.81907,0.81969,0.81907,0.81884,0.81907,0.81969,0.81907,0.81884,0.81907,0.81969,0.81907,0.81884,0.81907,0.81969,0.81907,0.81884,0.81907,0.81969,0.81907,0.81884,0.81907,0.81969,0.81907,0.81884,0.81907,0.81969,0.81907,0.81884,0.81907,0.81969,0.81907,0.81884,0.81907,0.81969,0.81907,0.81884,0.81907,0.81969,0.81907,0.81884,0.81907,0.81969,0.81907,0.81884,0.81907,0.81969,0.81907,0.81884,0.81907,0.81969,0.81907,0.81884,0.81907,0.81969,0.81907,0.81884,0.81907,0.81969,0.81907,0.81884,0.81907,0.81969,0.81907,0.81884,0.81907,0.81969,0.81907,0.81884,0.81907,0.81969,0.81907,0.81884,0.81907,0.81969,0.81907,0.81884,0.81907,0.81969,0.81907,0.81884,0.81907,0.81969,0.81907,0.81884,0.81907,0.81969,0.81907,0.81884,0.81907,0.81969,0.81907,0.81884,0.81907,0.81969,0.81907,0.81884,0.81999,0.81969,0.81714,0.82447,0.81377,0.81969,0.83065,0.79729,0.84091,0.81969,0.77359,0.92834,0.6399
0.5335,0.57459,0.49658,0.5511,0.5335,0.52416,0.54241,0.52879,0.5335,0.5353,0.53139,0.53411,0.5335,0.5331,0.53295,0.5331,0.5335,0.5331,0.53295,0.5331,0.5335,0.5331,0.53295,0.5331,0.5335,0.5331,0.53295,0.5331,0.5335,0.5331,0.53295,0.5331,0.5335,0.5331,0.53295,0.5331,0.5335,0.5331,0.53295,0.5331,0.5335,0.5331,0.53295,0.5331,0.5335,0.5331,0.53295,0.5331,0.5335,0.5331,0.53295,0.5331,0.5335,0.5331,0.53295,0.5331,0.5335,0.5331,0.53295,0.5331,0.5335,0.5331,0.53295,0.5331,0.5335,0.5331,0.53295,0.5331,0.5335,0.5331,0.53295,0.5331,0.5335,0.5331,0.53295,0.5331,0.5335,0.5331,0.53295,0.5331,0.5335,0.5331,0.53295,0.5331,0.5335,0.5331,0.53295,0.5331,0.5335,0.5331,0.53295,0.5331,0.5335,0.5331,0.53295,0.5331,0.5335,0.5331,0.53295,0.5331,0.5335,0.5331,0.53295,0.5331,0.5335,0.5331,0.53295,0.5331,0.5335,0.5331,0.53295,0.5331,0.5335,0.5331,0.53295,0.5328,0.5335,0.53371,0.53116,0.53478,0.5335,0.52941,0.5398,0.52615,0.5335,0.54756,0.49812,0.59008,0.79421,0.81389,0.77561,0.80241,0.79421,0.78924,0.79801,0.7915,0.79421,0.79469,0.79263,0.7941,0.79421,0.79361,0.79339,0.79361,0.79421,0.79361,0.79339,0.79361,0.79421,0.79361,0.79339,0.79361,0.79421,0.79361,0.79339,0.79361,0.79421,0.79361,0.79339,0.79361,0.79421,0.79361,0.79339,0.79361,0.79421,0.79361,0.79339,0.79361,0.79421,0.79361,0.79339,0.79361,0.79421,0.79361,0.79339,0.79361,0.79421,0.79361,0.79339,0.79361,0.79421,0.79361,0.79339,0.79361,0.79421,0.79361,0.79339,0.79361,0.79421,0.79361,0.79339,0.79361,0.79421,0.79361,0.79339,0.79361,0.79421,0.79361,0.79339,0.79361,0.79421,0.79361,0.79339,0.79361,0.79421,0.79361,0.79339,0.79361,0.79421,0.79361,0.79339,0.79361,0.79421,0.79361,0.79339,0.79361,0.79421,0.79361,0.79339,0.79361,0.79421,0.79361,0.79339,0.79361,0.79421,0.79361,0.79339,0.79361,0.79421,0.79361,0.79339,0.79361,0.79421,0.79361,0.79339,0.79361,0.79421,0.79361,0.79339,0.79361,0.79421,0.79361,0.79339,0.7945,0.79421,0.79174,0.79884,0.78847,0.79421,0.80483,0.77251,0.81477,0.79421,0.74955,0.89948,0.62001
0.77215,0.83162,0.71872,0.79763,0.77215,0.75864,0.78504,0.76533,0.77215,0.77476,0.7691,0.77303,0.77215,0.77157,0.77135,0.77157,0.77215,0.77157,0.77135,0.77157,0.77215,0.77157,0.77135,0.77157,0.77215,0.77157,0.77135,0.77157,0.77215,0.77157,0.77135,0.77157,0.77215,0.77157,0.77135,0.77157,0.77215,0.77157,0.77135,0.77157,0.77215,0.77157,0.77135,0.77157,0.77215,0.77157,0.77135,0.77157,0.77215,0.77157,0.77135,0.77157,0.77215,0.77157,0.77135,0.77157,0.77215,0.77157,0.77135,0.77157,0.77215,0.77157,0.77135,0.77157,0.77215,0.77157,0.77135,0.77157,0.77215,0.77157,0.77135,0.77157,0.77215,0.77157,0.77135,0.77157,0.77215,0.77157,0.77135,0.77157,0.77215,0.77157,0.77135,0.77157,0.77215,0.77157,0.77135,0.77157,0.77215,0.77157,0.77135,0.77157,0.77215,0.77157,0.77135,0.77157,0.77215,0.77157,0.77135,0.77157,0.77215,0.77157,0.77135,0.77157,0.77215,0.77157,0.77135,0.77157,0.77215,0.77157,0.77135,0.77157,0.77215,0.77157,0.77135,0.77157,0.77215,0.77157,0.77135,0.77157,0.77215,0.77157,0.77135,0.77157,0.77215,0.77157,0.77135,0.77157,0.77215,0.77157,0.77135,0.77157,0.77215,0.77157,0.77135,0.77157,0.77215,0.77157,0.77135,0.77157,0.77215,0.77157,0.77135,0.77157,0.77215,0.77157,0.77135,0.77157,0.77215,0.77157,0.77135,0.77157,0.77215,0.77157,0.77135,0.77157,0.77215,0.77157,0.77135,0.77157,0.77215,0.77157,0.77135,0.77157,0.77215,0.77157,0.77135,0.77157,0.77215,0.77157,0.77135,0.77157,0.77215,0.77157,0.77135,0.77157,0.77215,0.77157,0.77135,0.77157,0.77215,0.77157,0.77135,0.77157,0.77215,0.77157,0.77135,0.77157,0.77215,0.77157,0.77135,0.77157,0.77215,0.77157,0.77135,0.77157,0.77215,0.77157,0.77135,0.77157,0.77215,0.77157,0.77135,0.77157,0.77215,0.77157,0.77135,0.77157,0.77215,0.77157,0.77135,0.77157,0.77215,0.77157,0.77135,0.77157,0.77215,0.77157,0.77135,0.77157,0.77215,0.77157,0.77135,0.77157,0.77215,0.77157,0.77135,0.77157,0.77215,0.77157,0.77135,0.77157,0.77215,0.77157,0.77135,0.77157,0.77215,0.77157,0.77135,0.77157,0.77215,0.77157,0.77135,0.77244,0.77215,0.76975,0.77666,0.76658,0.77215,0.78248,0.75105,0.79214,0.77215,0.72873,0.8745,0.60279
0.74318,0.80042,0.69175,0.7677,0.74318,0.73017,0.75559,0.73661,0.74318,0.74569,0.74024,0.74403,0.74318,0.74261,0.74241,0.74261,0.74318,0.74261,0.74241,0.74261,0.74318,0.74261,0.74241,0.74261,0.74318,0.74261,0.74241,0.74261,0.74318,0.74261,0.74241,0.74261,0.74318,0.74261,0.74241,0.74261,0.74318,0.74261,0.74241,0.74261,0.74318,0.74261,0.74241,0.74261,0.74318,0.74261,0.74241,0.74261,0.74318,0.74261,0.74241,0.74261,0.74318,0.74261,0.74241,0.74261,0.74318,0.74261,0.74241,0.74261,0.74318,0.74261,0.74241,0.74261,0.74318,0.74261,0.74241,0.74261,0.74318,0.74261,0.74241,0.74261,0.74318,0.74261,0.74241,0.74261,0.74318,0.74261,0.74241,0.74261,0.74318,0.74261,0.74241,0.74261,0.74318,0.74261,0.74241,0.74261,0.74318,0.74261,0.74241,0.74261,0.74318,0.74261,0.74241,0.74261,0.74318,0.74261,0.74241,0.74261,0.74318,0.74261,0.74241,0.74261,0.74318,0.74261,0.74241,0.74261,0.74318,0.74261,0.74241,0.74261,0.74318,0.74261,0.74241,0.74261,0.74318,0.74261,0.74241,0.74261,0.74318,0.74261,0.74241,0.74261,0.74318,0.74261,0.74241,0.74261,0.74318,0.74261,0.74241,0.74261,0.74318,0.74261,0.74241,0.74261,0.74318,0.74261,0.74241,0.74261,0.74318,0.74261,0.74241,0.74261,0.74318,0.74261,0.74241,0.74261,0.74318,0.74261,0.74241,0.74261,0.74318,0.74261,0.74241,0.74261,0.74318,0.74261,0.74241,0.74261,0.74318,0.74261,0.74241,0.74261,0.74318,0.74261,0.74241,0.74261,0.74318,0.74261,0.74241,0.74261,0.74318,0.74261,0.74241,0.74261,0.74318,0.74261,0.74241,0.74261,0.74318,0.74261,0.74241,0.74261,0.74318,0.74261,0.74241,0.74261,0.74318,0.74261,0.74241,0.74261,0.74318,0.74261,0.74241,0.74261,0.74318,0.74261,0.74241,0.74261,0.74318,0.74261,0.74241,0.74261,0.74318,0.74261,0.74241,0.74261,0.74318,0.74261,0.74241,0.74261,0.74318,0.74261,0.74241,0.74261,0.74318,0.74261,0.74241,0.74261,0.74318,0.74261,0.74241,0.74261,0.74318,0.74261,0.74241,0.74261,0.74318,0.74261,0.74241,0.74261,0.74318,0.74261,0.74241,0.74261,0.74318,0.74261,0.74241,0.74261,0.74318,0.74261,0.74241,0.74345,0.74318,0.74087,0.74751,0.73781,0.74318,0.75312,0.72287,0.76242,0.74318,0.70139,0.84169,0.58017
0.30037,0.3235,0.27958,0.31028,0.30037,0.29511,0.30538,0.29771,0.30037,0.30138,0.29918,0.30071,0.30037,0.30014,0.30005,0.30014,0.30037,0.30014,0.30005,0.30014,0.30037,0.30014,0.30005,0.30014,0.30037,0.30014,0.30005,0.30014,0.30037,0.30014,0.30005,0.30014,0.30037,0.30014,0.30005,0.30014,0.30037,0.30014,0.30005,0.30014,0.30037,0.30014,0.30005,0.30014,0.30037,0.30014,0.30005,0.30014,0.30037,0.30014,0.30005,0.30014,0.30037,0.30014,0.30005,0.30014,0.30037,0.30014,0.30005,0.30014,0.30037,0.30014,0.30005,0.30014,0.30037,0.30014,0.30005,0.30014,0.30037,0.30014,0.30005,0.30014,0.30037,0.30014,0.30005,0.30014,0.30037,0.30014,0.30005,0.30014,0.30037,0.30014,0.30005,0.30014,0.30037,0.30014,0.30005,0.30014,0.30037,0.30014,0.30005,0.30014,0.30037,0.30014,0.30005,0.30014,0.30037,0.30014,0.30005,0.30014,0.30037,0.30014,0.30005,0.30014,0.30037,0.30014,0.30005,0.30014,0.30037,0.30014,0.30005,0.30014,0.30037,0.30014,0.30005,0.2996,0.30037,0.30127,0.29675,0.30324,0.30037,0.29335,0.31268,0.28734,0.30037,0.32679,0.23588,0.40513,0.78073,0.8175,0.74718,0.79635,0.78073,0.77209,0.78844,0.77626,0.78073,0.78212,0.77852,0.78105,0.78073,0.78014,0.77992,0.78014,0.78073,0.78014,0.77992,0.78014,0.78073,0.78014,0.77992,0.78014,0.78073,0.78014,0.77992,0.78014,0.78073,0.78014,0.77992,0.78014,0.78073,0.78014,0.77992,0.78014,0.78073,0.78014,0.77992,0.78014,0.78073,0.78014,0.77992,0.78014,0.78073,0.78014,0.77992,0.78014,0.78073,0.78014,0.77992,0.78014,0.78073,0.78014,0.77992,0.78014,0.78073,0.78014,0.77992,0.78014,0.78073,0.78014,0.77992,0.78014,0.78073,0.78014,0.77992,0.78014,0.78073,0.78014,0.77992,0.78014,0.78073,0.78014,0.77992,0.78014,0.78073,0.78014,0.77992,0.78014,0.78073,0.78014,0.77992,0.78014,0.78073,0.78014,0.77992,0.78014,0.78073,0.78014,0.77992,0.78014,0.78073,0.78014,0.77992,0.78014,0.78073,0.78014,0.77992,0.78014,0.78073,0.78014,0.77992,0.78014,0.78073,0.78014,0.77992,0.78014,0.78073,0.78014,0.77992,0.78014,0.78073,0.78014,0.77992,0.78102,0.78073,0.7783,0.78529,0.77509,0.78073,0.79117,0.75939,0.80094,0.78073,0.73683,0.88422,0.60949
0.13185,0.14201,0.12273,0.13621,0.13185,0.12955,0.13406,0.13069,0.13185,0.1323,0.13133,0.13201,0.13185,0.13176,0.13172,0.13176,0.13185,0.13176,0.13172,0.13176,0.13185,0.13176,0.13172,0.13176,0.13185,0.13176,0.13172,0.13176,0.13185,0.13176,0.13172,0.13176,0.13185,0.13176,0.13172,0.13176,0.13185,0.13176,0.13172,0.13176,0.13185,0.13176,0.13172,0.13176,0.13185,0.13176,0.13172,0.13176,0.13185,0.13176,0.13172,0.13176,0.13185,0.13176,0.13172,0.13176,0.13185,0.13176,0.13172,0.13176,0.13185,0.13176,0.13172,0.13176,0.13185,0.13176,0.13172,0.13176,0.13185,0.13176,0.13172,0.13176,0.13185,0.13176,0.13172,0.13176,0.13185,0.13176,0.13172,0.13176,0.13185,0.13176,0.13172,0.13176,0.13185,0.13176,0.13172,0.13176,0.13185,0.13176,0.13172,0.13176,0.13185,0.13176,0.13172,0.13176,0.13185,0.13176,0.13172,0.13176,0.13185,0.13176,0.13172,0.13176,0.13185,0.13176,0.13172,0.13176,0.13185,0.13176,0.13172,0.13176,0.13185,0.13176,0.13172,0.13097,0.13185,0.13339,0.12694,0.13625,0.13185,0.12193,0.15,0.11323,0.13185,0.17032,0.03885,0.2837,0.82703,0.88047,0.77878,0.84986,0.82703,0.81476,0.8385,0.82079,0.82703,0.82927,0.82414,0.82772,0.82703,0.8264,0.82617,0.8264,0.82703,0.8264,0.82617,0.8264,0.82703,0.8264,0.82617,0.8264,0.82703,0.8264,0.82617,0.8264,0.82703,0.8264,0.82617,0.8264,0.82703,0.8264,0.82617,0.8264,0.82703,0.8264,0.82617,0.8264,0.82703,0.8264,0.82617,0.8264,0.82703,0.8264,0.82617,0.8264,0.82703,0.8264,0.82617,0.8264,0.82703,0.8264,0.82617,0.8264,0.82703,0.8264,0.82617,0.8264,0.82703,0.8264,0.82617,0.8264,0.82703,0.8264,0.82617,0.8264,0.82703,0.8264,0.82617,0.8264,0.82703,0.8264,0.82617,0.8264,0.82703,0.8264,0.82617,0.8264,0.82703,0.8264,0.82617,0.8264,0.82703,0.8264,0.82617,0.8264,0.82703,0.8264,0.82617,0.8264,0.82703,0.8264,0.82617,0.8264,0.82703,0.8264,0.82617,0.8264,0.82703,0.8264,0.82617,0.8264,0.82703,0.8264,0.82617,0.8264,0.82703,0.8264,0.82617,0.8264,0.82703,0.8264,0.82617,0.82734,0.82703,0.82446,0.83185,0.82105,0.82703,0.83809,0.80443,0.84844,0.82703,0.78052,0.93665,0.64563
0.81075,0.8732,0.75465,0.8375,0.81075,0.79656,0.82429,0.80359,0.81075,0.81349,0.80755,0.81168,0.81075,0.81014,0.80991,0.81014,0.81075,0.81014,0.80991,0.81014,0.81075,0.81014,0.80991,0.81014,0.81075,0.81014,0.80991,0.81014,0.81075,0.81014,0.80991,0.81014,0.81075,0.81014,0.80991,0.81014,0.81075,0.81014,0.80991,0.81014,0.81075,0.81014,0.80991,0.81014,0.81075,0.81014,0.80991,0.81014,0.81075,0.81014,0.80991,0.81014,0.81075,0.81014,0.80991,0.81014,0.81075,0.81014,0.80991,0.81014,0.81075,0.81014,0.80991,0.81014,0.81075,0.81014,0.80991,0.81014,0.81075,0.81014,0.80991,0.81014,0.81075,0.81014,0.80991,0.81014,0.81075,0.81014,0.80991,0.81014,0.81075,0.81014,0.80991,0.81014,0.81075,0.81014,0.80991,0.81014,0.81075,0.81014,0.80991,0.81014,0.81075,0.81014,0.80991,0.81014,0.81075,0.81014,0.80991,0.81014,0.81075,0.81014,0.80991,0.81014,0.81075,0.81014,0.80991,0.81014,0.81075,0.81014,0.80991,0.81014,0.81075,0.81014,0.80991,0.81014,0.81075,0.81014,0.80991,0.81014,0.81075,0.81014,0.80991,0.81014,0.81075,0.81014,0.80991,0.81014,0.81075,0.81014,0.80991,0.81014,0.81075,0.81014,0.80991,0.81014,0.81075,0.81014,0.80991,0.81014,0.81075,0.81014,0.80991,0.81014,0.81075,0.81014,0.80991,0.81014,0.81075,0.81014,0.80991,0.81014,0.81075,0.81014,0.80991,0.81014,0.81075,0.81014,0.80991,0.81014,0.81075,0.81014,0.80991,0.81014,0.81075,0.81014,0.80991,0.81014,0.81075,0.81014,0.80991,0.81014,0.81075,0.81014,0.80991,0.81014,0.81075,0.81014,0.80991,0.81014,0.81075,0.81014,0.80991,0.81014,0.81075,0.81014,0.80991,0.81014,0.81075,0.81014,0.80991,0.81014,0.81075,0.81014,0.80991,0.81014,0.81075,0.81014,0.80991,0.81014,0.81075,0.81014,0.80991,0.81014,0.81075,0.81014,0.80991,0.81014,0.81075,0.81014,0.80991,0.81014,0.81075,0.81014,0.80991,0.81014,0.81075,0.81014,0.80991,0.81014,0.81075,0.81014,0.80991,0.81014,0.81075,0.81014,0.80991,0.81014,0.81075,0.81014,0.80991,0.81014,0.81075,0.81014,0.80991,0.81014,0.81075,0.81014,0.80991,0.81014,0.81075,0.81014,0.80991,0.81106,0.81075,0.80824,0.81548,0.8049,0.81075,0.8216,0.7886,0.83175,0.81075,0.76516,0.91822,0.63293
0.79342,0.85453,0.73852,0.8196,0.79342,0.77954,0.80667,0.78642,0.79342,0.7961,0.79029,0.79433,0.79342,0.79282,0.7926,0.79282,0.79342,0.79282,0.7926,0.79282,0.79342,0.79282,0.7926,0.79282,0.79342,0.79282,0.7926,0.79282,0.79342,0.79282,0.7926,0.79282,0.79342,0.79282,0.7926,0.79282,0.79342,0.79282,0.7926,0.79282,0.79342,0.79282,0.7926,0.79282,0.79342,0.79282,0.7926,0.79282,0.79342,0.79282,0.7926,0.79282,0.79342,0.79282,0.7926,0.79282,0.79342,0.79282,0.7926,0.79282,0.79342,0.79282,0.7926,0.79282,0.79342,0.79282,0.7926,0.79282,0.79342,0.79282,0.7926,0.79282,0.79342,0.79282,0.7926,0.79282,0.79342,0.79282,0.7926,0.79282,0.79342,0.79282,0.7926,0.79282,0.79342,0.79282,0.7926,0.79282,0.79342,0.79282,0.7926,0.79282,0.79342,0.79282,0.7926,0.79282,0.79342,0.79282,0.7926,0.79282,0.79342,0.79282,0.7926,0.79282,0.79342,0.79282,0.7926,0.79282,0.79342,0.79282,0.7926,0.79282,0.79342,0.79282,0.7926,0.79282,0.79342,0.79282,0.7926,0.79282,0.79342,0.79282,0.7926,0.79282,0.79342,0.79282,0.7926,0.79282,0.79342,0.79282,0.7926,0.79282,0.79342,0.79282,0.7926,0.79282,0.79342,0.79282,0.7926,0.79282,0.79342,0.79282,0.7926,0.79282,0.79342,0.79282,0.7926,0.79282,0.79342,0.79282,0.7926,0.79282,0.79342,0.79282,0.7926,0.79282,0.79342,0.79282,0.7926,0.79282,0.79342,0.79282,0.7926,0.79282,0.79342,0.79282,0.7926,0.79282,0.79342,0.79282,0.7926,0.79282,0.79342,0.79282,0.7926,0.79282,0.79342,0.79282,0.7926,0.79282,0.79342,0.79282,0.7926,0.79282,0.79342,0.79282,0.7926,0.79282,0.79342,0.79282,0.7926,0.79282,0.79342,0.79282,0.7926,0.79282,0.79342,0.79282,0.7926,0.79282,0.79342,0.79282,0.7926,0.79282,0.79342,0.79282,0.7926,0.79282,0.79342,0.79282,0.7926,0.79282,0.79342,0.79282,0.7926,0.79282,0.79342,0.79282,0.7926,0.79282,0.79342,0.79282,0.7926,0.79282,0.79342,0.79282,0.7926,0.79282,0.79342,0.79282,0.7926,0.79282,0.79342,0.79282,0.7926,0.79282,0.79342,0.79282,0.7926,0.79282,0.79342,0.79282,0.7926,0.79372,0.79342,0.79096,0.79805,0.78769,0.79342,0.80404,0.77174,0.81397,0.79342,0.74881,0.89859,0.6194
0.70414,0.75837,0.65541,0.72737,0.70414,0.69182,0.7159,0.69792,0.70414,0.70652,0.70136,0.70495,0.70414,0.70361,0.70341,0.70361,0.70414,0.70361,0.70341,0.70361,0.70414,0.70361,0.70341,0.70361,0.70414,0.70361,0.70341,0.70361,0.70414,0.70361,0.70341,0.70361,0.70414,0.70361,0.70341,0.70361,0.70414,0.70361,0.70341,0.70361,0.70414,0.70361,0.70341,0.70361,0.70414,0.70361,0.70341,0.70361,0.70414,0.70361,0.70341,0.70361,0.70414,0.70361,0.70341,0.70361,0.70414,0.70361,0.70341,0.70361,0.70414,0.70361,0.70341,0.70361,0.70414,0.70361,0.70341,0.70361,0.70414,0.70361,0.70341,0.70361,0.70414,0.70361,0.70341,0.70361,0.70414,0.70361,0.70341,0.70361,0.70414,0.70361,0.70341,0.70361,0.70414,0.70361,0.70341,0.70361,0.70414,0.70361,0.70341,0.70361,0.70414,0.70361,0.70341,0.70361,0.70414,0.70361,0.70341,0.70361,0.70414,0.70361,0.70341,0.70361,0.70414,0.70361,0.70341,0.70361,0.70414,0.70361,0.70341,0.70361,0.70414,0.70361,0.70341,0.70361,0.70414,0.70361,0.70341,0.70361,0.70414,0.70361,0.70341,0.70361,0.70414,0.70361,0.70341,0.70361,0.70414,0.70361,0.70341,0.70361,0.70414,0.70361,0.70341,0.70361,0.70414,0.70361,0.70341,0.70361,0.70414,0.70361,0.70341,0.70361,0.70414,0.70361,0.70341,0.70361,0.70414,0.70361,0.70341,0.70361,0.70414,0.70361,0.70341,0.70361,0.70414,0.70361,0.70341,0.70361,0.70414,0.70361,0.70341,0.70361,0.70414,0.70361,0.70341,0.70361,0.70414,0.70361,0.70341,0.70361,0.70414,0.70361,0.70341,0.70361,0.70414,0.70361,0.70341,0.70361,0.70414,0.70361,0.70341,0.70361,0.70414,0.70361,0.70341,0.70361,0.70414,0.70361,0.70341,0.70361,0.70414,0.70361,0.70341,0.70361,0.70414,0.70361,0.70341,0.70361,0.70414,0.70361,0.70341,0.70361,0.70414,0.70361,0.70341,0.70361,0.70414,0.70361,0.70341,0.70361,0.70414,0.70361,0.70341,0.70361,0.70414,0.70361,0.70341,0.70361,0.70414,0.70361,0.70341,0.70361,0.70414,0.70361,0.70341,0.70361,0.70414,0.70361,0.70341,0.70361,0.70414,0.70361,0.70341,0.70361,0.70414,0.70361,0.70341,0.70361,0.70414,0.70361,0.70341,0.7044,0.70414,0.70195,0.70825,0.69905,0.70414,0.71356,0.6849,0.72237,0.70414,0.66454,0.79748,0.5497
0.27053,0.29137,0.25181,0.27946,0.27053,0.2658,0.27505,0.26814,0.27053,0.27144,0.26946,0.27084,0.27053,0.27033,0.27025,0.27033,0.27053,0.27033,0.27025,0.27033,0.27053,0.27033,0.27025,0.27033,0.27053,0.27033,0.27025,0.27033,0.27053,0.27033,0.27025,0.27033,0.27053,0.27033,0.27025,0.27033,0.27053,0.27033,0.27025,0.27033,0.27053,0.27033,0.27025,0.27033,0.27053,0.27033,0.27025,0.27033,0.27053,0.27033,0.27025,0.26975,0.27053,0.27153,0.26672,0.27364,0.27053,0.26307,0.28374,0.25665,0.27053,0.2988,0.20169,0.3825,0.78375,0.82308,0.74796,0.80048,0.78375,0.77457,0.79204,0.77902,0.78375,0.78528,0.78145,0.78413,0.78375,0.78316,0.78294,0.78316,0.78375,0.78316,0.78294,0.78316,0.78375,0.78316,0.78294,0.78316,0.78375,0.78316,0.78294,0.78316,0.78375,0.78316,0.78294,0.78316,0.78375,0.78316,0.78294,0.78316,0.78375,0.78316,0.78294,0.78316,0.78375,0.78316,0.78294,0.78316,0.78375,0.78316,0.78294,0.78316,0.78375,0.78316,0.78294,0.7836,0.78375,0.78224,0.78564,0.78062,0.78375,0.78872,0.7726,0.79364,0.78375,0.76134,0.83549,0.69719,0.39042,0.35954,0.41683,0.37685,0.39042,0.39672,0.38305,0.3933,0.39042,0.3885,0.39117,0.38938,0.39042,0.39013,0.39002,0.39013,0.39042,0.39013,0.39002,0.39013,0.39042,0.39013,0.39002,0.39013,0.39042,0.39013,0.39002,0.39013,0.39042,0.39013,0.39002,0.39013,0.39042,0.39013,0.39002,0.39013,0.39042,0.39013,0.39002,0.39013,0.39042,0.39013,0.39002,0.39013,0.39042,0.39013,0.39002,0.39013,0.39042,0.39013,0.39002,0.39015,0.39042,0.39009,0.39014,0.39001,0.39042,0.39038,0.38954,0.39061,0.39042,0.38913,0.39244,0.38617,0.37233,0.37064,0.37318,0.37144,0.37233,0.37235,0.37162,0.37219,0.37233,0.37197,0.37199,0.37201,0.37233,0.37205,0.37194,0.37205,0.37233,0.37205,0.37194,0.37205,0.37233,0.37205,0.37194,0.37205,0.37233,0.37205,0.37194,0.37205,0.37233,0.37205,0.37194,0.37205,0.37233,0.37205,0.37194,0.37205,0.37233,0.37205,0.37194,0.37205,0.37233,0.37205,0.37194,0.37205,0.37233,0.37205,0.37194,0.37205,0.37233,0.37205,0.37194,0.37247,0.37233,0.37117,0.3745,0.36964,0.37233,0.37731,0.36215,0.38197,0.37233,0.35139,0.42168,0.29066
0.58102,0.62578,0.54082,0.60019,0.58102,0.57086,0.59073,0.57589,0.58102,0.58299,0.57873,0.58169,0.58102,0.58059,0.58042,0.58059,0.58102,0.58059,0.58042,0.58059,0.58102,0.58059,0.58042,0.58059,0.58102,0.58059,0.58042,0.58059,0.58102,0.58059,0.58042,0.58059,0.58102,0.58059,0.58042,0.58059,0.58102,0.58059,0.58042,0.58059,0.58102,0.58059,0.58042,0.58059,0.58102,0.58059,0.58042,0.58059,0.58102,0.58059,0.58042,0.58059,0.58102,0.58059,0.58042,0.58059,0.58102,0.58059,0.58042,0.58059,0.58102,0.58059,0.58042,0.58059,0.58102,0.58059,0.58042,0.58059,0.58102,0.58059,0.58042,0.58059,0.58102,0.58059,0.58042,0.58059,0.58102,0.58059,0.58042,0.58059,0.58102,0.58059,0.58042,0.58059,0.58102,0.58059,0.58042,0.58059,0.58102,0.58059,0.58042,0.58059,0.58102,0.58059,0.58042,0.58059,0.58102,0.58059,0.58042,0.58059,0.58102,0.58059,0.58042,0.58059,0.58102,0.58059,0.58042,0.58059,0.58102,0.58059,0.58042,0.58059,0.58102,0.58059,0.58042,0.58038,0.58102,0.581,0.5792,0.58174,0.58102,0.57806,0.58512,0.57583,0.58102,0.59049,0.55658,0.6196,0.75952,0.77283,0.74657,0.76497,0.75952,0.75596,0.7619,0.7575,0.75952,0.75968,0.75821,0.75928,0.75952,0.75894,0.75873,0.75894,0.75952,0.75894,0.75873,0.75894,0.75952,0.75894,0.75873,0.75894,0.75952,0.75894,0.75873,0.75894,0.75952,0.75894,0.75873,0.75894,0.75952,0.75894,0.75873,0.75894,0.75952,0.75894,0.75873,0.75894,0.75952,0.75894,0.75873,0.75894,0.75952,0.75894,0.75873,0.75894,0.75952,0.75894,0.75873,0.75894,0.75952,0.75894,0.75873,0.75894,0.75952,0.75894,0.75873,0.75894,0.75952,0.75894,0.75873,0.75894,0.75952,0.75894,0.75873,0.75894,0.75952,0.75894,0.75873,0.75894,0.75952,0.75894,0.75873,0.75894,0.75952,0.75894,0.75873,0.75894,0.75952,0.75894,0.75873,0.75894,0.75952,0.75894,0.75873,0.75894,0.75952,0.75894,0.75873,0.75894,0.75952,0.75894,0.75873,0.75894,0.75952,0.75894,0.75873,0.75894,0.75952,0.75894,0.75873,0.75894,0.75952,0.75894,0.75873,0.75894,0.75952,0.75894,0.75873,0.75894,0.75952,0.75894,0.75873,0.7598,0.75952,0.75716,0.76395,0.75403,0.75952,0.76968,0.73876,0.77919,0.75952,0.71681,0.8602,0.59293
0.4875,0.52505,0.45377,0.50359,0.4875,0.47897,0.49564,0.4832,0.4875,0.48915,0.48558,0.48806,0.4875,0.48714,0.487,0.48714,0.4875,0.48714,0.487,0.48714,0.4875,0.48714,0.487,0.48714,0.4875,0.48714,0.487,0.48714,0.4875,0.48714,0.487,0.48714,0.4875,0.48714,0.487,0.48714,0.4875,0.48714,0.487,0.48714,0.4875,0.48714,0.487,0.48714,0.4875,0.48714,0.487,0.48714,0.4875,0.48714,0.487,0.48714,0.4875,0.48714,0.487,0.48714,0.4875,0.48714,0.487,0.48714,0.4875,0.48714,0.487,0.48714,0.4875,0.48714,0.487,0.48714,0.4875,0.48714,0.487,0.48714,0.4875,0.48714,0.487,0.48714,0.4875,0.48714,0.487,0.48714,0.4875,0.48714,0.487,0.48714,0.4875,0.48714,0.487,0.48714,0.4875,0.48714,0.487,0.48714,0.4875,0.48714,0.487,0.48714,0.4875,0.48714,0.487,0.48714,0.4875,0.48714,0.487,0.48714,0.4875,0.48714,0.487,0.48714,0.4875,0.48714,0.487,0.48714,0.4875,0.48714,0.487,0.48686,0.4875,0.48772,0.4853,0.48873,0.4875,0.48365,0.49349,0.48056,0.4875,0.50083,0.45402,0.54109,0.73435,0.75299,0.71676,0.74212,0.73435,0.72966,0.73797,0.7318,0.73435,0.73481,0.73287,0.73426,0.73435,0.73379,0.73359,0.73379,0.73435,0.73379,0.73359,0.73379,0.73435,0.73379,0.73359,0.73379,0.73435,0.73379,0.73359,0.73379,0.73435,0.73379,0.73359,0.73379,0.73435,0.73379,0.73359,0.73379,0.73435,0.73379,0.73359,0.73379,0.73435,0.73379,0.73359,0.73379,0.73435,0.73379,0.73359,0.73379,0.73435,0.73379,0.73359,0.73379,0.73435,0.73379,0.73359,0.73379,0.73435,0.73379,0.73359,0.73379,0.73435,0.73379,0.73359,0.73379,0.73435,0.73379,0.73359,0.73379,0.73435,0.73379,0.73359,0.73379,0.73435,0.73379,0.73359,0.73379,0.73435,0.73379,0.73359,0.73379,0.73435,0.73379,0.73359,0.73379,0.73435,0.73379,0.73359,0.73379,0.73435,0.73379,0.73359,0.73379,0.73435,0.73379,0.73359,0.73379,0.73435,0.73379,0.73359,0.73379,0.73435,0.73379,0.73359,0.73379,0.73435,0.73379,0.73359,0.73379,0.73435,0.73379,0.73359,0.73379,0.73435,0.73379,0.73359,0.73462,0.73435,0.73207,0.73863,0.72905,0.73435,0.74417,0.71428,0.75336,0.73435,0.69305,0.83169,0.57328
0.31809,0.34259,0.29607,0.32858,0.31809,0.31252,0.3234,0.31528,0.31809,0.31916,0.31683,0.31845,0.31809,0.31785,0.31776,0.31785,0.31809,0.31785,0.31776,0.31785,0.31809,0.31785,0.31776,0.31785,0.31809,0.31785,0.31776,0.31785,0.31809,0.31785,0.31776,0.31785,0.31809,0.31785,0.31776,0.31785,0.31809,0.31785,0.31776,0.31785,0.31809,0.31785,0.31776,0.31785,0.31809,0.31785,0.31776,0.31785,0.31809,0.31785,0.31776,0.31785,0.31809,0.31785,0.31776,0.31785,0.31809,0.31785,0.31776,0.31785,0.31809,0.31785,0.31776,0.31785,0.31809,0.31785,0.31776,0.31785,0.31809,0.31785,0.31776,0.31785,0.31809,0.31785,0.31776,0.31785,0.31809,0.31785,0.31776,0.31785,0.31809,0.31785,0.31776,0.31785,0.31809,0.31785,0.31776,0.31785,0.31809,0.31785,0.31776,0.31785,0.31809,0.31785,0.31776,0.31785,0.31809,0.31785,0.31776,0.31785,0.31809,0.31785,0.31776,0.31785,0.31809,0.31785,0.31776,0.31785,0.31809,0.31785,0.31776,0.31785,0.31809,0.31785,0.31776,0.3174,0.31809,0.31878,0.31502,0.32042,0.31809,0.31222,0.32823,0.30723,0.31809,0.33994,0.26456,0.40488,0.71627,0.7467,0.68838,0.72917,0.71627,0.70906,0.72259,0.71251,0.71627,0.71737,0.71437,0.71648,0.71627,0.71573,0.71553,0.71573,0.71627,0.71573,0.71553,0.71573,0.71627,0.71573,0.71553,0.71573,0.71627,0.71573,0.71553,0.71573,0.71627,0.71573,0.71553,0.71573,0.71627,0.71573,0.71553,0.71573,0.71627,0.71573,0.71553,0.71573,0.71627,0.71573,0.71553,0.71573,0.71627,0.71573,0.71553,0.71573,0.71627,0.71573,0.71553,0.71573,0.71627,0.71573,0.71553,0.71573,0.71627,0.71573,0.71553,0.71573,0.71627,0.71573,0.71553,0.71573,0.71627,0.71573,0.71553,0.71573,0.71627,0.71573,0.71553,0.71573,0.71627,0.71573,0.71553,0.71573,0.71627,0.71573,0.71553,0.71573,0.71627,0.71573,0.71553,0.71573,0.71627,0.71573,0.71553,0.71573,0.71627,0.71573,0.71553,0.71573,0.71627,0.71573,0.71553,0.71573,0.71627,0.71573,0.71553,0.71573,0.71627,0.71573,0.71553,0.71573,0.71627,0.71573,0.71553,0.71573,0.71627,0.71573,0.71553,0.71573,0.71627,0.71573,0.71553,0.71654,0.71627,0.71404,0.72045,0.7111,0.71627,0.72585,0.69669,0.73481,0.71627,0.67599,0.81121,0.55917
0.81157,0.87408,0.75541,0.83835,0.81157,0.79737,0.82512,0.8044,0.81157,0.81431,0.80837,0.8125,0.81157,0.81096,0.81073,0.81096,0.81157,0.81096,0.81073,0.81096,0.81157,0.81096,0.81073,0.81096,0.81157,0.81096,0.81073,0.81096,0.81157,0.81096,0.81073,0.81096,0.81157,0.81096,0.81073,0.81096,0.81157,0.81096,0.81073,0.81096,0.81157,0.81096,0.81073,0.81096,0.81157,0.81096,0.81073,0.81096,0.81157,0.81096,0.81073,0.81096,0.81157,0.81096,0.81073,0.81096,0.81157,0.81096,0.81073,0.81096,0.81157,0.81096,0.81073,0.81096,0.81157,0.81096,0.81073,0.81096,0.81157,0.81096,0.81073,0.81096,0.81157,0.81096,0.81073,0.81096,0.81157,0.81096,0.81073,0.81096,0.81157,0.81096,0.81073,0.81096,0.81157,0.81096,0.81073,0.81096,0.81157,0.81096,0.81073,0.81096,0.81157,0.81096,0.81073,0.81096,0.81157,0.81096,0.81073,0.81096,0.81157,0.81096,0.81073,0.81096,0.81157,0.81096,0.81073,0.81096,0.81157,0.81096,0.81073,0.81096,0.81157,0.81096,0.81073,0.81096,0.81157,0.81096,0.81073,0.81096,0.81157,0.81096,0.81073,0.81096,0.81157,0.81096,0.81073,0.81096,0.81157,0.81096,0.81073,0.81096,0.81157,0.81096,0.81073,0.81096,0.81157,0.81096,0.81073,0.81096,0.81157,0.81096,0.81073,0.81096,0.81157,0.81096,0.81073,0.81096,0.81157,0.81096,0.81073,0.81096,0.81157,0.81096,0.81073,0.81096,0.81157,0.81096,0.81073,0.81096,0.81157,0.81096,0.81073,0.81096,0.81157,0.81096,0.81073,0.81096,0.81157,0.81096,0.81073,0.81096,0.81157,0.81096,0.81073,0.81096,0.81157,0.81096,0.81073,0.81096,0.81157,0.81096,0.81073,0.81096,0.81157,0.81096,0.81073,0.81096,0.81157,0.81096,0.81073,0.81096,0.81157,0.81096,0.81073,0.81096,0.81157,0.81096,0.81073,0.81096,0.81157,0.81096,0.81073,0.81096,0.81157,0.81096,0.81073,0.81096,0.81157,0.81096,0.81073,0.81096,0.81157,0.81096,0.81073,0.81096,0.81157,0.81096,0.81073,0.81096,0.81157,0.81096,0.81073,0.81096,0.81157,0.81096,0.81073,0.81096,0.81157,0.81096,0.81073,0.81096,0.81157,0.81096,0.81073,0.81096,0.81157,0.81096,0.81073,0.81096,0.81157,0.81096,0.81073,0.81187,0.81157,0.80905,0.81631,0.80571,0.81157,0.82243,0.78939,0.83258,0.81157,0.76593,0.91915,0.63357
0.62359,0.67162,0.58044,0.64417,0.62359,0.61268,0.63401,0.61809,0.62359,0.6257,0.62113,0.62431,0.62359,0.62312,0.62295,0.62312,0.62359,0.62312,0.62295,0.62312,0.62359,0.62312,0.62295,0.62312,0.62359,0.62312,0.62295,0.62312,0.62359,0.62312,0.62295,0.62312,0.62359,0.62312,0.62295,0.62312,0.62359,0.62312,0.62295,0.62312,0.62359,0.62312,0.62295,0.62312,0.62359,0.62312,0.62295,0.62312,0.62359,0.62312,0.62295,0.62312,0.62359,0.62312,0.62295,0.62312,0.62359,0.62312,0.62295,0.62312,0.62359,0.62312,0.62295,0.62312,0.62359,0.62312,0.62295,0.62312,0.62359,0.62312,0.62295,0.62312,0.62359,0.62312,0.62295,0.62312,0.62359,0.62312,0.62295,0.62312,0.62359,0.62312,0.62295,0.62312,0.62359,0.62312,0.62295,0.62312,0.62359,0.62312,0.62295,0.62312,0.62359,0.62312,0.62295,0.62312,0.62359,0.62312,0.62295,0.62312,0.62359,0.62312,0.62295,0.62312,0.62359,0.62312,0.62295,0.62312,0.62359,0.62312,0.62295,0.62312,0.62359,0.62312,0.62295,0.62284,0.62359,0.62371,0.62122,0.62475,0.62359,0.61957,0.62956,0.61642,0.62359,0.63707,0.58936,0.67808,0.87502,0.89392,0.85698,0.88285,0.87502,0.87015,0.87857,0.87233,0.87502,0.8754,0.87338,0.87484,0.87502,0.87436,0.87412,0.87436,0.87502,0.87436,0.87412,0.87436,0.87502,0.87436,0.87412,0.87436,0.87502,0.87436,0.87412,0.87436,0.87502,0.87436,0.87412,0.87436,0.87502,0.87436,0.87412,0.87436,0.87502,0.87436,0.87412,0.87436,0.87502,0.87436,0.87412,0.87436,0.87502,0.87436,0.87412,0.87436,0.87502,0.87436,0.87412,0.87436,0.87502,0.87436,0.87412,0.87436,0.87502,0.87436,0.87412,0.87436,0.87502,0.87436,0.87412,0.87436,0.87502,0.87436,0.87412,0.87436,0.87502,0.87436,0.87412,0.87436,0.87502,0.87436,0.87412,0.87436,0.87502,0.87436,0.87412,0.87436,0.87502,0.87436,0.87412,0.87436,0.87502,0.87436,0.87412,0.87436,0.87502,0.87436,0.87412,0.87436,0.87502,0.87436,0.87412,0.87436,0.87502,0.87436,0.87412,0.87436,0.87502,0.87436,0.87412,0.87436,0.87502,0.87436,0.87412,0.87436,0.87502,0.87436,0.87412,0.87436,0.87502,0.87436,0.87412,0.87535,0.87502,0.8723,0.88013,0.8687,0.87502,0.88673,0.85111,0.89768,0.87502,0.82582,0.99101,0.6831
0.36519,0.39332,0.33992,0.37724,0.36519,0.3588,0.37129,0.36197,0.36519,0.36643,0.36375,0.36561,0.36519,0.36492,0.36481,0.36492,0.36519,0.36492,0.36481,0.36492,0.36519,0.36492,0.36481,0.36492,0.36519,0.36492,0.36481,0.36492,0.36519,0.36492,0.36481,0.36492,0.36519,0.36492,0.36481,0.36492,0.36519,0.36492,0.36481,0.36492,0.36519,0.36492,0.36481,0.36492,0.36519,0.36492,0.36481,0.36492,0.36519,0.36492,0.36481,0.36492,0.36519,0.36492,0.36481,0.36492,0.36519,0.36492,0.36481,0.36492,0.36519,0.36492,0.36481,0.36492,0.36519,0.36492,0.36481,0.36492,0.36519,0.36492,0.36481,0.36492,0.36519,0.36492,0.36481,0.36492,0.36519,0.36492,0.36481,0.36492,0.36519,0.36492,0.36481,0.36492,0.36519,0.36492,0.36481,0.36492,0.36519,0.36492,0.36481,0.36492,0.36519,0.36492,0.36481,0.36492,0.36519,0.36492,0.36481,0.36492,0.36519,0.36492,0.36481,0.36492,0.36519,0.36492,0.36481,0.36492,0.36519,0.36492,0.36481,0.36492,0.36519,0.36492,0.36481,0.36438,0.36519,0.36602,0.36158,0.36796,0.36519,0.35826,0.37719,0.35237,0.36519,0.39103,0.30192,0.46782,0.83601,0.87199,0.80305,0.85127,0.83601,0.82749,0.84349,0.83157,0.83601,0.83732,0.83377,0.83627,0.83601,0.83538,0.83514,0.83538,0.83601,0.83538,0.83514,0.83538,0.83601,0.83538,0.83514,0.83538,0.83601,0.83538,0.83514,0.83538,0.83601,0.83538,0.83514,0.83538,0.83601,0.83538,0.83514,0.83538,0.83601,0.83538,0.83514,0.83538,0.83601,0.83538,0.83514,0.83538,0.83601,0.83538,0.83514,0.83538,0.83601,0.83538,0.83514,0.83538,0.83601,0.83538,0.83514,0.83538,0.83601,0.83538,0.83514,0.83538,0.83601,0.83538,0.83514,0.83538,0.83601,0.83538,0.83514,0.83538,0.83601,0.83538,0.83514,0.83538,0.83601,0.83538,0.83514,0.83538,0.83601,0.83538,0.83514,0.83538,0.83601,0.83538,0.83514,0.83538,0.83601,0.83538,0.83514,0.83538,0.83601,0.83538,0.83514,0.83538,0.83601,0.83538,0.83514,0.83538,0.83601,0.83538,0.83514,0.83538,0.83601,0.83538,0.83514,0.83538,0.83601,0.83538,0.83514,0.83538,0.83601,0.83538,0.83514,0.83538,0.83601,0.83538,0.83514,0.83632,0.83601,0.83341,0.84089,0.82997,0.83601,0.84719,0.81316,0.85765,0.83601,0.789,0.94682,0.65264
0.76419,0.82305,0.71131,0.7894,0.76419,0.75081,0.77695,0.75744,0.76419,0.76677,0.76117,0.76506,0.76419,0.76361,0.7634,0.76361,0.76419,0.76361,0.7634,0.76361,0.76419,0.76361,0.7634,0.76361,0.76419,0.76361,0.7634,0.76361,0.76419,0.76361,0.7634,0.76361,0.76419,0.76361,0.7634,0.76361,0.76419,0.76361,0.7634,0.76361,0.76419,0.76361,0.7634,0.76361,0.76419,0.76361,0.7634,0.76361,0.76419,0.76361,0.7634,0.76361,0.76419,0.76361,0.7634,0.76361,0.76419,0.76361,0.7634,0.76361,0.76419,0.76361,0.7634,0.76361,0.76419,0.76361,0.7634,0.76361,0.76419,0.76361,0.7634,0.76361,0.76419,0.76361,0.7634,0.76361,0.76419,0.76361,0.7634,0.76361,0.76419,0.76361,0.7634,0.76361,0.76419,0.76361,0.7634,0.76361,0.76419,0.76361,0.7634,0.76361,0.76419,0.76361,0.7634,0.76361,0.76419,0.76361,0.7634,0.76361,0.76419,0.76361,0.7634,0.76361,0.76419,0.76361,0.7634,0.76361,0.76419,0.76361,0.7634,0.76361,0.76419,0.76361,0.7634,0.76394,0.76419,0.76293,0.76539,0.76174,0.76419,0.76771,0.75577,0.77134,0.76419,0.74752,0.80214,0.70022,0.47416,0.45125,0.49344,0.46402,0.47416,0.47866,0.46853,0.47615,0.47416,0.47261,0.47452,0.47325,0.47416,0.4738,0.47367,0.4738,0.47416,0.4738,0.47367,0.4738,0.47416,0.4738,0.47367,0.4738,0.47416,0.4738,0.47367,0.4738,0.47416,0.4738,0.47367,0.4738,0.47416,0.4738,0.47367,0.4738,0.47416,0.4738,0.47367,0.4738,0.47416,0.4738,0.47367,0.4738,0.47416,0.4738,0.47367,0.4738,0.47416,0.4738,0.47367,0.4738,0.47416,0.4738,0.47367,0.4738,0.47416,0.4738,0.47367,0.4738,0.47416,0.4738,0.47367,0.4738,0.47416,0.4738,0.47367,0.4738,0.47416,0.4738,0.47367,0.4738,0.47416,0.4738,0.47367,0.4738,0.47416,0.4738,0.47367,0.4738,0.47416,0.4738,0.47367,0.4738,0.47416,0.4738,0.47367,0.4738,0.47416,0.4738,0.47367,0.4738,0.47416,0.4738,0.47367,0.4738,0.47416,0.4738,0.47367,0.4738,0.47416,0.4738,0.47367,0.4738,0.47416,0.4738,0.47367,0.4738,0.47416,0.4738,0.47367,0.4738,0.47416,0.4738,0.47367,0.47434,0.47416,0.47269,0.47693,0.47074,0.47416,0.4805,0.46121,0.48644,0.47416,0.4475,0.53701,0.37016
0.84851,0.91386,0.78979,0.8765,0.84851,0.83366,0.86267,0.84101,0.84851,0.85137,0.84516,0.84948,0.84851,0.84786,0.84763,0.84786,0.84851,0.84786,0.84763,0.84786,0.84851,0.84786,0.84763,0.84786,0.84851,0.84786,0.84763,0.84786,0.84851,0.84786,0.84763,0.84786,0.84851,0.84786,0.84763,0.84786,0.84851,0.84786,0.84763,0.84786,0.84851,0.84786,0.84763,0.84786,0.84851,0.84786,0.84763,0.84786,0.84851,0.84786,0.84763,0.84786,0.84851,0.84786,0.84763,0.84786,0.84851,0.84786,0.84763,0.84786,0.84851,0.84786,0.84763,0.84786,0.84851,0.84786,0.84763,0.84786,0.84851,0.84786,0.84763,0.84786,0.84851,0.84786,0.84763,0.84786,0.84851,0.84786,0.84763,0.84786,0.84851,0.84786,0.84763,0.84786,0.84851,0.84786,0.84763,0.84786,0.84851,0.84786,0.84763,0.84786,0.84851,0.84786,0.84763,0.84786,0.84851,0.84786,0.84763,0.84786,0.84851,0.84786,0.84763,0.84786,0.84851,0.84786,0.84763,0.84786,0.84851,0.84786,0.84763,0.84786,0.84851,0.84786,0.84763,0.84786,0.84851,0.84786,0.84763,0.84786,0.84851,0.84786,0.84763,0.84786,0.84851,0.84786,0.84763,0.84786,0.84851,0.84786,0.84763,0.84786,0.84851,0.84786,0.84763,0.84786,0.84851,0.84786,0.84763,0.84786,0.84851,0.84786,0.84763,0.84786,0.84851,0.84786,0.84763,0.84786,0.84851,0.84786,0.84763,0.84786,0.84851,0.84786,0.84763,0.84786,0.84851,0.84786,0.84763,0.84786,0.84851,0.84786,0.84763,0.84786,0.84851,0.84786,0.84763,0.84786,0.84851,0.84786,0.84763,0.84786,0.84851,0.84786,0.84763,0.84786,0.84851,0.84786,0.84763,0.84786,0.84851,0.84786,0.84763,0.84786,0.84851,0.84786,0.84763,0.84786,0.84851,0.84786,0.84763,0.84786,0.84851,0.84786,0.84763,0.84786,0.84851,0.84786,0.84763,0.84786,0.84851,0.84786,0.84763,0.84786,0.84851,0.84786,0.84763,0.84786,0.84851,0.84786,0.84763,0.84786,0.84851,0.84786,0.84763,0.84786,0.84851,0.84786,0.84763,0.84786,0.84851,0.84786,0.84763,0.84786,0.84851,0.84786,0.84763,0.84786,0.84851,0.84786,0.84763,0.84786,0.84851,0.84786,0.84763,0.84786,0.84851,0.84786,0.84763,0.84786,0.84851,0.84786,0.84763,0.84882,0.84851,0.84587,0.85346,0.84238,0.84851,0.85986,0.82532,0.87048,0.84851,0.80079,0.96098,0.6624
0.77678,0.83661,0.72302,0.80241,0.77678,0.76318,0.78975,0.76992,0.77678,0.7794,0.77371,0.77767,0.77678,0.77619,0.77597,0.77619,0.77678,0.77619,0.77597,0.77619,0.77678,0.77619,0.77597,0.77619,0.77678,0.77619,0.77597,0.77619,0.77678,0.77619,0.77597,0.77619,0.77678,0.77619,0.77597,0.77619,0.77678,0.77619,0.77597,0.77619,0.77678,0.77619,0.77597,0.77619,0.77678,0.77619,0.77597,0.77619,0.77678,0.77619,0.77597,0.77619,0.77678,0.77619,0.77597,0.77619,0.77678,0.77619,0.77597,0.77619,0.77678,0.77619,0.77597,0.77619,0.77678,0.77619,0.77597,0.77619,0.77678,0.77619,0.77597,0.77619,0.77678,0.77619,0.77597,0.77619,0.77678,0.77619,0.77597,0.77619,0.77678,0.77619,0.77597,0.77619,0.77678,0.77619,0.77597,0.77619,0.77678,0.77619,0.77597,0.77619,0.77678,0.77619,0.77597,0.77619,0.77678,0.77619,0.77597,0.77619,0.77678,0.77619,0.77597,0.77619,0.77678,0.77619,0.77597,0.77619,0.77678,0.77619,0.77597,0.77619,0.77678,0.77619,0.77597,0.77619,0.77678,0.77619,0.77597,0.77619,0.77678,0.77619,0.77597,0.77619,0.77678,0.77619,0.77597,0.77619,0.77678,0.77619,0.77597,0.77619,0.77678,0.77619,0.77597,0.77619,0.77678,0.77619,0.77597,0.77619,0.77678,0.77619,0.77597,0.77619,0.77678,0.77619,0.77597,0.77619,0.77678,0.77619,0.77597,0.77619,0.77678,0.77619,0.77597,0.77619,0.77678,0.77619,0.77597,0.77619,0.77678,0.77619,0.77597,0.77619,0.77678,0.77619,0.77597,0.77619,0.77678,0.77619,0.77597,0.77619,0.77678,0.77619,0.77597,0.77619,0.77678,0.77619,0.77597,0.77619,0.77678,0.77619,0.77597,0.77619,0.77678,0.77619,0.77597,0.77619,0.77678,0.77619,0.77597,0.77619,0.77678,0.77619,0.77597,0.77619,0.77678,0.77619,0.77597,0.77619,0.77678,0.77619,0.77597,0.77619,0.77678,0.77619,0.77597,0.77619,0.77678,0.77619,0.77597,0.77619,0.77678,0.77619,0.77597,0.77619,0.77678,0.77619,0.77597,0.77619,0.77678,0.77619,0.77597,0.77619,0.77678,0.77619,0.77597,0.77619,0.77678,0.77619,0.77597,0.77619,0.77678,0.77619,0.77597,0.77619,0.77678,0.77619,0.77597,0.77619,0.77678,0.77619,0.77597,0.77707,0.77678,0.77436,0.78131,0.77117,0.77678,0.78717,0.75555,0.79689,0.77678,0.7331,0.87974,0.60641
0.8824,0.95036,0.82133,0.91151,0.8824,0.86695,0.89713,0.87461,0.8824,0.88538,0.87891,0.88341,0.8824,0.88173,0.88148,0.88173,0.8824,0.88173,0.88148,0.88173,0.8824,0.88173,0.88148,0.88173,0.8824,0.88173,0.88148,0.88173,0.8824,0.88173,0.88148,0.88173,0.8824,0.88173,0.88148,0.88173,0.8824,0.88173,0.88148,0.88173,0.8824,0.88173,0.88148,0.88173,0.8824,0.88173,0.88148,0.88173,0.8824,0.88173,0.88148,0.88173,0.8824,0.88173,0.88148,0.88173,0.8824,0.88173,0.88148,0.88173,0.8824,0.88173,0.88148,0.88173,0.8824,0.88173,0.88148,0.88173,0.8824,0.88173,0.88148,0.88173,0.8824,0.88173,0.88148,0.88173,0.8824,0.88173,0.88148,0.88173,0.8824,0.88173,0.88148,0.88173,0.8824,0.88173,0.88148,0.88173,0.8824,0.88173,0.88148,0.88173,0.8824,0.88173,0.88148,0.88173,0.8824,0.88173,0.88148,0.88173,0.8824,0.88173,0.88148,0.88173,0.8824,0.88173,0.88148,0.88173,0.8824,0.88173,0.88148,0.88173,0.8824,0.88173,0.88148,0.882,0.8824,0.88117,0.88313,0.88018,0.8824,0.88512,0.87517,0.88813,0.8824,0.86841,0.91356,0.82925,0.6423,0.62314,0.658,0.63371,0.6423,0.64584,0.63738,0.64375,0.6423,0.64082,0.64234,0.64136,0.6423,0.64182,0.64164,0.64182,0.6423,0.64182,0.64164,0.64182,0.6423,0.64182,0.64164,0.64182,0.6423,0.64182,0.64164,0.64182,0.6423,0.64182,0.64164,0.64182,0.6423,0.64182,0.64164,0.64182,0.6423,0.64182,0.64164,0.64182,0.6423,0.64182,0.64164,0.64182,0.6423,0.64182,0.64164,0.64182,0.6423,0.64182,0.64164,0.64182,0.6423,0.64182,0.64164,0.64182,0.6423,0.64182,0.64164,0.64182,0.6423,0.64182,0.64164,0.64182,0.6423,0.64182,0.64164,0.64182,0.6423,0.64182,0.64164,0.64182,0.6423,0.64182,0.64164,0.64182,0.6423,0.64182,0.64164,0.64182,0.6423,0.64182,0.64164,0.64182,0.6423,0.64182,0.64164,0.64182,0.6423,0.64182,0.64164,0.64182,0.6423,0.64182,0.64164,0.64182,0.6423,0.64182,0.64164,0.64182,0.6423,0.64182,0.64164,0.64182,0.6423,0.64182,0.64164,0.64182,0.6423,0.64182,0.64164,0.64182,0.6423,0.64182,0.64164,0.64254,0.6423,0.64031,0.64605,0.63766,0.6423,0.65089,0.62475,0.65893,0.6423,0.60618,0.72744,0.50142
0.83214,0.89624,0.77456,0.8596,0.83214,0.81758,0.84604,0.82479,0.83214,0.83495,0.82886,0.83309,0.83214,0.83151,0.83128,0.83151,0.83214,0.83151,0.83128,0.83151,0.83214,0.83151,0.83128,0.83151,0.83214,0.83151,0.83128,0.83151,0.83214,0.83151,0.83128,0.83151,0.83214,0.83151,0.83128,0.83151,0.83214,0.83151,0.83128,0.83151,0.83214,0.83151,0.83128,0.83151,0.83214,0.83151,0.83128,0.83151,0.83214,0.83151,0.83128,0.83151,0.83214,0.83151,0.83128,0.83151,0.83214,0.83151,0.83128,0.83151,0.83214,0.83151,0.83128,0.83151,0.83214,0.83151,0.83128,0.83151,0.83214,0.83151,0.83128,0.83151,0.83214,0.83151,0.83128,0.83151,0.83214,0.83151,0.83128,0.83151,0.83214,0.83151,0.83128,0.83151,0.83214,0.83151,0.83128,0.83151,0.83214,0.83151,0.83128,0.83151,0.83214,0.83151,0.83128,0.83151,0.83214,0.83151,0.83128,0.83151,0.83214,0.83151,0.83128,0.83151,0.83214,0.83151,0.83128,0.83151,0.83214,0.83151,0.83128,0.83151,0.83214,0.83151,0.83128,0.83209,0.83214,0.83032,0.83477,0.82823,0.83214,0.83869,0.81793,0.84505,0.83214,0.80334,0.89912,0.72051,0.32428,0.28454,0.35856,0.3069,0.32428,0.33254,0.31494,0.32814,0.32428,0.32194,0.32543,0.32307,0.32428,0.32404,0.32395,0.32404,0.32428,0.32404,0.32395,0.32404,0.32428,0.32404,0.32395,0.32404,0.32428,0.32404,0.32395,0.32404,0.32428,0.32404,0.32395,0.32404,0.32428,0.32404,0.32395,0.32404,0.32428,0.32404,0.32395,0.32404,0.32428,0.32404,0.32395,0.32404,0.32428,0.32404,0.32395,0.32404,0.32428,0.32404,0.32395,0.32404,0.32428,0.32404,0.32395,0.32404,0.32428,0.32404,0.32395,0.32404,0.32428,0.32404,0.32395,0.32404,0.32428,0.32404,0.32395,0.32404,0.32428,0.32404,0.32395,0.32404,0.32428,0.32404,0.32395,0.32404,0.32428,0.32404,0.32395,0.32404,0.32428,0.32404,0.32395,0.32404,0.32428,0.32404,0.32395,0.32404,0.32428,0.32404,0.32395,0.32404,0.32428,0.32404,0.32395,0.32404,0.32428,0.32404,0.32395,0.32404,0.32428,0.32404,0.32395,0.32404,0.32428,0.32404,0.32395,0.32404,0.32428,0.32404,0.32395,0.32404,0.32428,0.32404,0.32395,0.3244,0.32428,0.32327,0.32617,0.32194,0.32428,0.32862,0.31542,0.33268,0.32428,0.30605,0.36727,0.25316
0.17546,0.18898,0.16332,0.18125,0.17546,0.17239,0.17839,0.17391,0.17546,0.17606,0.17477,0.17566,0.17546,0.17533,0.17528,0.17533,0.17546,0.17533,0.17528,0.17533,0.17546,0.17533,0.17528,0.17533,0.17546,0.17533,0.17528,0.17533,0.17546,0.17533,0.17528,0.17533,0.17546,0.17533,0.17528,0.17533,0.17546,0.17533,0.17528,0.17533,0.17546,0.17533,0.17528,0.17533,0.17546,0.17533,0.17528,0.17533,0.17546,0.17533,0.17528,0.17533,0.17546,0.17533,0.17528,0.17533,0.17546,0.17533,0.17528,0.17533,0.17546,0.17533,0.17528,0.17533,0.17546,0.17533,0.17528,0.17533,0.17546,0.17533,0.17528,0.17533,0.17546,0.17533,0.17528,0.17533,0.17546,0.17533,0.17528,0.17533,0.17546,0.17533,0.17528,0.17533,0.17546,0.17533,0.17528,0.17533,0.17546,0.17533,0.17528,0.17533,0.17546,0.17533,0.17528,0.17533,0.17546,0.17533,0.17528,0.17533,0.17546,0.17533,0.17528,0.17533,0.17546,0.17533,0.17528,0.17533,0.17546,0.17533,0.17528,0.17533,0.17546,0.17533,0.17528,0.17465,0.17546,0.17676,0.17111,0.17926,0.17546,0.16675,0.19125,0.15914,0.17546,0.20903,0.094132,0.30811,0.78292,0.82958,0.7407,0.80283,0.78292,0.77216,0.79288,0.77742,0.78292,0.78484,0.78034,0.78348,0.78292,0.78233,0.78211,0.78233,0.78292,0.78233,0.78211,0.78233,0.78292,0.78233,0.78211,0.78233,0.78292,0.78233,0.78211,0.78233,0.78292,0.78233,0.78211,0.78233,0.78292,0.78233,0.78211,0.78233,0.78292,0.78233,0.78211,0.78233,0.78292,0.78233,0.78211,0.78233,0.78292,0.78233,0.78211,0.78233,0.78292,0.78233,0.78211,0.78233,0.78292,0.78233,0.78211,0.78233,0.78292,0.78233,0.78211,0.78233,0.78292,0.78233,0.78211,0.78233,0.78292,0.78233,0.78211,0.78233,0.78292,0.78233,0.78211,0.78233,0.78292,0.78233,0.78211,0.78233,0.78292,0.78233,0.78211,0.78233,0.78292,0.78233,0.78211,0.78233,0.78292,0.78233,0.78211,0.78233,0.78292,0.78233,0.78211,0.78233,0.78292,0.78233,0.78211,0.78233,0.78292,0.78233,0.78211,0.78233,0.78292,0.78233,0.78211,0.78233,0.78292,0.78233,0.78211,0.78233,0.78292,0.78233,0.78211,0.78233,0.78292,0.78233,0.78211,0.78321,0.78292,0.78049,0.78749,0.77727,0.78292,0.79339,0.76153,0.80319,0.78292,0.73889,0.8867,0.6112
0.75983,0.81835,0.70725,0.7849,0.75983,0.74653,0.77251,0.75312,0.75983,0.76239,0.75683,0.7607,0.75983,0.75925,0.75904,0.75925,0.75983,0.75925,0.75904,0.75925,0.75983,0.75925,0.75904,0.75925,0.75983,0.75925,0.75904,0.75925,0.75983,0.75925,0.75904,0.75925,0.75983,0.75925,0.75904,0.75925,0.75983,0.75925,0.75904,0.75925,0.75983,0.75925,0.75904,0.75925,0.75983,0.75925,0.75904,0.75925,0.75983,0.75925,0.75904,0.75925,0.75983,0.75925,0.75904,0.75925,0.75983,0.75925,0.75904,0.75925,0.75983,0.75925,0.75904,0.75925,0.75983,0.75925,0.75904,0.75925,0.75983,0.75925,0.75904,0.75925,0.75983,0.75925,0.75904,0.75925,0.75983,0.75925,0.75904,0.75925,0.75983,0.75925,0.75904,0.75925,0.75983,0.75925,0.75904,0.75925,0.75983,0.75925,0.75904,0.75925,0.75983,0.75925,0.75904,0.75925,0.75983,0.75925,0.75904,0.75925,0.75983,0.75925,0.75904,0.75925,0.75983,0.75925,0.75904,0.75925,0.75983,0.75925,0.75904,0.75925,0.75983,0.75925,0.75904,0.75969,0.75983,0.75834,0.7617,0.75675,0.75983,0.76472,0.74887,0.76956,0.75983,0.73779,0.81073,0.67468,0.37291,0.34254,0.3989,0.35957,0.37291,0.37911,0.36567,0.37576,0.37291,0.37103,0.37366,0.3719,0.37291,0.37263,0.37253,0.37263,0.37291,0.37263,0.37253,0.37263,0.37291,0.37263,0.37253,0.37263,0.37291,0.37263,0.37253,0.37263,0.37291,0.37263,0.37253,0.37263,0.37291,0.37263,0.37253,0.37263,0.37291,0.37263,0.37253,0.37263,0.37291,0.37263,0.37253,0.37263,0.37291,0.37263,0.37253,0.37263,0.37291,0.37263,0.37253,0.37263,0.37291,0.37263,0.37253,0.37263,0.37291,0.37263,0.37253,0.37263,0.37291,0.37263,0.37253,0.37263,0.37291,0.37263,0.37253,0.37263,0.37291,0.37263,0.37253,0.37263,0.37291,0.37263,0.37253,0.37263,0.37291,0.37263,0.37253,0.37263,0.37291,0.37263,0.37253,0.37263,0.37291,0.37263,0.37253,0.37263,0.37291,0.37263,0.37253,0.37263,0.37291,0.37263,0.37253,0.37263,0.37291,0.37263,0.37253,0.37263,0.37291,0.37263,0.37253,0.37263,0.37291,0.37263,0.37253,0.37263,0.37291,0.37263,0.37253,0.37263,0.37291,0.37263,0.37253,0.37305,0.37291,0.37176,0.37509,0.37022,0.37291,0.3779,0.36272,0.38257,0.37291,0.35194,0.42235,0.29112
0.81342,0.87607,0.75713,0.84026,0.81342,0.79918,0.827,0.80624,0.81342,0.81617,0.81021,0.81435,0.81342,0.81281,0.81258,0.81281,0.81342,0.81281,0.81258,0.81281,0.81342,0.81281,0.81258,0.81281,0.81342,0.81281,0.81258,0.81281,0.81342,0.81281,0.81258,0.81281,0.81342,0.81281,0.81258,0.81281,0.81342,0.81281,0.81258,0.81281,0.81342,0.81281,0.81258,0.81281,0.81342,0.81281,0.81258,0.81281,0.81342,0.81281,0.81258,0.81281,0.81342,0.81281,0.81258,0.81281,0.81342,0.81281,0.81258,0.81281,0.81342,0.81281,0.81258,0.81281,0.81342,0.81281,0.81258,0.81281,0.81342,0.81281,0.81258,0.81281,0.81342,0.81281,0.81258,0.81281,0.81342,0.81281,0.81258,0.81281,0.81342,0.81281,0.81258,0.81281,0.81342,0.81281,0.81258,0.81281,0.81342,0.81281,0.81258,0.81281,0.81342,0.81281,0.81258,0.81281,0.81342,0.81281,0.81258,0.81281,0.81342,0.81281,0.81258,0.81281,0.81342,0.81281,0.81258,0.81281,0.81342,0.81281,0.81258,0.81281,0.81342,0.81281,0.81258,0.81281,0.81342,0.81281,0.81258,0.81281,0.81342,0.81281,0.81258,0.81281,0.81342,0.81281,0.81258,0.81281,0.81342,0.81281,0.81258,0.81281,0.81342,0.81281,0.81258,0.81281,0.81342,0.81281,0.81258,0.81281,0.81342,0.81281,0.81258,0.81281,0.81342,0.81281,0.81258,0.81281,0.81342,0.81281,0.81258,0.81281,0.81342,0.81281,0.81258,0.81281,0.81342,0.81281,0.81258,0.81281,0.81342,0.81281,0.81258,0.81281,0.81342,0.81281,0.81258,0.81281,0.81342,0.81281,0.81258,0.81281,0.81342,0.81281,0.81258,0.81281,0.81342,0.81281,0.81258,0.81281,0.81342,0.81281,0.81258,0.81281,0.81342,0.81281,0.81258,0.81281,0.81342,0.81281,0.81258,0.81281,0.81342,0.81281,0.81258,0.81281,0.81342,0.81281,0.81258,0.81281,0.81342,0.81281,0.81258,0.81281,0.81342,0.81281,0.81258,0.81281,0.81342,0.81281,0.81258,0.81281,0.81342,0.81281,0.81258,0.81281,0.81342,0.81281,0.81258,0.81281,0.81342,0.81281,0.81258,0.81281,0.81342,0.81281,0.81258,0.81281,0.81342,0.81281,0.81258,0.81281,0.81342,0.81281,0.81258,0.81281,0.81342,0.81281,0.81258,0.81281,0.81342,0.81281,0.81258,0.81372,0.81342,0.81089,0.81817,0.80755,0.81342,0.8243,0.79119,0.83448,0.81342,0.76768,0.92124,0.63501
0.51868,0.55863,0.48279,0.53579,0.51868,0.5096,0.52734,0.5141,0.51868,0.52043,0.51663,0.51927,0.51868,0.51829,0.51814,0.51829,0.51868,0.51829,0.51814,0.51829,0.51868,0.51829,0.51814,0.51829,0.51868,0.51829,0.51814,0.51829,0.51868,0.51829,0.51814,0.51829,0.51868,0.51829,0.51814,0.51829,0.51868,0.51829,0.51814,0.51829,0.51868,0.51829,0.51814,0.51829,0.51868,0.51829,0.51814,0.51829,0.51868,0.51829,0.51814,0.51829,0.51868,0.51829,0.51814,0.51829,0.51868,0.51829,0.51814,0.51829,0.51868,0.51829,0.51814,0.51829,0.51868,0.51829,0.51814,0.51829,0.51868,0.51829,0.51814,0.51829,0.51868,0.51829,0.51814,0.51829,0.51868,0.51829,0.51814,0.51829,0.51868,0.51829,0.51814,0.51829,0.51868,0.51829,0.51814,0.51829,0.51868,0.51829,0.51814,0.51829,0.51868,0.51829,0.51814,0.51829,0.51868,0.51829,0.51814,0.51829,0.51868,0.51829,0.51814,0.51829,0.51868,0.51829,0.51814,0.51829,0.51868,0.51829,0.51814,0.51829,0.51868,0.51829,0.51814,0.51793,0.51868,0.51904,0.51595,0.52035,0.51868,0.51378,0.52654,0.50978,0.51868,0.536,0.47549,0.58807,0.83794,0.86214,0.81531,0.84808,0.83794,0.83196,0.84273,0.83473,0.83794,0.83862,0.83614,0.83791,0.83794,0.8373,0.83707,0.8373,0.83794,0.8373,0.83707,0.8373,0.83794,0.8373,0.83707,0.8373,0.83794,0.8373,0.83707,0.8373,0.83794,0.8373,0.83707,0.8373,0.83794,0.8373,0.83707,0.8373,0.83794,0.8373,0.83707,0.8373,0.83794,0.8373,0.83707,0.8373,0.83794,0.8373,0.83707,0.8373,0.83794,0.8373,0.83707,0.8373,0.83794,0.8373,0.83707,0.8373,0.83794,0.8373,0.83707,0.8373,0.83794,0.8373,0.83707,0.8373,0.83794,0.8373,0.83707,0.8373,0.83794,0.8373,0.83707,0.8373,0.83794,0.8373,0.83707,0.8373,0.83794,0.8373,0.83707,0.8373,0.83794,0.8373,0.83707,0.8373,0.83794,0.8373,0.83707,0.8373,0.83794,0.8373,0.83707,0.8373,0.83794,0.8373,0.83707,0.8373,0.83794,0.8373,0.83707,0.8373,0.83794,0.8373,0.83707,0.8373,0.83794,0.8373,0.83707,0.8373,0.83794,0.8373,0.83707,0.8373,0.83794,0.8373,0.83707,0.83825,0.83794,0.83534,0.84283,0.83189,0.83794,0.84915,0.81504,0.85963,0.83794,0.79082,0.94901,0.65415
0.79542,0.85669,0.74038,0.82167,0.79542,0.7815,0.8087,0.7884,0.79542,0.79811,0.79228,0.79633,0.79542,0.79482,0.7946,0.79482,0.79542,0.79482,0.7946,0.79482,0.79542,0.79482,0.7946,0.79482,0.79542,0.79482,0.7946,0.79482,0.79542,0.79482,0.7946,0.79482,0.79542,0.79482,0.7946,0.79482,0.79542,0.79482,0.7946,0.79482,0.79542,0.79482,0.7946,0.79482,0.79542,0.79482,0.7946,0.79482,0.79542,0.79482,0.7946,0.79482,0.79542,0.79482,0.7946,0.79482,0.79542,0.79482,0.7946,0.79482,0.79542,0.79482,0.7946,0.79482,0.79542,0.79482,0.7946,0.79482,0.79542,0.79482,0.7946,0.79482,0.79542,0.79482,0.7946,0.79482,0.79542,0.79482,0.7946,0.79482,0.79542,0.79482,0.7946,0.79482,0.79542,0.79482,0.7946,0.79482,0.79542,0.79482,0.7946,0.79482,0.79542,0.79482,0.7946,0.79482,0.79542,0.79482,0.7946,0.79482,0.79542,0.79482,0.7946,0.79482,0.79542,0.79482,0.7946,0.79482,0.79542,0.79482,0.7946,0.79482,0.79542,0.79482,0.7946,0.79547,0.79542,0.79348,0.79853,0.79112,0.79542,0.8029,0.77956,0.81006,0.79542,0.76309,0.87102,0.66979,0.22339,0.17873,0.26215,0.20392,0.22339,0.2328,0.21302,0.22784,0.22339,0.22086,0.22483,0.22214,0.22339,0.22322,0.22316,0.22322,0.22339,0.22322,0.22316,0.22322,0.22339,0.22322,0.22316,0.22322,0.22339,0.22322,0.22316,0.22322,0.22339,0.22322,0.22316,0.22322,0.22339,0.22322,0.22316,0.22322,0.22339,0.22322,0.22316,0.22322,0.22339,0.22322,0.22316,0.22322,0.22339,0.22322,0.22316,0.22322,0.22339,0.22322,0.22316,0.22322,0.22339,0.22322,0.22316,0.22322,0.22339,0.22322,0.22316,0.22322,0.22339,0.22322,0.22316,0.22322,0.22339,0.22322,0.22316,0.22322,0.22339,0.22322,0.22316,0.22322,0.22339,0.22322,0.22316,0.22322,0.22339,0.22322,0.22316,0.22322,0.22339,0.22322,0.22316,0.22322,0.22339,0.22322,0.22316,0.22322,0.22339,0.22322,0.22316,0.22322,0.22339,0.22322,0.22316,0.22322,0.22339,0.22322,0.22316,0.22322,0.22339,0.22322,0.22316,0.22322,0.22339,0.22322,0.22316,0.22322,0.22339,0.22322,0.22316,0.22322,0.22339,0.22322,0.22316,0.22348,0.22339,0.2227,0.2247,0.22178,0.22339,0.22638,0.21729,0.22918,0.22339,0.21083,0.253,0.1744
0.80636,0.86847,0.75056,0.83297,0.80636,0.79225,0.81983,0.79924,0.80636,0.80909,0.80318,0.80728,0.80636,0.80575,0.80553,0.80575,0.80636,0.80575,0.80553,0.80575,0.80636,0.80575,0.80553,0.80575,0.80636,0.80575,0.80553,0.80575,0.80636,0.80575,0.80553,0.80575,0.80636,0.80575,0.80553,0.80575,0.80636,0.80575,0.80553,0.80575,0.80636,0.80575,0.80553,0.80575,0.80636,0.80575,0.80553,0.80575,0.80636,0.80575,0.80553,0.80575,0.80636,0.80575,0.80553,0.80575,0.80636,0.80575,0.80553,0.80575,0.80636,0.80575,0.80553,0.80575,0.80636,0.80575,0.80553,0.80575,0.80636,0.80575,0.80553,0.80575,0.80636,0.80575,0.80553,0.80575,0.80636,0.80575,0.80553,0.80575,0.80636,0.80575,0.80553,0.80575,0.80636,0.80575,0.80553,0.80575,0.80636,0.80575,0.80553,0.80575,0.80636,0.80575,0.80553,0.80575,0.80636,0.80575,0.80553,0.80575,0.80636,0.80575,0.80553,0.80575,0.80636,0.80575,0.80553,0.80575,0.80636,0.80575,0.80553,0.80575,0.80636,0.80575,0.80553,0.80599,0.80636,0.80526,0.80696,0.8044,0.80636,0.80871,0.80003,0.81132,0.80636,0.79415,0.83346,0.76006,0.5973,0.58058,0.61093,0.58979,0.5973,0.60035,0.59297,0.59853,0.5973,0.59598,0.59729,0.59645,0.5973,0.59684,0.59668,0.59684,0.5973,0.59684,0.59668,0.59684,0.5973,0.59684,0.59668,0.59684,0.5973,0.59684,0.59668,0.59684,0.5973,0.59684,0.59668,0.59684,0.5973,0.59684,0.59668,0.59684,0.5973,0.59684,0.59668,0.59684,0.5973,0.59684,0.59668,0.59684,0.5973,0.59684,0.59668,0.59684,0.5973,0.59684,0.59668,0.59684,0.5973,0.59684,0.59668,0.59684,0.5973,0.59684,0.59668,0.59684,0.5973,0.59684,0.59668,0.59684,0.5973,0.59684,0.59668,0.59684,0.5973,0.59684,0.59668,0.59684,0.5973,0.59684,0.59668,0.59684,0.5973,0.59684,0.59668,0.59684,0.5973,0.59684,0.59668,0.59684,0.5973,0.59684,0.59668,0.59684,0.5973,0.59684,0.59668,0.59684,0.5973,0.59684,0.59668,0.59684,0.5973,0.59684,0.59668,0.59684,0.5973,0.59684,0.59668,0.59684,0.5973,0.59684,0.59668,0.59684,0.5973,0.59684,0.59668,0.59684,0.5973,0.59684,0.59668,0.59752,0.5973,0.59544,0.60078,0.59298,0.5973,0.60529,0.58097,0.61276,0.5973,0.56371,0.67647,0.46629
0.85183,0.91744,0.79288,0.87993,0.85183,0.83692,0.86605,0.84431,0.85183,0.8547,0.84846,0.8528,0.85183,0.85118,0.85094,0.85118,0.85183,0.85118,0.85094,0.85118,0.85183,0.85118,0.85094,0.85118,0.85183,0.85118,0.85094,0.85118,0.85183,0.85118,0.85094,0.85118,0.85183,0.85118,0.85094,0.85118,0.85183,0.85118,0.85094,0.85118,0.85183,0.85118,0.85094,0.85118,0.85183,0.85118,0.85094,0.85118,0.85183,0.85118,0.85094,0.85118,0.85183,0.85118,0.85094,0.85118,0.85183,0.85118,0.85094,0.85118,0.85183,0.85118,0.85094,0.85118,0.85183,0.85118,0.85094,0.85118,0.85183,0.85118,0.85094,0.85118,0.85183,0.85118,0.85094,0.85118,0.85183,0.85118,0.85094,0.85118,0.85183,0.85118,0.85094,0.85118,0.85183,0.85118,0.85094,0.85118,0.85183,0.85118,0.85094,0.85118,0.85183,0.85118,0.85094,0.85118,0.85183,0.85118,0.85094,0.85118,0.85183,0.85118,0.85094,0.85118,0.85183,0.85118,0.85094,0.85118,0.85183,0.85118,0.85094,0.85118,0.85183,0.85118,0.85094,0.85118,0.85183,0.85118,0.85094,0.85118,0.85183,0.85118,0.85094,0.85118,0.85183,0.85118,0.85094,0.85118,0.85183,0.85118,0.85094,0.85118,0.85183,0.85118,0.85094,0.85118,0.85183,0.85118,0.85094,0.85118,0.85183,0.85118,0.85094,0.85118,0.85183,0.85118,0.85094,0.85118,0.85183,0.85118,0.85094,0.85118,0.85183,0.85118,0.85094,0.85118,0.85183,0.85118,0.85094,0.85118,0.85183,0.85118,0.85094,0.85118,0.85183,0.85118,0.85094,0.85118,0.85183,0.85118,0.85094,0.85118,0.85183,0.85118,0.85094,0.85118,0.85183,0.85118,0.85094,0.85118,0.85183,0.85118,0.85094,0.85118,0.85183,0.85118,0.85094,0.85118,0.85183,0.85118,0.85094,0.85118,0.85183,0.85118,0.85094,0.85118,0.85183,0.85118,0.85094,0.85118,0.85183,0.85118,0.85094,0.85118,0.85183,0.85118,0.85094,0.85118,0.85183,0.85118,0.85094,0.85118,0.85183,0.85118,0.85094,0.85118,0.85183,0.85118,0.85094,0.85118,0.85183,0.85118,0.85094,0.85118,0.85183,0.85118,0.85094,0.85118,0.85183,0.85118,0.85094,0.85118,0.85183,0.85118,0.85094,0.85118,0.85183,0.85118,0.85094,0.85118,0.85183,0.85118,0.85094,0.85215,0.85183,0.84918,0.8568,0.84568,0.85183,0.86322,0.82855,0.87388,0.85183,0.80393,0.96474,0.66499
0.74375,0.80103,0.69228,0.76829,0.74375,0.73073,0.75617,0.73718,0.74375,0.74626,0.74081,0.7446,0.74375,0.74319,0.74298,0.74319,0.74375,0.74319,0.74298,0.74319,0.74375,0.74319,0.74298,0.74319,0.74375,0.74319,0.74298,0.74319,0.74375,0.74319,0.74298,0.74319,0.74375,0.74319,0.74298,0.74319,0.74375,0.74319,0.74298,0.74319,0.74375,0.74319,0.74298,0.74319,0.74375,0.74319,0.74298,0.74319,0.74375,0.74319,0.74298,0.74319,0.74375,0.74319,0.74298,0.74319,0.74375,0.74319,0.74298,0.74319,0.74375,0.74319,0.74298,0.74319,0.74375,0.74319,0.74298,0.74319,0.74375,0.74319,0.74298,0.74319,0.74375,0.74319,0.74298,0.74319,0.74375,0.74319,0.74298,0.74319,0.74375,0.74319,0.74298,0.74319,0.74375,0.74319,0.74298,0.74319,0.74375,0.74319,0.74298,0.74319,0.74375,0.74319,0.74298,0.74319,0.74375,0.74319,0.74298,0.74319,0.74375,0.74319,0.74298,0.74319,0.74375,0.74319,0.74298,0.74319,0.74375,0.74319,0.74298,0.74319,0.74375,0.74319,0.74298,0.74319,0.74375,0.74319,0.74298,0.74319,0.74375,0.74319,0.74298,0.74319,0.74375,0.74319,0.74298,0.74319,0.74375,0.74319,0.74298,0.74319,0.74375,0.74319,0.74298,0.74319,0.74375,0.74319,0.74298,0.74319,0.74375,0.74319,0.74298,0.74319,0.74375,0.74319,0.74298,0.74319,0.74375,0.74319,0.74298,0.74319,0.74375,0.74319,0.74298,0.74319,0.74375,0.74319,0.74298,0.74319,0.74375,0.74319,0.74298,0.74319,0.74375,0.74319,0.74298,0.74319,0.74375,0.74319,0.74298,0.74319,0.74375,0.74319,0.74298,0.74319,0.74375,0.74319,0.74298,0.74319,0.74375,0.74319,0.74298,0.74319,0.74375,0.74319,0.74298,0.74319,0.74375,0.74319,0.74298,0.74319,0.74375,0.74319,0.74298,0.74319,0.74375,0.74319,0.74298,0.74319,0.74375,0.74319,0.74298,0.74319,0.74375,0.74319,0.74298,0.74319,0.74375,0.74319,0.74298,0.74319,0.74375,0.74319,0.74298,0.74319,0.74375,0.74319,0.74298,0.74319,0.74375,0.74319,0.74298,0.74319,0.74375,0.74319,0.74298,0.74319,0.74375,0.74319,0.74298,0.74319,0.74375,0.74319,0.74298,0.74319,0.74375,0.74319,0.74298,0.74319,0.74375,0.74319,0.74298,0.74403,0.74375,0.74144,0.74809,0.73838,0.74375,0.7537,0.72342,0.76301,0.74375,0.70193,0.84234,0.58062
0.77338,0.83295,0.71986,0.7989,0.77338,0.75984,0.78629,0.76655,0.77338,0.77599,0.77033,0.77426,0.77338,0.77279,0.77258,0.77279,0.77338,0.77279,0.77258,0.77279,0.77338,0.77279,0.77258,0.77279,0.77338,0.77279,0.77258,0.77279,0.77338,0.77279,0.77258,0.77279,0.77338,0.77279,0.77258,0.77279,0.77338,0.77279,0.77258,0.77279,0.77338,0.77279,0.77258,0.77279,0.77338,0.77279,0.77258,0.77279,0.77338,0.77279,0.77258,0.77279,0.77338,0.77279,0.77258,0.77279,0.77338,0.77279,0.77258,0.77279,0.77338,0.77279,0.77258,0.77279,0.77338,0.77279,0.77258,0.77279,0.77338,0.77279,0.77258,0.77279,0.77338,0.77279,0.77258,0.77279,0.77338,0.77279,0.77258,0.77279,0.77338,0.77279,0.77258,0.77279,0.77338,0.77279,0.77258,0.77279,0.77338,0.77279,0.77258,0.77279,0.77338,0.77279,0.77258,0.77279,0.77338,0.77279,0.77258,0.77279,0.77338,0.77279,0.77258,0.77279,0.77338,0.77279,0.77258,0.77279,0.77338,0.77279,0.77258,0.77279,0.77338,0.77279,0.77258,0.77304,0.77338,0.77228,0.77408,0.77138,0.77338,0.77588,0.76684,0.77861,0.77338,0.76069,0.80174,0.72509,0.5551,0.53771,0.56941,0.54732,0.5551,0.55834,0.55066,0.55645,0.5551,0.55378,0.55517,0.55427,0.5551,0.55468,0.55453,0.55468,0.5551,0.55468,0.55453,0.55468,0.5551,0.55468,0.55453,0.55468,0.5551,0.55468,0.55453,0.55468,0.5551,0.55468,0.55453,0.55468,0.5551,0.55468,0.55453,0.55468,0.5551,0.55468,0.55453,0.55468,0.5551,0.55468,0.55453,0.55468,0.5551,0.55468,0.55453,0.55468,0.5551,0.55468,0.55453,0.55468,0.5551,0.55468,0.55453,0.55468,0.5551,0.55468,0.55453,0.55468,0.5551,0.55468,0.55453,0.55468,0.5551,0.55468,0.55453,0.55468,0.5551,0.55468,0.55453,0.55468,0.5551,0.55468,0.55453,0.55468,0.5551,0.55468,0.55453,0.55468,0.5551,0.55468,0.55453,0.55468,0.5551,0.55468,0.55453,0.55468,0.5551,0.55468,0.55453,0.55468,0.5551,0.55468,0.55453,0.55468,0.5551,0.55468,0.55453,0.55468,0.5551,0.55468,0.55453,0.55468,0.5551,0.55468,0.55453,0.55468,0.5551,0.55468,0.55453,0.55468,0.5551,0.55468,0.55453,0.55531,0.5551,0.55338,0.55834,0.5511,0.5551,0.56253,0.53994,0.56948,0.5551,0.52389,0.62869,0.43335
0.4191,0.45138,0.3901,0.43293,0.4191,0.41177,0.4261,0.4154,0.4191,0.42052,0.41745,0.41958,0.4191,0.41878,0.41867,0.41878,0.4191,0.41878,0.41867,0.41878,0.4191,0.41878,0.41867,0.41878,0.4191,0.41878,0.41867,0.41878,0.4191,0.41878,0.41867,0.41878,0.4191,0.41878,0.41867,0.41878,0.4191,0.41878,0.41867,0.41878,0.4191,0.41878,0.41867,0.41878,0.4191,0.41878,0.41867,0.41878,0.4191,0.41878,0.41867,0.41878,0.4191,0.41878,0.41867,0.41878,0.4191,0.41878,0.41867,0.41878,0.4191,0.41878,0.41867,0.41878,0.4191,0.41878,0.41867,0.41878,0.4191,0.41878,0.41867,0.41878,0.4191,0.41878,0.41867,0.41878,0.4191,0.41878,0.41867,0.41878,0.4191,0.41878,0.41867,0.41878,0.4191,0.41878,0.41867,0.41878,0.4191,0.41878,0.41867,0.41878,0.4191,0.41878,0.41867,0.41878,0.4191,0.41878,0.41867,0.41878,0.4191,0.41878,0.41867,0.41878,0.4191,0.41878,0.41867,0.41878,0.4191,0.41878,0.41867,0.41878,0.4191,0.41878,0.41867,0.4184,0.4191,0.41958,0.41635,0.42097,0.4191,0.41401,0.42755,0.40978,0.4191,0.43753,0.37353,0.49263,0.75696,0.78267,0.73315,0.76779,0.75696,0.75073,0.76217,0.75366,0.75696,0.75778,0.75519,0.75703,0.75696,0.75639,0.75618,0.75639,0.75696,0.75639,0.75618,0.75639,0.75696,0.75639,0.75618,0.75639,0.75696,0.75639,0.75618,0.75639,0.75696,0.75639,0.75618,0.75639,0.75696,0.75639,0.75618,0.75639,0.75696,0.75639,0.75618,0.75639,0.75696,0.75639,0.75618,0.75639,0.75696,0.75639,0.75618,0.75639,0.75696,0.75639,0.75618,0.75639,0.75696,0.75639,0.75618,0.75639,0.75696,0.75639,0.75618,0.75639,0.75696,0.75639,0.75618,0.75639,0.75696,0.75639,0.75618,0.75639,0.75696,0.75639,0.75618,0.75639,0.75696,0.75639,0.75618,0.75639,0.75696,0.75639,0.75618,0.75639,0.75696,0.75639,0.75618,0.75639,0.75696,0.75639,0.75618,0.75639,0.75696,0.75639,0.75618,0.75639,0.75696,0.75639,0.75618,0.75639,0.75696,0.75639,0.75618,0.75639,0.75696,0.75639,0.75618,0.75639,0.75696,0.75639,0.75618,0.75639,0.75696,0.75639,0.75618,0.75639,0.75696,0.75639,0.75618,0.75724,0.75696,0.75461,0.76138,0.75149,0.75696,0.76709,0.73628,0.77656,0.75696,0.71439,0.8573,0.59094
0.81013,0.87253,0.75407,0.83686,0.81013,0.79595,0.82365,0.80298,0.81013,0.81286,0.80693,0.81106,0.81013,0.80952,0.80929,0.80952,0.81013,0.80952,0.80929,0.80952,0.81013,0.80952,0.80929,0.80952,0.81013,0.80952,0.80929,0.80952,0.81013,0.80952,0.80929,0.80952,0.81013,0.80952,0.80929,0.80952,0.81013,0.80952,0.80929,0.80952,0.81013,0.80952,0.80929,0.80952,0.81013,0.80952,0.80929,0.80952,0.81013,0.80952,0.80929,0.80952,0.81013,0.80952,0.80929,0.80952,0.81013,0.80952,0.80929,0.80952,0.81013,0.80952,0.80929,0.80952,0.81013,0.80952,0.80929,0.80952,0.81013,0.80952,0.80929,0.80952,0.81013,0.80952,0.80929,0.80952,0.81013,0.80952,0.80929,0.80952,0.81013,0.80952,0.80929,0.80952,0.81013,0.80952,0.80929,0.80952,0.81013,0.80952,0.80929,0.80952,0.81013,0.80952,0.80929,0.80952,0.81013,0.80952,0.80929,0.80952,0.81013,0.80952,0.80929,0.80952,0.81013,0.80952,0.80929,0.80952,0.81013,0.80952,0.80929,0.80952,0.81013,0.80952,0.80929,0.80952,0.81013,0.80952,0.80929,0.80952,0.81013,0.80952,0.80929,0.80952,0.81013,0.80952,0.80929,0.80952,0.81013,0.80952,0.80929,0.80952,0.81013,0.80952,0.80929,0.80952,0.81013,0.80952,0.80929,0.80952,0.81013,0.80952,0.80929,0.80952,0.81013,0.80952,0.80929,0.80952,0.81013,0.80952,0.80929,0.80952,0.81013,0.80952,0.80929,0.80952,0.81013,0.80952,0.80929,0.80952,0.81013,0.80952,0.80929,0.80952,0.81013,0.80952,0.80929,0.80952,0.81013,0.80952,0.80929,0.80952,0.81013,0.80952,0.80929,0.80952,0.81013,0.80952,0.80929,0.80952,0.81013,0.80952,0.80929,0.80952,0.81013,0.80952,0.80929,0.80952,0.81013,0.80952,0.80929,0.80952,0.81013,0.80952,0.80929,0.80952,0.81013,0.80952,0.80929,0.80952,0.81013,0.80952,0.80929,0.80952,0.81013,0.80952,0.80929,0.80952,0.81013,0.80952,0.80929,0.80952,0.81013,0.80952,0.80929,0.80952,0.81013,0.80952,0.80929,0.80952,0.81013,0.80952,0.80929,0.80952,0.81013,0.80952,0.80929,0.80952,0.81013,0.80952,0.80929,0.80952,0.81013,0.80952,0.80929,0.80952,0.81013,0.80952,0.80929,0.80952,0.81013,0.80952,0.80929,0.81043,0.81013,0.80761,0.81486,0.80428,0.81013,0.82096,0.78799,0.83111,0.81013,0.76457,0.91751,0.63244
0.78991,0.85075,0.73525,0.81597,0.78991,0.77608,0.8031,0.78293,0.78991,0.79258,0.78679,0.79081,0.78991,0.78931,0.78909,0.78931,0.78991,0.78931,0.78909,0.78931,0.78991,0.78931,0.78909,0.78931,0.78991,0.78931,0.78909,0.78931,0.78991,0.78931,0.78909,0.78931,0.78991,0.78931,0.78909,0.78931,0.78991,0.78931,0.78909,0.78931,0.78991,0.78931,0.78909,0.78931,0.78991,0.78931,0.78909,0.78931,0.78991,0.78931,0.78909,0.78931,0.78991,0.78931,0.78909,0.78931,0.78991,0.78931,0.78909,0.78931,0.78991,0.78931,0.78909,0.78931,0.78991,0.78931,0.78909,0.78931,0.78991,0.78931,0.78909,0.78931,0.78991,0.78931,0.78909,0.78931,0.78991,0.78931,0.78909,0.78931,0.78991,0.78931,0.78909,0.78931,0.78991,0.78931,0.78909,0.78931,0.78991,0.78931,0.78909,0.78931,0.78991,0.78931,0.78909,0.78931,0.78991,0.78931,0.78909,0.78931,0.78991,0.78931,0.78909,0.78931,0.78991,0.78931,0.78909,0.78931,0.78991,0.78931,0.78909,0.78931,0.78991,0.78931,0.78909,0.78946,0.78991,0.789,0.79001,0.78844,0.78991,0.79121,0.78556,0.79289,0.78991,0.78186,0.80704,0.75995,0.65556,0.64462,0.66404,0.65053,0.65556,0.65732,0.6525,0.65615,0.65556,0.65451,0.65528,0.65481,0.65556,0.65507,0.65488,0.65507,0.65556,0.65507,0.65488,0.65507,0.65556,0.65507,0.65488,0.65507,0.65556,0.65507,0.65488,0.65507,0.65556,0.65507,0.65488,0.65507,0.65556,0.65507,0.65488,0.65507,0.65556,0.65507,0.65488,0.65507,0.65556,0.65507,0.65488,0.65507,0.65556,0.65507,0.65488,0.65507,0.65556,0.65507,0.65488,0.65507,0.65556,0.65507,0.65488,0.65507,0.65556,0.65507,0.65488,0.65507,0.65556,0.65507,0.65488,0.65507,0.65556,0.65507,0.65488,0.65507,0.65556,0.65507,0.65488,0.65507,0.65556,0.65507,0.65488,0.65507,0.65556,0.65507,0.65488,0.65507,0.65556,0.65507,0.65488,0.65507,0.65556,0.65507,0.65488,0.65507,0.65556,0.65507,0.65488,0.65507,0.65556,0.65507,0.65488,0.65507,0.65556,0.65507,0.65488,0.65507,0.65556,0.65507,0.65488,0.65507,0.65556,0.65507,0.65488,0.65507,0.65556,0.65507,0.65488,0.65507,0.65556,0.65507,0.65488,0.65581,0.65556,0.65353,0.65939,0.65083,0.65556,0.66433,0.63765,0.67254,0.65556,0.6187,0.74246,0.51178
0.80777,0.86999,0.75187,0.83442,0.80777,0.79363,0.82126,0.80064,0.80777,0.8105,0.80458,0.8087,0.80777,0.80716,0.80694,0.80716,0.80777,0.80716,0.80694,0.80716,0.80777,0.80716,0.80694,0.80716,0.80777,0.80716,0.80694,0.80716,0.80777,0.80716,0.80694,0.80716,0.80777,0.80716,0.80694,0.80716,0.80777,0.80716,0.80694,0.80716,0.80777,0.80716,0.80694,0.80716,0.80777,0.80716,0.80694,0.80716,0.80777,0.80716,0.80694,0.80716,0.80777,0.80716,0.80694,0.80716,0.80777,0.80716,0.80694,0.80716,0.80777,0.80716,0.80694,0.80716,0.80777,0.80716,0.80694,0.80716,0.80777,0.80716,0.80694,0.80716,0.80777,0.80716,0.80694,0.80716,0.80777,0.80716,0.80694,0.80716,0.80777,0.80716,0.80694,0.80716,0.80777,0.80716,0.80694,0.80716,0.80777,0.80716,0.80694,0.80716,0.80777,0.80716,0.80694,0.80716,0.80777,0.80716,0.80694,0.80716,0.80777,0.80716,0.80694,0.80716,0.80777,0.80716,0.80694,0.80716,0.80777,0.80716,0.80694,0.80716,0.80777,0.80716,0.80694,0.80752,0.80777,0.80642,0.8091,0.80513,0.80777,0.81161,0.79867,0.81554,0.80777,0.78971,0.84896,0.73841,0.49321,0.46837,0.51414,0.48222,0.49321,0.49811,0.48712,0.49538,0.49321,0.49154,0.49362,0.49224,0.49321,0.49284,0.4927,0.49284,0.49321,0.49284,0.4927,0.49284,0.49321,0.49284,0.4927,0.49284,0.49321,0.49284,0.4927,0.49284,0.49321,0.49284,0.4927,0.49284,0.49321,0.49284,0.4927,0.49284,0.49321,0.49284,0.4927,0.49284,0.49321,0.49284,0.4927,0.49284,0.49321,0.49284,0.4927,0.49284,0.49321,0.49284,0.4927,0.49284,0.49321,0.49284,0.4927,0.49284,0.49321,0.49284,0.4927,0.49284,0.49321,0.49284,0.4927,0.49284,0.49321,0.49284,0.4927,0.49284,0.49321,0.49284,0.4927,0.49284,0.49321,0.49284,0.4927,0.49284,0.49321,0.49284,0.4927,0.49284,0.49321,0.49284,0.4927,0.49284,0.49321,0.49284,0.4927,0.49284,0.49321,0.49284,0.4927,0.49284,0.49321,0.49284,0.4927,0.49284,0.49321,0.49284,0.4927,0.49284,0.49321,0.49284,0.4927,0.49284,0.49321,0.49284,0.4927,0.49284,0.49321,0.49284,0.4927,0.49284,0.49321,0.49284,0.4927,0.49339,0.49321,0.49168,0.49609,0.48965,0.49321,0.49981,0.47973,0.50598,0.49321,0.46548,0.55859,0.38503
0.83215,0.89624,0.77456,0.8596,0.83215,0.81758,0.84604,0.8248,0.83215,0.83496,0.82886,0.8331,0.83215,0.83152,0.83129,0.83152,0.83215,0.83152,0.83129,0.83152,0.83215,0.83152,0.83129,0.83152,0.83215,0.83152,0.83129,0.83152,0.83215,0.83152,0.83129,0.83152,0.83215,0.83152,0.83129,0.83152,0.83215,0.83152,0.83129,0.83152,0.83215,0.83152,0.83129,0.83152,0.83215,0.83152,0.83129,0.83152,0.83215,0.83152,0.83129,0.83152,0.83215,0.83152,0.83129,0.83152,0.83215,0.83152,0.83129,0.83152,0.83215,0.83152,0.83129,0.83152,0.83215,0.83152,0.83129,0.83152,0.83215,0.83152,0.83129,0.83152,0.83215,0.83152,0.83129,0.83152,0.83215,0.83152,0.83129,0.83152,0.83215,0.83152,0.83129,0.83152,0.83215,0.83152,0.83129,0.83152,0.83215,0.83152,0.83129,0.83152,0.83215,0.83152,0.83129,0.83152,0.83215,0.83152,0.83129,0.83152,0.83215,0.83152,0.83129,0.83152,0.83215,0.83152,0.83129,0.83152,0.83215,0.83152,0.83129,0.83152,0.83215,0.83152,0.83129,0.83152,0.83215,0.83152,0.83129,0.83152,0.83215,0.83152,0.83129,0.83152,0.83215,0.83152,0.83129,0.83152,0.83215,0.83152,0.83129,0.83152,0.83215,0.83152,0.83129,0.83152,0.83215,0.83152,0.83129,0.83152,0.83215,0.83152,0.83129,0.83152,0.83215,0.83152,0.83129,0.83152,0.83215,0.83152,0.83129,0.83152,0.83215,0.83152,0.83129,0.83152,0.83215,0.83152,0.83129,0.83152,0.83215,0.83152,0.83129,0.83152,0.83215,0.83152,0.83129,0.83152,0.83215,0.83152,0.83129,0.83152,0.83215,0.83152,0.83129,0.83152,0.83215,0.83152,0.83129,0.83152,0.83215,0.83152,0.83129,0.83152,0.83215,0.83152,0.83129,0.83152,0.83215,0.83152,0.83129,0.83152,0.83215,0.83152,0.83129,0.83152,0.83215,0.83152,0.83129,0.83152,0.83215,0.83152,0.83129,0.83152,0.83215,0.83152,0.83129,0.83152,0.83215,0.83152,0.83129,0.83152,0.83215,0.83152,0.83129,0.83152,0.83215,0.83152,0.83129,0.83152,0.83215,0.83152,0.83129,0.83152,0.83215,0.83152,0.83129,0.83152,0.83215,0.83152,0.83129,0.83152,0.83215,0.83152,0.83129,0.83152,0.83215,0.83152,0.83129,0.83152,0.83215,0.83152,0.83129,0.83246,0.83215,0.82956,0.837,0.82614,0.83215,0.84328,0.80941,0.85369,0.83215,0.78535,0.94245,0.64963
0.79448,0.85567,0.7395,0.82069,0.79448,0.78057,0.80774,0.78746,0.79448,0.79716,0.79134,0.79539,0.79448,0.79388,0.79366,0.79388,0.79448,0.79388,0.79366,0.79388,0.79448,0.79388,0.79366,0.79388,0.79448,0.79388,0.79366,0.79388,0.79448,0.79388,0.79366,0.79388,0.79448,0.79388,0.79366,0.79388,0.79448,0.79388,0.79366,0.79388,0.79448,0.79388,0.79366,0.79388,0.79448,0.79388,0.79366,0.79388,0.79448,0.79388,0.79366,0.79388,0.79448,0.79388,0.79366,0.79388,0.79448,0.79388,0.79366,0.79388,0.79448,0.79388,0.79366,0.79388,0.79448,0.79388,0.79366,0.79388,0.79448,0.79388,0.79366,0.79388,0.79448,0.79388,0.79366,0.79388,0.79448,0.79388,0.79366,0.79388,0.79448,0.79388,0.79366,0.79388,0.79448,0.79388,0.79366,0.79388,0.79448,0.79388,0.79366,0.79388,0.79448,0.79388,0.79366,0.79388,0.79448,0.79388,0.79366,0.79388,0.79448,0.79388,0.79366,0.79388,0.79448,0.79388,0.79366,0.79388,0.79448,0.79388,0.79366,0.79388,0.79448,0.79388,0.79366,0.79437,0.79448,0.79285,0.79666,0.79105,0.79448,0.80005,0.78217,0.80552,0.79448,0.76964,0.85202,0.69838,0.35756,0.32331,0.38698,0.34255,0.35756,0.36461,0.34945,0.36082,0.35756,0.35549,0.35847,0.35646,0.35756,0.35729,0.35719,0.35729,0.35756,0.35729,0.35719,0.35729,0.35756,0.35729,0.35719,0.35729,0.35756,0.35729,0.35719,0.35729,0.35756,0.35729,0.35719,0.35729,0.35756,0.35729,0.35719,0.35729,0.35756,0.35729,0.35719,0.35729,0.35756,0.35729,0.35719,0.35729,0.35756,0.35729,0.35719,0.35729,0.35756,0.35729,0.35719,0.35729,0.35756,0.35729,0.35719,0.35729,0.35756,0.35729,0.35719,0.35729,0.35756,0.35729,0.35719,0.35729,0.35756,0.35729,0.35719,0.35729,0.35756,0.35729,0.35719,0.35729,0.35756,0.35729,0.35719,0.35729,0.35756,0.35729,0.35719,0.35729,0.35756,0.35729,0.35719,0.35729,0.35756,0.35729,0.35719,0.35729,0.35756,0.35729,0.35719,0.35729,0.35756,0.35729,0.35719,0.35729,0.35756,0.35729,0.35719,0.35729,0.35756,0.35729,0.35719,0.35729,0.35756,0.35729,0.35719,0.35729,0.35756,0.35729,0.35719,0.35729,0.35756,0.35729,0.35719,0.3577,0.35756,0.35645,0.35965,0.35498,0.35756,0.36235,0.34779,0.36682,0.35756,0.33746,0.40496,0.27914
0.82204,0.88536,0.76516,0.84916,0.82204,0.80765,0.83577,0.81478,0.82204,0.82482,0.8188,0.82298,0.82204,0.82142,0.82119,0.82142,0.82204,0.82142,0.82119,0.82142,0.82204,0.82142,0.82119,0.82142,0.82204,0.82142,0.82119,0.82142,0.82204,0.82142,0.82119,0.82142,0.82204,0.82142,0.82119,0.82142,0.82204,0.82142,0.82119,0.82142,0.82204,0.82142,0.82119,0.82142,0.82204,0.82142,0.82119,0.82142,0.82204,0.82142,0.82119,0.82142,0.82204,0.82142,0.82119,0.82142,0.82204,0.82142,0.82119,0.82142,0.82204,0.82142,0.82119,0.82142,0.82204,0.82142,0.82119,0.82142,0.82204,0.82142,0.82119,0.82142,0.82204,0.82142,0.82119,0.82142,0.82204,0.82142,0.82119,0.82142,0.82204,0.82142,0.82119,0.82142,0.82204,0.82142,0.82119,0.82142,0.82204,0.82142,0.82119,0.82142,0.82204,0.82142,0.82119,0.82142,0.82204,0.82142,0.82119,0.82142,0.82204,0.82142,0.82119,0.82142,0.82204,0.82142,0.82119,0.82142,0.82204,0.82142,0.82119,0.82142,0.82204,0.82142,0.82119,0.82162,0.82204,0.82101,0.8224,0.82029,0.82204,0.8239,0.81657,0.8261,0.82204,0.81168,0.84465,0.78304,0.64644,0.63229,0.65774,0.64002,0.64644,0.64889,0.64266,0.64737,0.64644,0.64522,0.64628,0.64562,0.64644,0.64595,0.64577,0.64595,0.64644,0.64595,0.64577,0.64595,0.64644,0.64595,0.64577,0.64595,0.64644,0.64595,0.64577,0.64595,0.64644,0.64595,0.64577,0.64595,0.64644,0.64595,0.64577,0.64595,0.64644,0.64595,0.64577,0.64595,0.64644,0.64595,0.64577,0.64595,0.64644,0.64595,0.64577,0.64595,0.64644,0.64595,0.64577,0.64595,0.64644,0.64595,0.64577,0.64595,0.64644,0.64595,0.64577,0.64595,0.64644,0.64595,0.64577,0.64595,0.64644,0.64595,0.64577,0.64595,0.64644,0.64595,0.64577,0.64595,0.64644,0.64595,0.64577,0.64595,0.64644,0.64595,0.64577,0.64595,0.64644,0.64595,0.64577,0.64595,0.64644,0.64595,0.64577,0.64595,0.64644,0.64595,0.64577,0.64595,0.64644,0.64595,0.64577,0.64595,0.64644,0.64595,0.64577,0.64595,0.64644,0.64595,0.64577,0.64595,0.64644,0.64595,0.64577,0.64595,0.64644,0.64595,0.64577,0.64595,0.64644,0.64595,0.64577,0.64668,0.64644,0.64443,0.65021,0.64177,0.64644,0.65509,0.62877,0.66318,0.64644,0.61009,0.73213,0.50465
0.78232,0.84258,0.72819,0.80814,0.78232,0.76863,0.79539,0.77542,0.78232,0.78497,0.77924,0.78322,0.78232,0.78173,0.78152,0.78173,0.78232,0.78173,0.78152,0.78173,0.78232,0.78173,0.78152,0.78173,0.78232,0.78173,0.78152,0.78173,0.78232,0.78173,0.78152,0.78173,0.78232,0.78173,0.78152,0.78173,0.78232,0.78173,0.78152,0.78173,0.78232,0.78173,0.78152,0.78173,0.78232,0.78173,0.78152,0.78173,0.78232,0.78173,0.78152,0.78173,0.78232,0.78173,0.78152,0.78173,0.78232,0.78173,0.78152,0.78173,0.78232,0.78173,0.78152,0.78173,0.78232,0.78173,0.78152,0.78173,0.78232,0.78173,0.78152,0.78173,0.78232,0.78173,0.78152,0.78173,0.78232,0.78173,0.78152,0.78173,0.78232,0.78173,0.78152,0.78173,0.78232,0.78173,0.78152,0.78173,0.78232,0.78173,0.78152,0.78173,0.78232,0.78173,0.78152,0.78173,0.78232,0.78173,0.78152,0.78173,0.78232,0.78173,0.78152,0.78173,0.78232,0.78173,0.78152,0.78173,0.78232,0.78173,0.78152,0.78173,0.78232,0.78173,0.78152,0.78173,0.78232,0.78173,0.78152,0.78173,0.78232,0.78173,0.78152,0.78173,0.78232,0.78173,0.78152,0.78173,0.78232,0.78173,0.78152,0.78173,0.78232,0.78173,0.78152,0.78173,0.78232,0.78173,0.78152,0.78173,0.78232,0.78173,0.78152,0.78173,0.78232,0.78173,0.78152,0.78173,0.78232,0.78173,0.78152,0.78173,0.78232,0.78173,0.78152,0.78173,0.78232,0.78173,0.78152,0.78173,0.78232,0.78173,0.78152,0.78173,0.78232,0.78173,0.78152,0.78173,0.78232,0.78173,0.78152,0.78173,0.78232,0.78173,0.78152,0.78173,0.78232,0.78173,0.78152,0.78173,0.78232,0.78173,0.78152,0.78173,0.78232,0.78173,0.78152,0.78173,0.78232,0.78173,0.78152,0.78173,0.78232,0.78173,0.78152,0.78173,0.78232,0.78173,0.78152,0.78173,0.78232,0.78173,0.78152,0.78173,0.78232,0.78173,0.78152,0.78173,0.78232,0.78173,0.78152,0.78173,0.78232,0.78173,0.78152,0.78173,0.78232,0.78173,0.78152,0.78173,0.78232,0.78173,0.78152,0.78173,0.78232,0.78173,0.78152,0.78173,0.78232,0.78173,0.78152,0.78173,0.78232,0.78173,0.78152,0.78173,0.78232,0.78173,0.78152,0.78173,0.78232,0.78173,0.78152,0.78262,0.78232,0.7799,0.78689,0.77668,0.78232,0.79279,0.76095,0.80258,0.78232,0.73833,0.88603,0.61074
0.90418,0.97382,0.84161,0.93401,0.90418,0.88836,0.91928,0.8962,0.90418,0.90724,0.90061,0.90522,0.90418,0.9035,0.90325,0.9035,0.90418,0.9035,0.90325,0.9035,0.90418,0.9035,0.90325,0.9035,0.90418,0.9035,0.90325,0.9035,0.90418,0.9035,0.90325,0.9035,0.90418,0.9035,0.90325,0.9035,0.90418,0.9035,0.90325,0.9035,0.90418,0.9035,0.90325,0.9035,0.90418,0.9035,0.90325,0.9035,0.90418,0.9035,0.90325,0.9035,0.90418,0.9035,0.90325,0.9035,0.90418,0.9035,0.90325,0.9035,0.90418,0.9035,0.90325,0.9035,0.90418,0.9035,0.90325,0.9035,0.90418,0.9035,0.90325,0.9035,0.90418,0.9035,0.90325,0.9035,0.90418,0.9035,0.90325,0.9035,0.90418,0.9035,0.90325,0.9035,0.90418,0.9035,0.90325,0.9035,0.90418,0.9035,0.90325,0.9035,0.90418,0.9035,0.90325,0.9035,0.90418,0.9035,0.90325,0.9035,0.90418,0.9035,0.90325,0.9035,0.90418,0.9035,0.90325,0.9035,0.90418,0.9035,0.90325,0.9035,0.90418,0.9035,0.90325,0.90422,0.90418,0.902,0.90763,0.89937,0.90418,0.91252,0.88646,0.92051,0.90418,0.86808,0.98853,0.76396,0.2658,0.21594,0.30904,0.24405,0.2658,0.27629,0.2542,0.27075,0.2658,0.26296,0.26738,0.26438,0.2658,0.26559,0.26552,0.26559,0.2658,0.26559,0.26552,0.26559,0.2658,0.26559,0.26552,0.26559,0.2658,0.26559,0.26552,0.26559,0.2658,0.26559,0.26552,0.26559,0.2658,0.26559,0.26552,0.26559,0.2658,0.26559,0.26552,0.26559,0.2658,0.26559,0.26552,0.26559,0.2658,0.26559,0.26552,0.26559,0.2658,0.26559,0.26552,0.26559,0.2658,0.26559,0.26552,0.26559,0.2658,0.26559,0.26552,0.26559,0.2658,0.26559,0.26552,0.26559,0.2658,0.26559,0.26552,0.26559,0.2658,0.26559,0.26552,0.26559,0.2658,0.26559,0.26552,0.26559,0.2658,0.26559,0.26552,0.26559,0.2658,0.26559,0.26552,0.26559,0.2658,0.26559,0.26552,0.26559,0.2658,0.26559,0.26552,0.26559,0.2658,0.26559,0.26552,0.26559,0.2658,0.26559,0.26552,0.26559,0.2658,0.26559,0.26552,0.26559,0.2658,0.26559,0.26552,0.26559,0.2658,0.26559,0.26552,0.26559,0.2658,0.26559,0.26552,0.2659,0.2658,0.26497,0.26735,0.26388,0.2658,0.26935,0.25853,0.27268,0.2658,0.25085,0.30103,0.2075
0.81816,0.88118,0.76155,0.84516,0.81816,0.80385,0.83183,0.81094,0.81816,0.82093,0.81493,0.8191,0.81816,0.81755,0.81732,0.81755,0.81816,0.81755,0.81732,0.81755,0.81816,0.81755,0.81732,0.81755,0.81816,0.81755,0.81732,0.81755,0.81816,0.81755,0.81732,0.81755,0.81816,0.81755,0.81732,0.81755,0.81816,0.81755,0.81732,0.81755,0.81816,0.81755,0.81732,0.81755,0.81816,0.81755,0.81732,0.81755,0.81816,0.81755,0.81732,0.81755,0.81816,0.81755,0.81732,0.81755,0.81816,0.81755,0.81732,0.81755,0.81816,0.81755,0.81732,0.81755,0.81816,0.81755,0.81732,0.81755,0.81816,0.81755,0.81732,0.81755,0.81816,0.81755,0.81732,0.81755,0.81816,0.81755,0.81732,0.81755,0.81816,0.81755,0.81732,0.81755,0.81816,0.81755,0.81732,0.81755,0.81816,0.81755,0.81732,0.81755,0.81816,0.81755,0.81732,0.81755,0.81816,0.81755,0.81732,0.81755,0.81816,0.81755,0.81732,0.81755,0.81816,0.81755,0.81732,0.81755,0.81816,0.81755,0.81732,0.81755,0.81816,0.81755,0.81732,0.81755,0.81816,0.81755,0.81732,0.81755,0.81816,0.81755,0.81732,0.81755,0.81816,0.81755,0.81732,0.81755,0.81816,0.81755,0.81732,0.81755,0.81816,0.81755,0.81732,0.81755,0.81816,0.81755,0.81732,0.81755,0.81816,0.81755,0.81732,0.81755,0.81816,0.81755,0.81732,0.81755,0.81816,0.81755,0.81732,0.81755,0.81816,0.81755,0.81732,0.81755,0.81816,0.81755,0.81732,0.81755,0.81816,0.81755,0.81732,0.81755,0.81816,0.81755,0.81732,0.81755,0.81816,0.81755,0.81732,0.81755,0.81816,0.81755,0.81732,0.81755,0.81816,0.81755,0.81732,0.81755,0.81816,0.81755,0.81732,0.81755,0.81816,0.81755,0.81732,0.81755,0.81816,0.81755,0.81732,0.81755,0.81816,0.81755,0.81732,0.81755,0.81816,0.81755,0.81732,0.81755,0.81816,0.81755,0.81732,0.81755,0.81816,0.81755,0.81732,0.81755,0.81816,0.81755,0.81732,0.81755,0.81816,0.81755,0.81732,0.81755,0.81816,0.81755,0.81732,0.81755,0.81816,0.81755,0.81732,0.81755,0.81816,0.81755,0.81732,0.81755,0.81816,0.81755,0.81732,0.81755,0.81816,0.81755,0.81732,0.81755,0.81816,0.81755,0.81732,0.81755,0.81816,0.81755,0.81732,0.81847,0.81816,0.81562,0.82294,0.81226,0.81816,0.82911,0.79581,0.83935,0.81816,0.77216,0.92662,0.63872
0.72422,0.78,0.67411,0.74812,0.72422,0.71155,0.73631,0.71783,0.72422,0.72667,0.72136,0.72505,0.72422,0.72367,0.72347,0.72367,0.72422,0.72367,0.72347,0.72367,0.72422,0.72367,0.72347,0.72367,0.72422,0.72367,0.72347,0.72367,0.72422,0.72367,0.72347,0.72367,0.72422,0.72367,0.72347,0.72367,0.72422,0.72367,0.72347,0.72367,0.72422,0.72367,0.72347,0.72367,0.72422,0.72367,0.72347,0.72367,0.72422,0.72367,0.72347,0.72367,0.72422,0.72367,0.72347,0.72367,0.72422,0.72367,0.72347,0.72367,0.72422,0.72367,0.72347,0.72367,0.72422,0.72367,0.72347,0.72367,0.72422,0.72367,0.72347,0.72367,0.72422,0.72367,0.72347,0.72367,0.72422,0.72367,0.72347,0.72367,0.72422,0.72367,0.72347,0.72367,0.72422,0.72367,0.72347,0.72367,0.72422,0.72367,0.72347,0.72367,0.72422,0.72367,0.72347,0.72367,0.72422,0.72367,0.72347,0.72367,0.72422,0.72367,0.72347,0.72367,0.72422,0.72367,0.72347,0.72367,0.72422,0.72367,0.72347,0.72367,0.72422,0.72367,0.72347,0.72367,0.72422,0.72367,0.72347,0.72367,0.72422,0.72367,0.72347,0.72367,0.72422,0.72367,0.72347,0.72367,0.72422,0.72367,0.72347,0.72367,0.72422,0.72367,0.72347,0.72367,0.72422,0.72367,0.72347,0.72367,0.72422,0.72367,0.72347,0.72367,0.72422,0.72367,0.72347,0.72367,0.72422,0.72367,0.72347,0.72367,0.72422,0.72367,0.72347,0.72367,0.72422,0.72367,0.72347,0.72367,0.72422,0.72367,0.72347,0.72367,0.72422,0.72367,0.72347,0.72367,0.72422,0.72367,0.72347,0.72367,0.72422,0.72367,0.72347,0.72367,0.72422,0.72367,0.72347,0.72367,0.72422,0.72367,0.72347,0.72367,0.72422,0.72367,0.72347,0.72367,0.72422,0.72367,0.72347,0.72367,0.72422,0.72367,0.72347,0.72367,0.72422,0.72367,0.72347,0.72367,0.72422,0.72367,0.72347,0.72367,0.72422,0.72367,0.72347,0.72367,0.72422,0.72367,0.72347,0.72367,0.72422,0.72367,0.72347,0.72367,0.72422,0.72367,0.72347,0.72367,0.72422,0.72367,0.72347,0.72367,0.72422,0.72367,0.72347,0.72367,0.72422,0.72367,0.72347,0.72367,0.72422,0.72367,0.72347,0.72367,0.72422,0.72367,0.72347,0.72367,0.72422,0.72367,0.72347,0.72449,0.72422,0.72197,0.72845,0.71899,0.72422,0.73391,0.70443,0.74297,0.72422,0.6835,0.82022,0.56538
0.81399,0.87668,0.75766,0.84084,0.81399,0.79974,0.82758,0.8068,0.81399,0.81674,0.81077,0.81492,0.81399,0.81337,0.81314,0.81337,0.81399,0.81337,0.81314,0.81337,0.81399,0.81337,0.81314,0.81337,0.81399,0.81337,0.81314,0.81337,0.81399,0.81337,0.81314,0.81337,0.81399,0.81337,0.81314,0.81337,0.81399,0.81337,0.81314,0.81337,0.81399,0.81337,0.81314,0.81337,0.81399,0.81337,0.81314,0.81337,0.81399,0.81337,0.81314,0.81337,0.81399,0.81337,0.81314,0.81337,0.81399,0.81337,0.81314,0.81337,0.81399,0.81337,0.81314,0.81337,0.81399,0.81337,0.81314,0.81337,0.81399,0.81337,0.81314,0.81337,0.81399,0.81337,0.81314,0.81337,0.81399,0.81337,0.81314,0.81337,0.81399,0.81337,0.81314,0.81337,0.81399,0.81337,0.81314,0.81337,0.81399,0.81337,0.81314,0.81337,0.81399,0.81337,0.81314,0.81337,0.81399,0.81337,0.81314,0.81337,0.81399,0.81337,0.81314,0.81337,0.81399,0.81337,0.81314,0.81337,0.81399,0.81337,0.81314,0.81337,0.81399,0.81337,0.81314,0.81337,0.81399,0.81337,0.81314,0.81337,0.81399,0.81337,0.81314,0.81337,0.81399,0.81337,0.81314,0.81337,0.81399,0.81337,0.81314,0.81337,0.81399,0.81337,0.81314,0.81337,0.81399,0.81337,0.81314,0.81337,0.81399,0.81337,0.81314,0.81337,0.81399,0.81337,0.81314,0.81337,0.81399,0.81337,0.81314,0.81337,0.81399,0.81337,0.81314,0.81337,0.81399,0.81337,0.81314,0.81337,0.81399,0.81337,0.81314,0.81337,0.81399,0.81337,0.81314,0.81337,0.81399,0.81337,0.81314,0.81337,0.81399,0.81337,0.81314,0.81337,0.81399,0.81337,0.81314,0.81337,0.81399,0.81337,0.81314,0.81337,0.81399,0.81337,0.81314,0.81337,0.81399,0.81337,0.81314,0.81337,0.81399,0.81337,0.81314,0.81337,0.81399,0.81337,0.81314,0.81337,0.81399,0.81337,0.81314,0.81337,0.81399,0.81337,0.81314,0.81337,0.81399,0.81337,0.81314,0.81337,0.81399,0.81337,0.81314,0.81337,0.81399,0.81337,0.81314,0.81337,0.81399,0.81337,0.81314,0.81337,0.81399,0.81337,0.81314,0.81337,0.81399,0.81337,0.81314,0.81337,0.81399,0.81337,0.81314,0.81337,0.81399,0.81337,0.81314,0.81337,0.81399,0.81337,0.81314,0.81429,0.81399,0.81146,0.81874,0.80811,0.81399,0.82487,0.79174,0.83506,0.81399,0.76821,0.92188,0.63545
0.55998,0.60019,0.5278,0.5689,0.52545,0.51719,0.52733,0.53481,0.59036,0.59522,0.58925,0.58413,0.55343,0.55153,0.55078,0.55967,0.58487,0.58437,0.58932,0.57263,0.52417,0.51837,0.52804,0.52258,0.53251,0.53519,0.52681,0.53991,0.57434,0.58136,0.56098,0.59006,0.62926,0.62631,0.64014,0.60662,0.52185,0.51281,0.52828,0.51963,0.53281,0.53576,0.52828,0.53592,0.54502,0.54599,0.54176,0.5478,0.55407,0.55189,0.55823,0.54597,0.52193,0.52075,0.51898,0.52905,0.5673,0.57362,0.55685,0.57887,0.61503,0.61794,0.61122,0.61557,0.60254,0.59515,0.6159,0.5823,0.52559,0.52432,0.51884,0.53983,0.59432,0.59618,0.5974,0.58297,0.54633,0.54773,0.53449,0.56755,0.63998,0.64061,0.64908,0.61551,0.51722,0.50725,0.52247,0.51938,0.55346,0.55907,0.54603,0.55933,0.57673,0.57952,0.57008,0.58399,0.5994,0.59529,0.60978,0.58011,0.51517,0.51018,0.51536,0.52005,0.54858,0.55024,0.54862,0.54427,0.53278,0.53508,0.52311,0.54822,0.60203,0.60389,0.60469,0.58933,0.52763,0.51702,0.5401,0.51544,0.50292,0.50898,0.48615,0.53004,0.6348,0.6473,0.61951,0.64553,0.64916,0.64003,0.66753,0.62014,0.52883,0.52274,0.52844,0.53669,0.57798,0.5804,0.5788,0.57027,0.54288,0.54318,0.53515,0.55674,0.6051,0.60509,0.61182,0.58706,0.51517,0.50743,0.51984,0.51472,0.53056,0.53272,0.52793,0.53154,0.53995,0.54396,0.52964,0.55323,0.58735,0.58356,0.5998,0.56298,0.47874,0.47279,0.47761,0.48892,0.54545,0.55223,0.53802,0.54965,0.55911,0.56154,0.55152,0.56969,0.60239,0.60154,0.6079,0.58884,0.53816,0.5332,0.53998,0.53952,0.5552,0.55621,0.5546,0.55342,0.55383,0.55748,0.5431,0.56906,0.61488,0.61381,0.62287,0.59614,0.52649,0.5204,0.5278,0.53112,0.56384,0.56734,0.56076,0.56285,0.55423,0.55326,0.55285,0.55542,0.55528,0.55069,0.56483,0.53848,0.4842,0.48034,0.48305,0.49163,0.53867,0.54719,0.52483,0.55454,0.60411,0.60851,0.59841,0.6069,0.6017,0.59574,0.61276,0.58397,0.52863,0.52452,0.52882,0.53233,0.55632,0.55847,0.55434,0.55531,0.55252,0.55376,0.54682,0.56032,0.58359,0.58173,0.59009,0.57009,0.51929,0.51364,0.52353,0.51995,0.55554,0.56879,0.53254,0.57804,0.58128,0.54973,0.65741,0.45425
0.1542,0.16607,0.14353,0.15929,0.1542,0.1515,0.15677,0.15284,0.1542,0.15472,0.15359,0.15437,0.1542,0.15408,0.15404,0.15408,0.1542,0.15408,0.15404,0.15408,0.1542,0.15408,0.15404,0.15408,0.1542,0.15408,0.15404,0.15408,0.1542,0.15408,0.15404,0.15408,0.1542,0.15408,0.15404,0.15408,0.1542,0.15408,0.15404,0.15408,0.1542,0.15408,0.15404,0.15408,0.1542,0.15408,0.15404,0.15408,0.1542,0.15408,0.15404,0.15408,0.1542,0.15408,0.15404,0.15408,0.1542,0.15408,0.15404,0.15408,0.1542,0.15408,0.15404,0.15408,0.1542,0.15408,0.15404,0.15408,0.1542,0.15408,0.15404,0.15408,0.1542,0.15408,0.15404,0.15408,0.1542,0.15408,0.15404,0.15408,0.1542,0.15408,0.15404,0.15408,0.1542,0.15408,0.15404,0.15408,0.1542,0.15408,0.15404,0.15408,0.1542,0.15408,0.15404,0.15408,0.1542,0.15408,0.15404,0.15408,0.1542,0.15408,0.15404,0.15408,0.1542,0.15408,0.15404,0.15408,0.1542,0.15408,0.15404,0.15408,0.1542,0.15408,0.15404,0.15328,0.1542,0.15574,0.14918,0.15865,0.1542,0.14409,0.17263,0.13524,0.1542,0.19331,0.059567,0.30865,0.86137,0.91572,0.81228,0.88459,0.86137,0.84888,0.87302,0.85501,0.86137,0.86364,0.85842,0.86206,0.86137,0.86072,0.86048,0.86072,0.86137,0.86072,0.86048,0.86072,0.86137,0.86072,0.86048,0.86072,0.86137,0.86072,0.86048,0.86072,0.86137,0.86072,0.86048,0.86072,0.86137,0.86072,0.86048,0.86072,0.86137,0.86072,0.86048,0.86072,0.86137,0.86072,0.86048,0.86072,0.86137,0.86072,0.86048,0.86072,0.86137,0.86072,0.86048,0.86072,0.86137,0.86072,0.86048,0.86072,0.86137,0.86072,0.86048,0.86072,0.86137,0.86072,0.86048,0.86072,0.86137,0.86072,0.86048,0.86072,0.86137,0.86072,0.86048,0.86072,0.86137,0.86072,0.86048,0.86072,0.86137,0.86072,0.86048,0.86072,0.86137,0.86072,0.86048,0.86072,0.86137,0.86072,0.86048,0.86072,0.86137,0.86072,0.86048,0.86072,0.86137,0.86072,0.86048,0.86072,0.86137,0.86072,0.86048,0.86072,0.86137,0.86072,0.86048,0.86072,0.86137,0.86072,0.86048,0.86072,0.86137,0.86072,0.86048,0.86072,0.86137,0.86072,0.86048,0.86169,0.86137,0.8587,0.8664,0.85515,0.86137,0.87289,0.83783,0.88368,0.86137,0.81293,0.97555,0.67245
0.4515,0.48627,0.42025,0.46639,0.4515,0.44359,0.45903,0.44751,0.4515,0.45302,0.44971,0.45201,0.4515,0.45115,0.45103,0.45115,0.4515,0.45115,0.45103,0.45115,0.4515,0.45115,0.45103,0.45115,0.4515,0.45115,0.45103,0.45115,0.4515,0.45115,0.45103,0.45115,0.4515,0.45115,0.45103,0.45115,0.4515,0.45115,0.45103,0.45115,0.4515,0.45115,0.45103,0.45115,0.4515,0.45115,0.45103,0.45115,0.4515,0.45115,0.45103,0.45115,0.4515,0.45115,0.45103,0.45115,0.4515,0.45115,0.45103,0.45115,0.4515,0.45115,0.45103,0.45115,0.4515,0.45115,0.45103,0.45115,0.4515,0.45115,0.45103,0.45115,0.4515,0.45115,0.45103,0.45115,0.4515,0.45115,0.45103,0.45115,0.4515,0.45115,0.45103,0.45115,0.4515,0.45115,0.45103,0.45115,0.4515,0.45115,0.45103,0.45115,0.4515,0.45115,0.45103,0.45115,0.4515,0.45115,0.45103,0.45115,0.4515,0.45115,0.45103,0.45115,0.4515,0.45115,0.45103,0.45115,0.4515,0.45115,0.45103,0.45115,0.4515,0.45115,0.45103,0.45077,0.4515,0.45196,0.44868,0.45336,0.4515,0.44633,0.46,0.44206,0.4515,0.47009,0.40542,0.52578,0.79289,0.81884,0.7688,0.80381,0.79289,0.78657,0.79812,0.78953,0.79289,0.7937,0.79107,0.79294,0.79289,0.79229,0.79207,0.79229,0.79289,0.79229,0.79207,0.79229,0.79289,0.79229,0.79207,0.79229,0.79289,0.79229,0.79207,0.79229,0.79289,0.79229,0.79207,0.79229,0.79289,0.79229,0.79207,0.79229,0.79289,0.79229,0.79207,0.79229,0.79289,0.79229,0.79207,0.79229,0.79289,0.79229,0.79207,0.79229,0.79289,0.79229,0.79207,0.79229,0.79289,0.79229,0.79207,0.79229,0.79289,0.79229,0.79207,0.79229,0.79289,0.79229,0.79207,0.79229,0.79289,0.79229,0.79207,0.79229,0.79289,0.79229,0.79207,0.79229,0.79289,0.79229,0.79207,0.79229,0.79289,0.79229,0.79207,0.79229,0.79289,0.79229,0.79207,0.79229,0.79289,0.79229,0.79207,0.79229,0.79289,0.79229,0.79207,0.79229,0.79289,0.79229,0.79207,0.79229,0.79289,0.79229,0.79207,0.79229,0.79289,0.79229,0.79207,0.79229,0.79289,0.79229,0.79207,0.79229,0.79289,0.79229,0.79207,0.79229,0.79289,0.79229,0.79207,0.79319,0.79289,0.79043,0.79752,0.78716,0.79289,0.8035,0.77122,0.81342,0.79289,0.7483,0.89799,0.61898
0.82441,0.88791,0.76736,0.85161,0.82441,0.80998,0.83817,0.81713,0.82441,0.82719,0.82115,0.82535,0.82441,0.82378,0.82355,0.82378,0.82441,0.82378,0.82355,0.82378,0.82441,0.82378,0.82355,0.82378,0.82441,0.82378,0.82355,0.82378,0.82441,0.82378,0.82355,0.82378,0.82441,0.82378,0.82355,0.82378,0.82441,0.82378,0.82355,0.82378,0.82441,0.82378,0.82355,0.82378,0.82441,0.82378,0.82355,0.82378,0.82441,0.82378,0.82355,0.82378,0.82441,0.82378,0.82355,0.82378,0.82441,0.82378,0.82355,0.82378,0.82441,0.82378,0.82355,0.82378,0.82441,0.82378,0.82355,0.82378,0.82441,0.82378,0.82355,0.82378,0.82441,0.82378,0.82355,0.82378,0.82441,0.82378,0.82355,0.82378,0.82441,0.82378,0.82355,0.82378,0.82441,0.82378,0.82355,0.82378,0.82441,0.82378,0.82355,0.82378,0.82441,0.82378,0.82355,0.82378,0.82441,0.82378,0.82355,0.82378,0.82441,0.82378,0.82355,0.82378,0.82441,0.82378,0.82355,0.82378,0.82441,0.82378,0.82355,0.82378,0.82441,0.82378,0.82355,0.82378,0.82441,0.82378,0.82355,0.82378,0.82441,0.82378,0.82355,0.82378,0.82441,0.82378,0.82355,0.82378,0.82441,0.82378,0.82355,0.82378,0.82441,0.82378,0.82355,0.82378,0.82441,0.82378,0.82355,0.82378,0.82441,0.82378,0.82355,0.82378,0.82441,0.82378,0.82355,0.82378,0.82441,0.82378,0.82355,0.82378,0.82441,0.82378,0.82355,0.82378,0.82441,0.82378,0.82355,0.82378,0.82441,0.82378,0.82355,0.82378,0.82441,0.82378,0.82355,0.82378,0.82441,0.82378,0.82355,0.82378,0.82441,0.82378,0.82355,0.82378,0.82441,0.82378,0.82355,0.82378,0.82441,0.82378,0.82355,0.82378,0.82441,0.82378,0.82355,0.82378,0.82441,0.82378,0.82355,0.82378,0.82441,0.82378,0.82355,0.82378,0.82441,0.82378,0.82355,0.82378,0.82441,0.82378,0.82355,0.82378,0.82441,0.82378,0.82355,0.82378,0.82441,0.82378,0.82355,0.82378,0.82441,0.82378,0.82355,0.82378,0.82441,0.82378,0.82355,0.82378,0.82441,0.82378,0.82355,0.82378,0.82441,0.82378,0.82355,0.82378,0.82441,0.82378,0.82355,0.82378,0.82441,0.82378,0.82355,0.82378,0.82441,0.82378,0.82355,0.82378,0.82441,0.82378,0.82355,0.82472,0.82441,0.82185,0.82922,0.81845,0.82441,0.83543,0.80188,0.84575,0.82441,0.77805,0.93369,0.64359
0.83407,0.89831,0.77635,0.86159,0.83407,0.81947,0.84799,0.8267,0.83407,0.83688,0.83077,0.83502,0.83407,0.83344,0.8332,0.83344,0.83407,0.83344,0.8332,0.83344,0.83407,0.83344,0.8332,0.83344,0.83407,0.83344,0.8332,0.83344,0.83407,0.83344,0.8332,0.83344,0.83407,0.83344,0.8332,0.83344,0.83407,0.83344,0.8332,0.83344,0.83407,0.83344,0.8332,0.83344,0.83407,0.83344,0.8332,0.83344,0.83407,0.83344,0.8332,0.83344,0.83407,0.83344,0.8332,0.83344,0.83407,0.83344,0.8332,0.83344,0.83407,0.83344,0.8332,0.83344,0.83407,0.83344,0.8332,0.83344,0.83407,0.83344,0.8332,0.83344,0.83407,0.83344,0.8332,0.83344,0.83407,0.83344,0.8332,0.83344,0.83407,0.83344,0.8332,0.83344,0.83407,0.83344,0.8332,0.83344,0.83407,0.83344,0.8332,0.83344,0.83407,0.83344,0.8332,0.83344,0.83407,0.83344,0.8332,0.83344,0.83407,0.83344,0.8332,0.83344,0.83407,0.83344,0.8332,0.83344,0.83407,0.83344,0.8332,0.83344,0.83407,0.83344,0.8332,0.83344,0.83407,0.83344,0.8332,0.83344,0.83407,0.83344,0.8332,0.83344,0.83407,0.83344,0.8332,0.83344,0.83407,0.83344,0.8332,0.83344,0.83407,0.83344,0.8332,0.83344,0.83407,0.83344,0.8332,0.83344,0.83407,0.83344,0.8332,0.83344,0.83407,0.83344,0.8332,0.83344,0.83407,0.83344,0.8332,0.83344,0.83407,0.83344,0.8332,0.83344,0.83407,0.83344,0.8332,0.83344,0.83407,0.83344,0.8332,0.83344,0.83407,0.83344,0.8332,0.83344,0.83407,0.83344,0.8332,0.83344,0.83407,0.83344,0.8332,0.83344,0.83407,0.83344,0.8332,0.83344,0.83407,0.83344,0.8332,0.83344,0.83407,0.83344,0.8332,0.83344,0.83407,0.83344,0.8332,0.83344,0.83407,0.83344,0.8332,0.83344,0.83407,0.83344,0.8332,0.83344,0.83407,0.83344,0.8332,0.83344,0.83407,0.83344,0.8332,0.83344,0.83407,0.83344,0.8332,0.83344,0.83407,0.83344,0.8332,0.83344,0.83407,0.83344,0.8332,0.83344,0.83407,0.83344,0.8332,0.83344,0.83407,0.83344,0.8332,0.83344,0.83407,0.83344,0.8332,0.83344,0.83407,0.83344,0.8332,0.83344,0.83407,0.83344,0.8332,0.83344,0.83407,0.83344,0.8332,0.83438,0.83407,0.83148,0.83894,0.82805,0.83407,0.84522,0.81128,0.85566,0.83407,0.78717,0.94463,0.65113
0.71802,0.77332,0.66833,0.74171,0.71802,0.70545,0.73001,0.71168,0.71802,0.72044,0.71518,0.71884,0.71802,0.71748,0.71727,0.71748,0.71802,0.71748,0.71727,0.71748,0.71802,0.71748,0.71727,0.71748,0.71802,0.71748,0.71727,0.71748,0.71802,0.71748,0.71727,0.71748,0.71802,0.71748,0.71727,0.71748,0.71802,0.71748,0.71727,0.71748,0.71802,0.71748,0.71727,0.71748,0.71802,0.71748,0.71727,0.71748,0.71802,0.71748,0.71727,0.71748,0.71802,0.71748,0.71727,0.71748,0.71802,0.71748,0.71727,0.71748,0.71802,0.71748,0.71727,0.71748,0.71802,0.71748,0.71727,0.71748,0.71802,0.71748,0.71727,0.71748,0.71802,0.71748,0.71727,0.71748,0.71802,0.71748,0.71727,0.71748,0.71802,0.71748,0.71727,0.71748,0.71802,0.71748,0.71727,0.71748,0.71802,0.71748,0.71727,0.71748,0.71802,0.71748,0.71727,0.71748,0.71802,0.71748,0.71727,0.71748,0.71802,0.71748,0.71727,0.71748,0.71802,0.71748,0.71727,0.71748,0.71802,0.71748,0.71727,0.71748,0.71802,0.71748,0.71727,0.71797,0.71802,0.71644,0.72031,0.71462,0.71802,0.72372,0.70566,0.72925,0.71802,0.69297,0.77628,0.62093,0.2763,0.24173,0.30612,0.26118,0.2763,0.28349,0.26818,0.27966,0.2763,0.27426,0.2773,0.27525,0.2763,0.27609,0.27601,0.27609,0.2763,0.27609,0.27601,0.27609,0.2763,0.27609,0.27601,0.27609,0.2763,0.27609,0.27601,0.27609,0.2763,0.27609,0.27601,0.27609,0.2763,0.27609,0.27601,0.27609,0.2763,0.27609,0.27601,0.27609,0.2763,0.27609,0.27601,0.27609,0.2763,0.27609,0.27601,0.27609,0.2763,0.27609,0.27601,0.27609,0.2763,0.27609,0.27601,0.27609,0.2763,0.27609,0.27601,0.27609,0.2763,0.27609,0.27601,0.27609,0.2763,0.27609,0.27601,0.27609,0.2763,0.27609,0.27601,0.27609,0.2763,0.27609,0.27601,0.27609,0.2763,0.27609,0.27601,0.27609,0.2763,0.27609,0.27601,0.27609,0.2763,0.27609,0.27601,0.27609,0.2763,0.27609,0.27601,0.27609,0.2763,0.27609,0.27601,0.27609,0.2763,0.27609,0.27601,0.27609,0.2763,0.27609,0.27601,0.27609,0.2763,0.27609,0.27601,0.27609,0.2763,0.27609,0.27601,0.27609,0.2763,0.27609,0.27601,0.2764,0.2763,0.27544,0.27791,0.2743,0.2763,0.28,0.26875,0.28345,0.2763,0.26076,0.31292,0.2157
0.10182,0.10966,0.094771,0.10518,0.10182,0.10003,0.10352,0.10092,0.10182,0.10216,0.10141,0.10193,0.10182,0.10174,0.10171,0.10174,0.10182,0.10174,0.10171,0.10174,0.10182,0.10174,0.10171,0.10174,0.10182,0.10174,0.10171,0.10174,0.10182,0.10174,0.10171,0.10174,0.10182,0.10174,0.10171,0.10174,0.10182,0.10174,0.10171,0.10174,0.10182,0.10174,0.10171,0.10174,0.10182,0.10174,0.10171,0.10174,0.10182,0.10174,0.10171,0.10174,0.10182,0.10174,0.10171,0.10174,0.10182,0.10174,0.10171,0.10174,0.10182,0.10174,0.10171,0.10174,0.10182,0.10174,0.10171,0.10174,0.10182,0.10174,0.10171,0.10174,0.10182,0.10174,0.10171,0.10174,0.10182,0.10174,0.10171,0.10174,0.10182,0.10174,0.10171,0.10174,0.10182,0.10174,0.10171,0.10174,0.10182,0.10174,0.10171,0.10174,0.10182,0.10174,0.10171,0.10174,0.10182,0.10174,0.10171,0.10174,0.10182,0.10174,0.10171,0.10174,0.10182,0.10174,0.10171,0.10174,0.10182,0.10174,0.10171,0.10174,0.10182,0.10174,0.10171,0.10082,0.10182,0.10366,0.096096,0.10702,0.10182,0.090191,0.1232,0.079962,0.10182,0.14708,-0.0074594,0.28036,0.91902,0.98189,0.86237,0.94591,0.91902,0.90464,0.93256,0.91173,0.91902,0.92171,0.91569,0.91988,0.91902,0.91833,0.91807,0.91833,0.91902,0.91833,0.91807,0.91833,0.91902,0.91833,0.91807,0.91833,0.91902,0.91833,0.91807,0.91833,0.91902,0.91833,0.91807,0.91833,0.91902,0.91833,0.91807,0.91833,0.91902,0.91833,0.91807,0.91833,0.91902,0.91833,0.91807,0.91833,0.91902,0.91833,0.91807,0.91833,0.91902,0.91833,0.91807,0.91833,0.91902,0.91833,0.91807,0.91833,0.91902,0.91833,0.91807,0.91833,0.91902,0.91833,0.91807,0.91833,0.91902,0.91833,0.91807,0.91833,0.91902,0.91833,0.91807,0.91833,0.91902,0.91833,0.91807,0.91833,0.91902,0.91833,0.91807,0.91833,0.91902,0.91833,0.91807,0.91833,0.91902,0.91833,0.91807,0.91833,0.91902,0.91833,0.91807,0.91833,0.91902,0.91833,0.91807,0.91833,0.91902,0.91833,0.91807,0.91833,0.91902,0.91833,0.91807,0.91833,0.91902,0.91833,0.91807,0.91833,0.91902,0.91833,0.91807,0.91833,0.91902,0.91833,0.91807,0.91937,0.91902,0.91617,0.92439,0.91239,0.91902,0.93132,0.89391,0.94282,0.91902,0.86734,1.0408,0.71745
0.67173,0.72347,0.62524,0.69389,0.67173,0.65997,0.68294,0.6658,0.67173,0.674,0.66907,0.6725,0.67173,0.67122,0.67103,0.67122,0.67173,0.67122,0.67103,0.67122,0.67173,0.67122,0.67103,0.67122,0.67173,0.67122,0.67103,0.67122,0.67173,0.67122,0.67103,0.67122,0.67173,0.67122,0.67103,0.67122,0.67173,0.67122,0.67103,0.67122,0.67173,0.67122,0.67103,0.67122,0.67173,0.67122,0.67103,0.67122,0.67173,0.67122,0.67103,0.67122,0.67173,0.67122,0.67103,0.67122,0.67173,0.67122,0.67103,0.67122,0.67173,0.67122,0.67103,0.67122,0.67173,0.67122,0.67103,0.67122,0.67173,0.67122,0.67103,0.67122,0.67173,0.67122,0.67103,0.67122,0.67173,0.67122,0.67103,0.67122,0.67173,0.67122,0.67103,0.67122,0.67173,0.67122,0.67103,0.67122,0.67173,0.67122,0.67103,0.67122,0.67173,0.67122,0.67103,0.67122,0.67173,0.67122,0.67103,0.67122,0.67173,0.67122,0.67103,0.67122,0.67173,0.67122,0.67103,0.67122,0.67173,0.67122,0.67103,0.67122,0.67173,0.67122,0.67103,0.67104,0.67173,0.67159,0.66995,0.67223,0.67173,0.669,0.67516,0.66703,0.67173,0.67994,0.65004,0.70557,0.82887,0.84046,0.8173,0.83354,0.82887,0.82561,0.83079,0.82697,0.82887,0.82889,0.82755,0.82854,0.82887,0.82824,0.82801,0.82824,0.82887,0.82824,0.82801,0.82824,0.82887,0.82824,0.82801,0.82824,0.82887,0.82824,0.82801,0.82824,0.82887,0.82824,0.82801,0.82824,0.82887,0.82824,0.82801,0.82824,0.82887,0.82824,0.82801,0.82824,0.82887,0.82824,0.82801,0.82824,0.82887,0.82824,0.82801,0.82824,0.82887,0.82824,0.82801,0.82824,0.82887,0.82824,0.82801,0.82824,0.82887,0.82824,0.82801,0.82824,0.82887,0.82824,0.82801,0.82824,0.82887,0.82824,0.82801,0.82824,0.82887,0.82824,0.82801,0.82824,0.82887,0.82824,0.82801,0.82824,0.82887,0.82824,0.82801,0.82824,0.82887,0.82824,0.82801,0.82824,0.82887,0.82824,0.82801,0.82824,0.82887,0.82824,0.82801,0.82824,0.82887,0.82824,0.82801,0.82824,0.82887,0.82824,0.82801,0.82824,0.82887,0.82824,0.82801,0.82824,0.82887,0.82824,0.82801,0.82824,0.82887,0.82824,0.82801,0.82824,0.82887,0.82824,0.82801,0.82918,0.82887,0.82629,0.8337,0.82288,0.82887,0.83995,0.80622,0.85033,0.82887,0.78226,0.93874,0.64707
0.8939,0.96275,0.83204,0.92339,0.8939,0.87825,0.90882,0.88601,0.8939,0.89692,0.89037,0.89492,0.8939,0.89322,0.89297,0.89322,0.8939,0.89322,0.89297,0.89322,0.8939,0.89322,0.89297,0.89322,0.8939,0.89322,0.89297,0.89322,0.8939,0.89322,0.89297,0.89322,0.8939,0.89322,0.89297,0.89322,0.8939,0.89322,0.89297,0.89322,0.8939,0.89322,0.89297,0.89322,0.8939,0.89322,0.89297,0.89322,0.8939,0.89322,0.89297,0.89322,0.8939,0.89322,0.89297,0.89322,0.8939,0.89322,0.89297,0.89322,0.8939,0.89322,0.89297,0.89322,0.8939,0.89322,0.89297,0.89322,0.8939,0.89322,0.89297,0.89322,0.8939,0.89322,0.89297,0.89322,0.8939,0.89322,0.89297,0.89322,0.8939,0.89322,0.89297,0.89322,0.8939,0.89322,0.89297,0.89322,0.8939,0.89322,0.89297,0.89322,0.8939,0.89322,0.89297,0.89322,0.8939,0.89322,0.89297,0.89322,0.8939,0.89322,0.89297,0.89322,0.8939,0.89322,0.89297,0.89322,0.8939,0.89322,0.89297,0.89322,0.8939,0.89322,0.89297,0.8941,0.8939,0.8914,0.89829,0.88822,0.8939,0.90416,0.87262,0.91385,0.8939,0.85028,0.99639,0.72402,0.11978,0.059484,0.17243,0.093567,0.11978,0.13266,0.10593,0.12594,0.11978,0.11649,0.12192,0.11822,0.11978,0.11969,0.11966,0.11969,0.11978,0.11969,0.11966,0.11969,0.11978,0.11969,0.11966,0.11969,0.11978,0.11969,0.11966,0.11969,0.11978,0.11969,0.11966,0.11969,0.11978,0.11969,0.11966,0.11969,0.11978,0.11969,0.11966,0.11969,0.11978,0.11969,0.11966,0.11969,0.11978,0.11969,0.11966,0.11969,0.11978,0.11969,0.11966,0.11969,0.11978,0.11969,0.11966,0.11969,0.11978,0.11969,0.11966,0.11969,0.11978,0.11969,0.11966,0.11969,0.11978,0.11969,0.11966,0.11969,0.11978,0.11969,0.11966,0.11969,0.11978,0.11969,0.11966,0.11969,0.11978,0.11969,0.11966,0.11969,0.11978,0.11969,0.11966,0.11969,0.11978,0.11969,0.11966,0.11969,0.11978,0.11969,0.11966,0.11969,0.11978,0.11969,0.11966,0.11969,0.11978,0.11969,0.11966,0.11969,0.11978,0.11969,0.11966,0.11969,0.11978,0.11969,0.11966,0.11969,0.11978,0.11969,0.11966,0.11969,0.11978,0.11969,0.11966,0.11983,0.11978,0.11941,0.12048,0.11892,0.11978,0.12139,0.11651,0.12289,0.11978,0.11305,0.13566,0.093512
0.52697,0.56756,0.4905,0.54435,0.52697,0.51774,0.53577,0.52231,0.52697,0.52875,0.52489,0.52757,0.52697,0.52657,0.52642,0.52657,0.52697,0.52657,0.52642,0.52657,0.52697,0.52657,0.52642,0.52657,0.52697,0.52657,0.52642,0.52657,0.52697,0.52657,0.52642,0.52657,0.52697,0.52657,0.52642,0.52657,0.52697,0.52657,0.52642,0.52657,0.52697,0.52657,0.52642,0.52657,0.52697,0.52657,0.52642,0.52657,0.52697,0.52657,0.52642,0.52657,0.52697,0.52657,0.52642,0.52657,0.52697,0.52657,0.52642,0.52657,0.52697,0.52657,0.52642,0.52657,0.52697,0.52657,0.52642,0.52657,0.52697,0.52657,0.52642,0.52657,0.52697,0.52657,0.52642,0.52657,0.52697,0.52657,0.52642,0.52657,0.52697,0.52657,0.52642,0.52657,0.52697,0.52657,0.52642,0.52657,0.52697,0.52657,0.52642,0.52657,0.52697,0.52657,0.52642,0.52657,0.52697,0.52657,0.52642,0.52657,0.52697,0.52657,0.52642,0.52657,0.52697,0.52657,0.52642,0.52657,0.52697,0.52657,0.52642,0.52657,0.52697,0.52657,0.52642,0.52629,0.52697,0.52715,0.52473,0.52816,0.52697,0.52309,0.5329,0.52,0.52697,0.54024,0.49349,0.58045,0.77345,0.79204,0.75585,0.78119,0.77345,0.76874,0.77703,0.77088,0.77345,0.77389,0.77194,0.77334,0.77345,0.77287,0.77265,0.77287,0.77345,0.77287,0.77265,0.77287,0.77345,0.77287,0.77265,0.77287,0.77345,0.77287,0.77265,0.77287,0.77345,0.77287,0.77265,0.77287,0.77345,0.77287,0.77265,0.77287,0.77345,0.77287,0.77265,0.77287,0.77345,0.77287,0.77265,0.77287,0.77345,0.77287,0.77265,0.77287,0.77345,0.77287,0.77265,0.77287,0.77345,0.77287,0.77265,0.77287,0.77345,0.77287,0.77265,0.77287,0.77345,0.77287,0.77265,0.77287,0.77345,0.77287,0.77265,0.77287,0.77345,0.77287,0.77265,0.77287,0.77345,0.77287,0.77265,0.77287,0.77345,0.77287,0.77265,0.77287,0.77345,0.77287,0.77265,0.77287,0.77345,0.77287,0.77265,0.77287,0.77345,0.77287,0.77265,0.77287,0.77345,0.77287,0.77265,0.77287,0.77345,0.77287,0.77265,0.77287,0.77345,0.77287,0.77265,0.77287,0.77345,0.77287,0.77265,0.77287,0.77345,0.77287,0.77265,0.77287,0.77345,0.77287,0.77265,0.77374,0.77345,0.77105,0.77797,0.76787,0.77345,0.7838,0.75232,0.79348,0.77345,0.72996,0.87598,0.60381
0.77524,0.83496,0.7216,0.80082,0.77524,0.76168,0.78819,0.7684,0.77524,0.77786,0.77218,0.77613,0.77524,0.77466,0.77444,0.77466,0.77524,0.77466,0.77444,0.77466,0.77524,0.77466,0.77444,0.77466,0.77524,0.77466,0.77444,0.77466,0.77524,0.77466,0.77444,0.77466,0.77524,0.77466,0.77444,0.77466,0.77524,0.77466,0.77444,0.77466,0.77524,0.77466,0.77444,0.77466,0.77524,0.77466,0.77444,0.77466,0.77524,0.77466,0.77444,0.77466,0.77524,0.77466,0.77444,0.77466,0.77524,0.77466,0.77444,0.77466,0.77524,0.77466,0.77444,0.77466,0.77524,0.77466,0.77444,0.77466,0.77524,0.77466,0.77444,0.77466,0.77524,0.77466,0.77444,0.77466,0.77524,0.77466,0.77444,0.77466,0.77524,0.77466,0.77444,0.77466,0.77524,0.77466,0.77444,0.77466,0.77524,0.77466,0.77444,0.77466,0.77524,0.77466,0.77444,0.77466,0.77524,0.77466,0.77444,0.77466,0.77524,0.77466,0.77444,0.77466,0.77524,0.77466,0.77444,0.77466,0.77524,0.77466,0.77444,0.77466,0.77524,0.77466,0.77444,0.77478,0.77524,0.7744,0.77519,0.77395,0.77524,0.7762,0.77158,0.77756,0.77524,0.76862,0.78898,0.75087,0.66642,0.65746,0.67315,0.66225,0.66642,0.66774,0.6638,0.6668,0.66642,0.66547,0.66605,0.66571,0.66642,0.66592,0.66573,0.66592,0.66642,0.66592,0.66573,0.66592,0.66642,0.66592,0.66573,0.66592,0.66642,0.66592,0.66573,0.66592,0.66642,0.66592,0.66573,0.66592,0.66642,0.66592,0.66573,0.66592,0.66642,0.66592,0.66573,0.66592,0.66642,0.66592,0.66573,0.66592,0.66642,0.66592,0.66573,0.66592,0.66642,0.66592,0.66573,0.66592,0.66642,0.66592,0.66573,0.66592,0.66642,0.66592,0.66573,0.66592,0.66642,0.66592,0.66573,0.66592,0.66642,0.66592,0.66573,0.66592,0.66642,0.66592,0.66573,0.66592,0.66642,0.66592,0.66573,0.66592,0.66642,0.66592,0.66573,0.66592,0.66642,0.66592,0.66573,0.66592,0.66642,0.66592,0.66573,0.66592,0.66642,0.66592,0.66573,0.66592,0.66642,0.66592,0.66573,0.66592,0.66642,0.66592,0.66573,0.66592,0.66642,0.66592,0.66573,0.66592,0.66642,0.66592,0.66573,0.66592,0.66642,0.66592,0.66573,0.66592,0.66642,0.66592,0.66573,0.66667,0.66642,0.66435,0.67031,0.66161,0.66642,0.67534,0.64821,0.68368,0.66642,0.62895,0.75476,0.52026
0.13931,0.15004,0.12967,0.14391,0.13931,0.13687,0.14164,0.13808,0.13931,0.13978,0.13876,0.13947,0.13931,0.13921,0.13917,0.13921,0.13931,0.13921,0.13917,0.13921,0.13931,0.13921,0.13917,0.13921,0.13931,0.13921,0.13917,0.13921,0.13931,0.13921,0.13917,0.13921,0.13931,0.13921,0.13917,0.13921,0.13931,0.13921,0.13917,0.13921,0.13931,0.13921,0.13917,0.13921,0.13931,0.13921,0.13917,0.13921,0.13931,0.13921,0.13917,0.13921,0.13931,0.13921,0.13917,0.13921,0.13931,0.13921,0.13917,0.13921,0.13931,0.13921,0.13917,0.13921,0.13931,0.13921,0.13917,0.13921,0.13931,0.13921,0.13917,0.13921,0.13931,0.13921,0.13917,0.13921,0.13931,0.13921,0.13917,0.13921,0.13931,0.13921,0.13917,0.13921,0.13931,0.13921,0.13917,0.13921,0.13931,0.13921,0.13917,0.13921,0.13931,0.13921,0.13917,0.13921,0.13931,0.13921,0.13917,0.13921,0.13931,0.13921,0.13917,0.13921,0.13931,0.13921,0.13917,0.13921,0.13931,0.13921,0.13917,0.13921,0.13931,0.13921,0.13917,0.13837,0.13931,0.14095,0.13407,0.144,0.13931,0.12873,0.15867,0.11944,0.13931,0.18035,0.040092,0.30131,0.88095,0.93797,0.82948,0.90531,0.88095,0.86786,0.89319,0.87429,0.88095,0.88335,0.87787,0.88169,0.88095,0.88028,0.88004,0.88028,0.88095,0.88028,0.88004,0.88028,0.88095,0.88028,0.88004,0.88028,0.88095,0.88028,0.88004,0.88028,0.88095,0.88028,0.88004,0.88028,0.88095,0.88028,0.88004,0.88028,0.88095,0.88028,0.88004,0.88028,0.88095,0.88028,0.88004,0.88028,0.88095,0.88028,0.88004,0.88028,0.88095,0.88028,0.88004,0.88028,0.88095,0.88028,0.88004,0.88028,0.88095,0.88028,0.88004,0.88028,0.88095,0.88028,0.88004,0.88028,0.88095,0.88028,0.88004,0.88028,0.88095,0.88028,0.88004,0.88028,0.88095,0.88028,0.88004,0.88028,0.88095,0.88028,0.88004,0.88028,0.88095,0.88028,0.88004,0.88028,0.88095,0.88028,0.88004,0.88028,0.88095,0.88028,0.88004,0.88028,0.88095,0.88028,0.88004,0.88028,0.88095,0.88028,0.88004,0.88028,0.88095,0.88028,0.88004,0.88028,0.88095,0.88028,0.88004,0.88028,0.88095,0.88028,0.88004,0.88028,0.88095,0.88028,0.88004,0.88128,0.88095,0.87821,0.88609,0.87459,0.88095,0.89273,0.85687,0.90376,0.88095,0.83141,0.99772,0.68773
0.8409,0.90567,0.78271,0.86865,0.8409,0.82619,0.85494,0.83348,0.8409,0.84374,0.83758,0.84187,0.8409,0.84027,0.84003,0.84027,0.8409,0.84027,0.84003,0.84027,0.8409,0.84027,0.84003,0.84027,0.8409,0.84027,0.84003,0.84027,0.8409,0.84027,0.84003,0.84027,0.8409,0.84027,0.84003,0.84027,0.8409,0.84027,0.84003,0.84027,0.8409,0.84027,0.84003,0.84027,0.8409,0.84027,0.84003,0.84027,0.8409,0.84027,0.84003,0.84027,0.8409,0.84027,0.84003,0.84027,0.8409,0.84027,0.84003,0.84027,0.8409,0.84027,0.84003,0.84027,0.8409,0.84027,0.84003,0.84027,0.8409,0.84027,0.84003,0.84027,0.8409,0.84027,0.84003,0.84027,0.8409,0.84027,0.84003,0.84027,0.8409,0.84027,0.84003,0.84027,0.8409,0.84027,0.84003,0.84027,0.8409,0.84027,0.84003,0.84027,0.8409,0.84027,0.84003,0.84027,0.8409,0.84027,0.84003,0.84027,0.8409,0.84027,0.84003,0.84027,0.8409,0.84027,0.84003,0.84027,0.8409,0.84027,0.84003,0.84027,0.8409,0.84027,0.84003,0.84069,0.8409,0.83938,0.84263,0.83782,0.8409,0.84561,0.8301,0.85033,0.8409,0.81931,0.8905,0.75769,0.46313,0.43339,0.4884,0.45003,0.46313,0.4691,0.45595,0.46583,0.46313,0.46121,0.46375,0.46206,0.46313,0.46278,0.46265,0.46278,0.46313,0.46278,0.46265,0.46278,0.46313,0.46278,0.46265,0.46278,0.46313,0.46278,0.46265,0.46278,0.46313,0.46278,0.46265,0.46278,0.46313,0.46278,0.46265,0.46278,0.46313,0.46278,0.46265,0.46278,0.46313,0.46278,0.46265,0.46278,0.46313,0.46278,0.46265,0.46278,0.46313,0.46278,0.46265,0.46278,0.46313,0.46278,0.46265,0.46278,0.46313,0.46278,0.46265,0.46278,0.46313,0.46278,0.46265,0.46278,0.46313,0.46278,0.46265,0.46278,0.46313,0.46278,0.46265,0.46278,0.46313,0.46278,0.46265,0.46278,0.46313,0.46278,0.46265,0.46278,0.46313,0.46278,0.46265,0.46278,0.46313,0.46278,0.46265,0.46278,0.46313,0.46278,0.46265,0.46278,0.46313,0.46278,0.46265,0.46278,0.46313,0.46278,0.46265,0.46278,0.46313,0.46278,0.46265,0.46278,0.46313,0.46278,0.46265,0.46278,0.46313,0.46278,0.46265,0.46278,0.46313,0.46278,0.46265,0.4633,0.46313,0.46169,0.46583,0.45978,0.46313,0.46932,0.45047,0.47512,0.46313,0.43708,0.52452,0.36155
0.88825,0.95667,0.82678,0.91756,0.88825,0.8727,0.90308,0.88041,0.88825,0.89125,0.88474,0.88927,0.88825,0.88758,0.88733,0.88758,0.88825,0.88758,0.88733,0.88758,0.88825,0.88758,0.88733,0.88758,0.88825,0.88758,0.88733,0.88758,0.88825,0.88758,0.88733,0.88758,0.88825,0.88758,0.88733,0.88758,0.88825,0.88758,0.88733,0.88758,0.88825,0.88758,0.88733,0.88758,0.88825,0.88758,0.88733,0.88758,0.88825,0.88758,0.88733,0.88758,0.88825,0.88758,0.88733,0.88758,0.88825,0.88758,0.88733,0.88758,0.88825,0.88758,0.88733,0.88758,0.88825,0.88758,0.88733,0.88758,0.88825,0.88758,0.88733,0.88758,0.88825,0.88758,0.88733,0.88758,0.88825,0.88758,0.88733,0.88758,0.88825,0.88758,0.88733,0.88758,0.88825,0.88758,0.88733,0.88758,0.88825,0.88758,0.88733,0.88758,0.88825,0.88758,0.88733,0.88758,0.88825,0.88758,0.88733,0.88758,0.88825,0.88758,0.88733,0.88758,0.88825,0.88758,0.88733,0.88758,0.88825,0.88758,0.88733,0.88758,0.88825,0.88758,0.88733,0.88834,0.88825,0.88599,0.89199,0.88319,0.88825,0.89716,0.8695,0.90565,0.88825,0.84996,0.97792,0.73936,0.21015,0.15725,0.25616,0.18711,0.21015,0.22135,0.19791,0.21547,0.21015,0.20719,0.21191,0.20871,0.21015,0.20999,0.20994,0.20999,0.21015,0.20999,0.20994,0.20999,0.21015,0.20999,0.20994,0.20999,0.21015,0.20999,0.20994,0.20999,0.21015,0.20999,0.20994,0.20999,0.21015,0.20999,0.20994,0.20999,0.21015,0.20999,0.20994,0.20999,0.21015,0.20999,0.20994,0.20999,0.21015,0.20999,0.20994,0.20999,0.21015,0.20999,0.20994,0.20999,0.21015,0.20999,0.20994,0.20999,0.21015,0.20999,0.20994,0.20999,0.21015,0.20999,0.20994,0.20999,0.21015,0.20999,0.20994,0.20999,0.21015,0.20999,0.20994,0.20999,0.21015,0.20999,0.20994,0.20999,0.21015,0.20999,0.20994,0.20999,0.21015,0.20999,0.20994,0.20999,0.21015,0.20999,0.20994,0.20999,0.21015,0.20999,0.20994,0.20999,0.21015,0.20999,0.20994,0.20999,0.21015,0.20999,0.20994,0.20999,0.21015,0.20999,0.20994,0.20999,0.21015,0.20999,0.20994,0.20999,0.21015,0.20999,0.20994,0.20999,0.21015,0.20999,0.20994,0.21023,0.21015,0.2095,0.21138,0.20864,0.21015,0.21296,0.20441,0.21559,0.21015,0.19834,0.23801,0.16406
0.765,0.82392,0.71206,0.79024,0.765,0.75161,0.77777,0.75824,0.765,0.76758,0.76198,0.76587,0.765,0.76442,0.7642,0.76442,0.765,0.76442,0.7642,0.76442,0.765,0.76442,0.7642,0.76442,0.765,0.76442,0.7642,0.76442,0.765,0.76442,0.7642,0.76442,0.765,0.76442,0.7642,0.76442,0.765,0.76442,0.7642,0.76442,0.765,0.76442,0.7642,0.76442,0.765,0.76442,0.7642,0.76442,0.765,0.76442,0.7642,0.76442,0.765,0.76442,0.7642,0.76442,0.765,0.76442,0.7642,0.76442,0.765,0.76442,0.7642,0.76442,0.765,0.76442,0.7642,0.76442,0.765,0.76442,0.7642,0.76442,0.765,0.76442,0.7642,0.76442,0.765,0.76442,0.7642,0.76442,0.765,0.76442,0.7642,0.76442,0.765,0.76442,0.7642,0.76442,0.765,0.76442,0.7642,0.76442,0.765,0.76442,0.7642,0.76442,0.765,0.76442,0.7642,0.76442,0.765,0.76442,0.7642,0.76442,0.765,0.76442,0.7642,0.76442,0.765,0.76442,0.7642,0.76442,0.765,0.76442,0.7642,0.76442,0.765,0.76442,0.7642,0.76442,0.765,0.76442,0.7642,0.76442,0.765,0.76442,0.7642,0.76442,0.765,0.76442,0.7642,0.76442,0.765,0.76442,0.7642,0.76442,0.765,0.76442,0.7642,0.76442,0.765,0.76442,0.7642,0.76442,0.765,0.76442,0.7642,0.76442,0.765,0.76442,0.7642,0.76442,0.765,0.76442,0.7642,0.76442,0.765,0.76442,0.7642,0.76442,0.765,0.76442,0.7642,0.76442,0.765,0.76442,0.7642,0.76442,0.765,0.76442,0.7642,0.76442,0.765,0.76442,0.7642,0.76442,0.765,0.76442,0.7642,0.76442,0.765,0.76442,0.7642,0.76442,0.765,0.76442,0.7642,0.76442,0.765,0.76442,0.7642,0.76442,0.765,0.76442,0.7642,0.76442,0.765,0.76442,0.7642,0.76442,0.765,0.76442,0.7642,0.76442,0.765,0.76442,0.7642,0.76442,0.765,0.76442,0.7642,0.76442,0.765,0.76442,0.7642,0.76442,0.765,0.76442,0.7642,0.76442,0.765,0.76442,0.7642,0.76442,0.765,0.76442,0.7642,0.76442,0.765,0.76442,0.7642,0.76442,0.765,0.76442,0.7642,0.76442,0.765,0.76442,0.7642,0.76442,0.765,0.76442,0.7642,0.76528,0.765,0.76262,0.76946,0.75947,0.765,0.77523,0.74409,0.7848,0.765,0.72198,0.8664,0.59721
0.75285,0.81084,0.70075,0.77769,0.75285,0.73967,0.76542,0.7462,0.75285,0.75539,0.74988,0.75371,0.75285,0.75228,0.75207,0.75228,0.75285,0.75228,0.75207,0.75228,0.75285,0.75228,0.75207,0.75228,0.75285,0.75228,0.75207,0.75228,0.75285,0.75228,0.75201,0.75234,0.75285,0.75211,0.75238,0.75194,0.75285,0.75291,0.75078,0.75357,0.75285,0.74866,0.76734,0.78644,0.78341,0.78153,0.78389,0.78219,0.78341,0.78316,0.78229,0.78299,0.78341,0.78276,0.78266,0.78282,0.78341,0.78282,0.7826,0.78282,0.78341,0.78282,0.7826,0.78282,0.78341,0.78282,0.7826,0.78282,0.78341,0.78282,0.7826,0.78282,0.78341,0.7829,0.78248,0.78299,0.78341,0.78248,0.78334,0.78212,0.78341,0.78423,0.77976,0.78606,0.78341,0.75028,0.73539,0.74348,0.74173,0.74006,0.74206,0.74058,0.74173,0.74144,0.74068,0.74127,0.74173,0.74112,0.74096,0.74117,0.74173,0.74117,0.74096,0.74117,0.74173,0.74117,0.74096,0.74117,0.74173,0.74117,0.74096,0.74117,0.74173,0.74117,0.74096,0.74133,0.74173,0.74084,0.74193,0.74026,0.74173,0.74316,0.73726,0.74493,0.74173,0.73335,0.7598,0.71035,0.60075,0.58933,0.60973,0.59553,0.60075,0.60265,0.59762,0.60143,0.60075,0.59971,0.60053,0.60002,0.60075,0.60029,0.60012,0.60029,0.60075,0.60029,0.60012,0.60029,0.60075,0.60029,0.60012,0.60029,0.60075,0.60029,0.60012,0.60029,0.60075,0.60029,0.6002,0.60023,0.60075,0.60049,0.59977,0.60068,0.60075,0.59958,0.60159,0.59883,0.60075,0.60438,0.58287,0.56169,0.5662,0.56724,0.56415,0.56649,0.5662,0.56539,0.56597,0.56558,0.5662,0.56584,0.56554,0.56578,0.5662,0.56578,0.56562,0.56578,0.5662,0.56578,0.56562,0.56578,0.5662,0.56578,0.56562,0.56578,0.5662,0.56578,0.56562,0.56578,0.5662,0.56565,0.56581,0.5655,0.5662,0.56631,0.56444,0.56689,0.5662,0.56353,0.57016,0.56059,0.5662,0.61782,0.64111,0.62869,0.63286,0.63416,0.63046,0.63333,0.63286,0.63196,0.63267,0.63223,0.63286,0.63246,0.63221,0.63239,0.63286,0.63239,0.63221,0.63239,0.63286,0.63239,0.63221,0.63239,0.63286,0.63239,0.63221,0.63239,0.63286,0.63239,0.63221,0.6331,0.63286,0.6309,0.63656,0.6283,0.63286,0.64133,0.61557,0.64925,0.63286,0.59728,0.71675,0.49406
0.82118,0.88443,0.76436,0.84828,0.82118,0.80681,0.8349,0.81393,0.82118,0.82396,0.81794,0.82212,0.82118,0.82056,0.82033,0.82056,0.82118,0.82056,0.82033,0.82056,0.82118,0.82056,0.82033,0.82056,0.82118,0.82056,0.82033,0.82056,0.82118,0.82056,0.82033,0.82056,0.82118,0.82056,0.82033,0.82056,0.82118,0.82056,0.82033,0.82056,0.82118,0.82056,0.82033,0.82056,0.82118,0.82056,0.82033,0.82056,0.82118,0.82056,0.82033,0.82056,0.82118,0.82056,0.82033,0.82056,0.82118,0.82056,0.82033,0.82056,0.82118,0.82056,0.82033,0.82056,0.82118,0.82056,0.82033,0.82056,0.82118,0.82056,0.82033,0.82056,0.82118,0.82056,0.82033,0.82056,0.82118,0.82056,0.82033,0.82056,0.82118,0.82056,0.82033,0.82056,0.82118,0.82056,0.82033,0.82056,0.82118,0.82056,0.82033,0.82056,0.82118,0.82056,0.82033,0.82056,0.82118,0.82056,0.82033,0.82056,0.82118,0.82056,0.82033,0.82056,0.82118,0.82056,0.82033,0.82056,0.82118,0.82056,0.82033,0.82056,0.82118,0.82056,0.82033,0.82121,0.82118,0.81921,0.82428,0.81685,0.82118,0.82867,0.80524,0.83586,0.82118,0.78872,0.89701,0.69511,0.24723,0.2024,0.2861,0.22767,0.24723,0.25666,0.2368,0.25168,0.24723,0.24467,0.24865,0.24595,0.24723,0.24704,0.24698,0.24704,0.24723,0.24704,0.24698,0.24704,0.24723,0.24704,0.24698,0.24704,0.24723,0.24704,0.24698,0.24704,0.24723,0.24704,0.24698,0.24704,0.24723,0.24704,0.24698,0.24704,0.24723,0.24704,0.24698,0.24704,0.24723,0.24704,0.24698,0.24704,0.24723,0.24704,0.24698,0.24704,0.24723,0.24704,0.24698,0.24704,0.24723,0.24704,0.24698,0.24704,0.24723,0.24704,0.24698,0.24704,0.24723,0.24704,0.24698,0.24704,0.24723,0.24704,0.24698,0.24704,0.24723,0.24704,0.24698,0.24704,0.24723,0.24704,0.24698,0.24704,0.24723,0.24704,0.24698,0.24704,0.24723,0.24704,0.24698,0.24704,0.24723,0.24704,0.24698,0.24704,0.24723,0.24704,0.24698,0.24704,0.24723,0.24704,0.24698,0.24704,0.24723,0.24704,0.24698,0.24704,0.24723,0.24704,0.24698,0.24704,0.24723,0.24704,0.24698,0.24704,0.24723,0.24704,0.24698,0.24704,0.24723,0.24704,0.24698,0.24732,0.24723,0.24646,0.24867,0.24545,0.24723,0.25054,0.24048,0.25363,0.24723,0.23333,0.28,0.19301
0.87981,0.94758,0.81893,0.90884,0.87981,0.86441,0.8945,0.87204,0.87981,0.88278,0.87634,0.88082,0.87981,0.87915,0.8789,0.87915,0.87981,0.87915,0.8789,0.87915,0.87981,0.87915,0.8789,0.87915,0.87981,0.87915,0.8789,0.87915,0.87981,0.87915,0.8789,0.87915,0.87981,0.87915,0.8789,0.87915,0.87981,0.87915,0.8789,0.87915,0.87981,0.87915,0.8789,0.87915,0.87981,0.87915,0.8789,0.87915,0.87981,0.87915,0.8789,0.87915,0.87981,0.87915,0.8789,0.87915,0.87981,0.87915,0.8789,0.87915,0.87981,0.87915,0.8789,0.87915,0.87981,0.87915,0.8789,0.87915,0.87981,0.87915,0.8789,0.87915,0.87981,0.87915,0.8789,0.87915,0.87981,0.87915,0.8789,0.87915,0.87981,0.87915,0.8789,0.87915,0.87981,0.87915,0.8789,0.87915,0.87981,0.87915,0.8789,0.87915,0.87981,0.87915,0.8789,0.87915,0.87981,0.87915,0.8789,0.87915,0.87981,0.87915,0.8789,0.87915,0.87981,0.87915,0.8789,0.87915,0.87981,0.87915,0.8789,0.87915,0.87981,0.87915,0.8789,0.87944,0.87981,0.87855,0.88065,0.8775,0.87981,0.88275,0.87219,0.88595,0.87981,0.86499,0.91298,0.82338,0.62469,0.60437,0.64143,0.61561,0.62469,0.62849,0.61952,0.62628,0.62469,0.62316,0.62479,0.62373,0.62469,0.62422,0.62404,0.62422,0.62469,0.62422,0.62404,0.62422,0.62469,0.62422,0.62404,0.62422,0.62469,0.62422,0.62404,0.62422,0.62469,0.62422,0.62404,0.62422,0.62469,0.62422,0.62404,0.62422,0.62469,0.62422,0.62404,0.62422,0.62469,0.62422,0.62404,0.62422,0.62469,0.62422,0.62404,0.62422,0.62469,0.62422,0.62404,0.62422,0.62469,0.62422,0.62404,0.62422,0.62469,0.62422,0.62404,0.62422,0.62469,0.62422,0.62404,0.62422,0.62469,0.62422,0.62404,0.62422,0.62469,0.62422,0.62404,0.62422,0.62469,0.62422,0.62404,0.62422,0.62469,0.62422,0.62404,0.62422,0.62469,0.62422,0.62404,0.62422,0.62469,0.62422,0.62404,0.62422,0.62469,0.62422,0.62404,0.62422,0.62469,0.62422,0.62404,0.62422,0.62469,0.62422,0.62404,0.62422,0.62469,0.62422,0.62404,0.62422,0.62469,0.62422,0.62404,0.62422,0.62469,0.62422,0.62404,0.62422,0.62469,0.62422,0.62404,0.62492,0.62469,0.62275,0.62833,0.62018,0.62469,0.63304,0.60762,0.64086,0.62469,0.58956,0.70749,0.48767
0.59037,0.64135,0.5369,0.62874,0.66409,0.65362,0.68243,0.64004,0.57303,0.56958,0.57139,0.58153,0.6275,0.63402,0.61948,0.63171,0.63039,0.62606,0.6373,0.61838,0.57785,0.57247,0.58241,0.57487,0.58711,0.59427,0.57068,0.61086,0.69474,0.70242,0.68708,0.69652,0.68132,0.67431,0.69245,0.66452,0.61159,0.60585,0.61662,0.60615,0.59426,0.5918,0.59772,0.5873,0.56729,0.56594,0.56542,0.57097,0.58965,0.59104,0.58748,0.59104,0.60397,0.60888,0.59232,0.61922,0.66261,0.66107,0.67137,0.64138,0.55229,0.53924,0.56702,0.53842,0.52205,0.52697,0.50824,0.54332,0.62226,0.63015,0.6139,0.62452,0.60662,0.5974,0.62218,0.58418,0.52042,0.51762,0.51634,0.53233,0.59182,0.59981,0.5814,0.59965,0.61208,0.61002,0.61532,0.60583,0.58932,0.58864,0.58667,0.5938,0.61249,0.6129,0.61284,0.60889,0.59908,0.59964,0.59389,0.60768,0.64328,0.64643,0.63982,0.64306,0.63249,0.62832,0.63831,0.62358,0.60083,0.59992,0.59838,0.60421,0.61358,0.61048,0.62073,0.60024,0.56252,0.56272,0.55386,0.57982,0.65312,0.66098,0.64458,0.657,0.65469,0.65148,0.65851,0.64828,0.62824,0.62472,0.63223,0.62197,0.60477,0.60277,0.60536,0.60456,0.61498,0.61854,0.60648,0.6259,0.66253,0.66443,0.66166,0.65827,0.63364,0.62793,0.64117,0.6229,0.59229,0.58907,0.59444,0.58966,0.58736,0.58716,0.5862,0.58706,0.58521,0.58341,0.58683,0.58276,0.58594,0.58986,0.57512,0.60244,0.66488,0.67127,0.65775,0.66729,0.65518,0.64769,0.66854,0.63348,0.55897,0.54988,0.56815,0.55006,0.53673,0.53738,0.53264,0.54326,0.57931,0.58717,0.56407,0.59801,0.65009,0.64962,0.65623,0.63527,0.58474,0.58251,0.57977,0.59723,0.65097,0.65464,0.65039,0.64313,0.60153,0.5947,0.60845,0.59358,0.5727,0.56871,0.57833,0.56483,0.5541,0.55867,0.54033,0.57412,0.63418,0.63295,0.64449,0.61065,0.52668,0.52142,0.52316,0.54086,0.61016,0.61696,0.60477,0.60912,0.59462,0.59325,0.59192,0.60029,0.6252,0.62596,0.62601,0.61965,0.59732,0.59474,0.59758,0.59885,0.6154,0.61854,0.60941,0.62115,0.63689,0.6364,0.63842,0.63074,0.60197,0.59548,0.61087,0.59104,0.56642,0.56682,0.56153,0.57738,0.63665,0.6489,0.61893,0.64806,0.60541,0.56761,0.68914,0.47094
0.14969,0.16121,0.13933,0.15462,0.14969,0.14707,0.15218,0.14836,0.14969,0.15019,0.14909,0.14986,0.14969,0.14957,0.14953,0.14957,0.14969,0.14957,0.14953,0.14957,0.14969,0.14957,0.14953,0.14957,0.14969,0.14957,0.14953,0.14957,0.14969,0.14957,0.14953,0.14957,0.14969,0.14957,0.14953,0.14957,0.14969,0.14957,0.14953,0.14957,0.14969,0.14957,0.14953,0.14957,0.14969,0.14957,0.14953,0.14957,0.14969,0.14957,0.14953,0.14957,0.14969,0.14957,0.14953,0.14957,0.14969,0.14957,0.14953,0.14957,0.14969,0.14957,0.14953,0.14957,0.14969,0.14957,0.14953,0.14957,0.14969,0.14957,0.14953,0.14957,0.14969,0.14957,0.14953,0.14957,0.14969,0.14957,0.14953,0.14957,0.14969,0.14957,0.14953,0.14957,0.14969,0.14957,0.14953,0.14957,0.14969,0.14957,0.14953,0.14957,0.14969,0.14957,0.14953,0.14957,0.14969,0.14957,0.14953,0.14957,0.14969,0.14957,0.14953,0.14957,0.14969,0.14957,0.14953,0.14957,0.14969,0.14957,0.14953,0.14957,0.14969,0.14957,0.14953,0.1488,0.14969,0.15118,0.14483,0.154,0.14969,0.1399,0.16753,0.13133,0.14969,0.18754,0.058096,0.29917,0.83413,0.88673,0.78661,0.8566,0.83413,0.82203,0.8454,0.82797,0.83413,0.83632,0.83127,0.8348,0.83413,0.8335,0.83326,0.8335,0.83413,0.8335,0.83326,0.8335,0.83413,0.8335,0.83326,0.8335,0.83413,0.8335,0.83326,0.8335,0.83413,0.8335,0.83326,0.8335,0.83413,0.8335,0.83326,0.8335,0.83413,0.8335,0.83326,0.8335,0.83413,0.8335,0.83326,0.8335,0.83413,0.8335,0.83326,0.8335,0.83413,0.8335,0.83326,0.8335,0.83413,0.8335,0.83326,0.8335,0.83413,0.8335,0.83326,0.8335,0.83413,0.8335,0.83326,0.8335,0.83413,0.8335,0.83326,0.8335,0.83413,0.8335,0.83326,0.8335,0.83413,0.8335,0.83326,0.8335,0.83413,0.8335,0.83326,0.8335,0.83413,0.8335,0.83326,0.8335,0.83413,0.8335,0.83326,0.8335,0.83413,0.8335,0.83326,0.8335,0.83413,0.8335,0.83326,0.8335,0.83413,0.8335,0.83326,0.8335,0.83413,0.8335,0.83326,0.8335,0.83413,0.8335,0.83326,0.8335,0.83413,0.8335,0.83326,0.8335,0.83413,0.8335,0.83326,0.83444,0.83413,0.83154,0.83899,0.8281,0.83413,0.84528,0.81133,0.85572,0.83413,0.78722,0.94469,0.65118
0.68375,0.73641,0.63643,0.70631,0.68375,0.67178,0.69516,0.67771,0.68375,0.68606,0.68105,0.68453,0.68375,0.68323,0.68304,0.68323,0.68375,0.68323,0.68304,0.68323,0.68375,0.68323,0.68304,0.68323,0.68375,0.68323,0.68304,0.68323,0.68375,0.68323,0.68304,0.68323,0.68375,0.68323,0.68304,0.68323,0.68375,0.68323,0.68304,0.68323,0.68375,0.68323,0.68304,0.68323,0.68375,0.68323,0.68304,0.68323,0.68375,0.68323,0.68304,0.68323,0.68375,0.68323,0.68304,0.68323,0.68375,0.68323,0.68304,0.68323,0.68375,0.68323,0.68304,0.68323,0.68375,0.68323,0.68304,0.68323,0.68375,0.68323,0.68304,0.68323,0.68375,0.68323,0.68304,0.68323,0.68375,0.68323,0.68304,0.68323,0.68375,0.68323,0.68304,0.68323,0.68375,0.68323,0.68304,0.68323,0.68375,0.68323,0.68304,0.68323,0.68375,0.68323,0.68304,0.68323,0.68375,0.68323,0.68304,0.68323,0.68375,0.68323,0.68304,0.68323,0.68375,0.68323,0.68304,0.68323,0.68375,0.68323,0.68304,0.68323,0.68375,0.68323,0.68304,0.68304,0.68375,0.68362,0.68191,0.6843,0.68375,0.6809,0.68737,0.67884,0.68375,0.69237,0.66102,0.71926,0.84858,0.86075,0.83646,0.8535,0.84858,0.84517,0.85062,0.8466,0.84858,0.84862,0.84722,0.84825,0.84858,0.84793,0.8477,0.84793,0.84858,0.84793,0.8477,0.84793,0.84858,0.84793,0.8477,0.84793,0.84858,0.84793,0.8477,0.84793,0.84858,0.84793,0.8477,0.84793,0.84858,0.84793,0.8477,0.84793,0.84858,0.84793,0.8477,0.84793,0.84858,0.84793,0.8477,0.84793,0.84858,0.84793,0.8477,0.84793,0.84858,0.84793,0.8477,0.84793,0.84858,0.84793,0.8477,0.84793,0.84858,0.84793,0.8477,0.84793,0.84858,0.84793,0.8477,0.84793,0.84858,0.84793,0.8477,0.84793,0.84858,0.84793,0.8477,0.84793,0.84858,0.84793,0.8477,0.84793,0.84858,0.84793,0.8477,0.84793,0.84858,0.84793,0.8477,0.84793,0.84858,0.84793,0.8477,0.84793,0.84858,0.84793,0.8477,0.84793,0.84858,0.84793,0.8477,0.84793,0.84858,0.84793,0.8477,0.84793,0.84858,0.84793,0.8477,0.84793,0.84858,0.84793,0.8477,0.84793,0.84858,0.84793,0.8477,0.84793,0.84858,0.84793,0.8477,0.84889,0.84858,0.84594,0.85353,0.84245,0.84858,0.85993,0.82539,0.87055,0.84858,0.80086,0.96106,0.66246
0.23849,0.25686,0.22199,0.24636,0.23849,0.23432,0.24248,0.23639,0.23849,0.2393,0.23755,0.23877,0.23849,0.23831,0.23825,0.23831,0.23849,0.23831,0.23825,0.23831,0.23849,0.23831,0.23825,0.23831,0.23849,0.23831,0.23825,0.23831,0.23849,0.23831,0.23825,0.23831,0.23849,0.23831,0.23825,0.23831,0.23849,0.23831,0.23825,0.23831,0.23849,0.23831,0.23825,0.23831,0.23849,0.23831,0.23825,0.23831,0.23849,0.23831,0.23825,0.23831,0.23849,0.23831,0.23825,0.23831,0.23849,0.23831,0.23825,0.23831,0.23849,0.23831,0.23825,0.23831,0.23849,0.23831,0.23825,0.23831,0.23849,0.23831,0.23825,0.23831,0.23849,0.23831,0.23825,0.23831,0.23849,0.23831,0.23825,0.23831,0.23849,0.23831,0.23825,0.23831,0.23849,0.23831,0.23825,0.23831,0.23849,0.23831,0.23825,0.23831,0.23849,0.23831,0.23825,0.23831,0.23849,0.23831,0.23825,0.23831,0.23849,0.23831,0.23825,0.23831,0.23849,0.23831,0.23825,0.23831,0.23849,0.23831,0.23825,0.23831,0.23849,0.23831,0.23825,0.2377,0.23849,0.23959,0.23453,0.24181,0.23849,0.23067,0.25247,0.2239,0.23849,0.26833,0.16597,0.35658,0.77957,0.82106,0.74188,0.79724,0.77957,0.76992,0.78835,0.77461,0.77957,0.78121,0.77718,0.78001,0.77957,0.77898,0.77876,0.77898,0.77957,0.77898,0.77876,0.77898,0.77957,0.77898,0.77876,0.77898,0.77957,0.77898,0.77876,0.77898,0.77957,0.77898,0.77876,0.77898,0.77957,0.77898,0.77876,0.77898,0.77957,0.77898,0.77876,0.77898,0.77957,0.77898,0.77876,0.77898,0.77957,0.77898,0.77876,0.77898,0.77957,0.77898,0.77876,0.77898,0.77957,0.77898,0.77876,0.77898,0.77957,0.77898,0.77876,0.77898,0.77957,0.77898,0.77876,0.77898,0.77957,0.77898,0.77876,0.77898,0.77957,0.77898,0.77876,0.77898,0.77957,0.77898,0.77876,0.77898,0.77957,0.77898,0.77876,0.77898,0.77957,0.77898,0.77876,0.77898,0.77957,0.77898,0.77876,0.77898,0.77957,0.77898,0.77876,0.77898,0.77957,0.77898,0.77876,0.77898,0.77957,0.77898,0.77876,0.77898,0.77957,0.77898,0.77876,0.77898,0.77957,0.77898,0.77876,0.77898,0.77957,0.77898,0.77876,0.77898,0.77957,0.77898,0.77876,0.77986,0.77957,0.77715,0.78412,0.77394,0.77957,0.79,0.75826,0.79975,0.77957,0.73573,0.8829,0.60858
0.2395,0.25795,0.22293,0.2474,0.2395,0.23531,0.2435,0.23738,0.2395,0.24031,0.23855,0.23977,0.2395,0.23932,0.23925,0.23932,0.2395,0.23932,0.23925,0.23932,0.2395,0.23932,0.23925,0.23932,0.2395,0.23932,0.23925,0.23932,0.2395,0.23932,0.23925,0.23932,0.2395,0.23932,0.23925,0.23932,0.2395,0.23932,0.23925,0.23932,0.2395,0.23932,0.23925,0.23932,0.2395,0.23932,0.23925,0.23932,0.2395,0.23932,0.23925,0.23932,0.2395,0.23932,0.23925,0.23932,0.2395,0.23932,0.23925,0.23932,0.2395,0.23932,0.23925,0.23932,0.2395,0.23932,0.23925,0.23932,0.2395,0.23932,0.23925,0.23932,0.2395,0.23932,0.23925,0.23932,0.2395,0.23932,0.23925,0.23932,0.2395,0.23932,0.23925,0.23932,0.2395,0.23932,0.23925,0.23932,0.2395,0.23932,0.23925,0.23932,0.2395,0.23932,0.23925,0.23932,0.2395,0.23932,0.23925,0.23932,0.2395,0.23932,0.23925,0.23932,0.2395,0.23932,0.23925,0.23932,0.2395,0.23932,0.23925,0.23932,0.2395,0.23932,0.23925,0.23876,0.2395,0.24048,0.23586,0.2425,0.2395,0.23235,0.25221,0.22618,0.2395,0.26667,0.17339,0.34707,0.73248,0.77027,0.69812,0.74857,0.73248,0.72367,0.74047,0.72795,0.73248,0.73397,0.73029,0.73287,0.73248,0.73193,0.73173,0.73193,0.73248,0.73193,0.73173,0.73193,0.73248,0.73193,0.73173,0.73193,0.73248,0.73193,0.73173,0.73193,0.73248,0.73193,0.73173,0.73193,0.73248,0.73193,0.73173,0.73193,0.73248,0.73193,0.73173,0.73193,0.73248,0.73193,0.73173,0.73193,0.73248,0.73193,0.73173,0.73193,0.73248,0.73193,0.73173,0.73193,0.73248,0.73193,0.73173,0.73193,0.73248,0.73193,0.73173,0.73193,0.73248,0.73193,0.73173,0.73193,0.73248,0.73193,0.73173,0.73193,0.73248,0.73193,0.73173,0.73193,0.73248,0.73193,0.73173,0.73193,0.73248,0.73193,0.73173,0.73193,0.73248,0.73193,0.73173,0.73193,0.73248,0.73193,0.73173,0.73193,0.73248,0.73193,0.73173,0.73193,0.73248,0.73193,0.73173,0.73193,0.73248,0.73193,0.73173,0.73193,0.73248,0.73193,0.73173,0.73193,0.73248,0.73193,0.73173,0.73193,0.73248,0.73193,0.73173,0.73193,0.73248,0.73193,0.73173,0.73276,0.73248,0.73021,0.73676,0.72719,0.73248,0.74228,0.71247,0.75145,0.73248,0.69129,0.82958,0.57183
0.55636,0.59921,0.51786,0.57471,0.55636,0.54662,0.56565,0.55145,0.55636,0.55824,0.55416,0.55699,0.55636,0.55594,0.55578,0.55594,0.55636,0.55594,0.55578,0.55594,0.55636,0.55594,0.55578,0.55594,0.55636,0.55594,0.55578,0.55594,0.55636,0.55594,0.55578,0.55594,0.55636,0.55594,0.55578,0.55594,0.55636,0.55594,0.55578,0.55594,0.55636,0.55594,0.55578,0.55594,0.55636,0.55594,0.55578,0.55594,0.55636,0.55594,0.55578,0.55594,0.55636,0.55594,0.55578,0.55594,0.55636,0.55594,0.55578,0.55594,0.55636,0.55594,0.55578,0.55594,0.55636,0.55594,0.55578,0.55594,0.55636,0.55594,0.55578,0.55594,0.55636,0.55594,0.55578,0.55594,0.55636,0.55594,0.55578,0.55594,0.55636,0.55594,0.55578,0.55594,0.55636,0.55594,0.55578,0.55594,0.55636,0.55594,0.55578,0.55594,0.55636,0.55594,0.55578,0.55594,0.55636,0.55594,0.55578,0.55594,0.55636,0.55594,0.55578,0.55594,0.55636,0.55594,0.55578,0.55594,0.55636,0.55594,0.55578,0.55594,0.55636,0.55594,0.55578,0.55563,0.55636,0.55658,0.55389,0.55772,0.55636,0.55205,0.56302,0.5486,0.55636,0.57121,0.519,0.61611,0.83166,0.85245,0.81204,0.84033,0.83166,0.82642,0.83568,0.82881,0.83166,0.83217,0.83,0.83156,0.83166,0.83103,0.8308,0.83103,0.83166,0.83103,0.8308,0.83103,0.83166,0.83103,0.8308,0.83103,0.83166,0.83103,0.8308,0.83103,0.83166,0.83103,0.8308,0.83103,0.83166,0.83103,0.8308,0.83103,0.83166,0.83103,0.8308,0.83103,0.83166,0.83103,0.8308,0.83103,0.83166,0.83103,0.8308,0.83103,0.83166,0.83103,0.8308,0.83103,0.83166,0.83103,0.8308,0.83103,0.83166,0.83103,0.8308,0.83103,0.83166,0.83103,0.8308,0.83103,0.83166,0.83103,0.8308,0.83103,0.83166,0.83103,0.8308,0.83103,0.83166,0.83103,0.8308,0.83103,0.83166,0.83103,0.8308,0.83103,0.83166,0.83103,0.8308,0.83103,0.83166,0.83103,0.8308,0.83103,0.83166,0.83103,0.8308,0.83103,0.83166,0.83103,0.8308,0.83103,0.83166,0.83103,0.8308,0.83103,0.83166,0.83103,0.8308,0.83103,0.83166,0.83103,0.8308,0.83103,0.83166,0.83103,0.8308,0.83103,0.83166,0.83103,0.8308,0.83197,0.83166,0.82908,0.83652,0.82566,0.83166,0.84279,0.80894,0.8532,0.83166,0.7849,0.9419,0.64925
0.11119,0.11975,0.10349,0.11485,0.11119,0.10924,0.11304,0.1102,0.11119,0.11156,0.11075,0.11131,0.11119,0.1111,0.11107,0.1111,0.11119,0.1111,0.11107,0.1111,0.11119,0.1111,0.11107,0.1111,0.11119,0.1111,0.11107,0.1111,0.11119,0.1111,0.11107,0.1111,0.11119,0.1111,0.11107,0.1111,0.11119,0.1111,0.11107,0.1111,0.11119,0.1111,0.11107,0.1111,0.11119,0.1111,0.11107,0.1111,0.11119,0.1111,0.11107,0.1111,0.11119,0.1111,0.11107,0.1111,0.11119,0.1111,0.11107,0.1111,0.11119,0.1111,0.11107,0.1111,0.11119,0.1111,0.11107,0.1111,0.11119,0.1111,0.11107,0.1111,0.11119,0.1111,0.11107,0.1111,0.11119,0.1111,0.11107,0.1111,0.11119,0.1111,0.11107,0.1111,0.11119,0.1111,0.11107,0.1111,0.11119,0.1111,0.11107,0.1111,0.11119,0.1111,0.11107,0.1111,0.11119,0.1111,0.11107,0.1111,0.11119,0.1111,0.11107,0.1111,0.11119,0.1111,0.11107,0.1111,0.11119,0.1111,0.11107,0.1111,0.11119,0.1111,0.11107,0.1102,0.11119,0.11297,0.10561,0.11624,0.11119,0.099861,0.13198,0.089904,0.11119,0.15523,0.00481,0.28496,0.90661,0.96779,0.85145,0.93277,0.90661,0.89261,0.91978,0.8995,0.90661,0.90921,0.90336,0.90744,0.90661,0.90593,0.90567,0.90593,0.90661,0.90593,0.90567,0.90593,0.90661,0.90593,0.90567,0.90593,0.90661,0.90593,0.90567,0.90593,0.90661,0.90593,0.90567,0.90593,0.90661,0.90593,0.90567,0.90593,0.90661,0.90593,0.90567,0.90593,0.90661,0.90593,0.90567,0.90593,0.90661,0.90593,0.90567,0.90593,0.90661,0.90593,0.90567,0.90593,0.90661,0.90593,0.90567,0.90593,0.90661,0.90593,0.90567,0.90593,0.90661,0.90593,0.90567,0.90593,0.90661,0.90593,0.90567,0.90593,0.90661,0.90593,0.90567,0.90593,0.90661,0.90593,0.90567,0.90593,0.90661,0.90593,0.90567,0.90593,0.90661,0.90593,0.90567,0.90593,0.90661,0.90593,0.90567,0.90593,0.90661,0.90593,0.90567,0.90593,0.90661,0.90593,0.90567,0.90593,0.90661,0.90593,0.90567,0.90593,0.90661,0.90593,0.90567,0.90593,0.90661,0.90593,0.90567,0.90593,0.90661,0.90593,0.90567,0.90593,0.90661,0.90593,0.90567,0.90695,0.90661,0.9038,0.9119,0.90006,0.90661,0.91874,0.88184,0.93009,0.90661,0.85563,1.0268,0.70776
0.10367,0.11165,0.096495,0.10709,0.10367,0.10185,0.1054,0.10275,0.10367,0.10402,0.10326,0.10379,0.10367,0.10359,0.10356,0.10359,0.10367,0.10359,0.10356,0.10359,0.10367,0.10359,0.10356,0.10359,0.10367,0.10359,0.10356,0.10359,0.10367,0.10359,0.10356,0.10359,0.10367,0.10359,0.10356,0.10359,0.10367,0.10359,0.10356,0.10359,0.10367,0.10359,0.10356,0.10359,0.10367,0.10359,0.10356,0.10359,0.10367,0.10359,0.10356,0.10359,0.10367,0.10359,0.10356,0.10359,0.10367,0.10359,0.10356,0.10359,0.10367,0.10359,0.10356,0.10359,0.10367,0.10359,0.10356,0.10359,0.10367,0.10359,0.10356,0.10359,0.10367,0.10359,0.10356,0.10359,0.10367,0.10359,0.10356,0.10359,0.10367,0.10359,0.10356,0.10359,0.10367,0.10359,0.10356,0.10359,0.10367,0.10359,0.10356,0.10359,0.10367,0.10359,0.10356,0.10359,0.10367,0.10359,0.10356,0.10359,0.10367,0.10359,0.10356,0.10359,0.10367,0.10359,0.10356,0.10359,0.10367,0.10359,0.10356,0.10359,0.10367,0.10359,0.10356,0.10268,0.10367,0.10549,0.098008,0.10882,0.10367,0.092168,0.12481,0.082052,0.10367,0.14843,-0.0044117,0.28025,0.91191,0.97409,0.85588,0.9385,0.91191,0.89769,0.9253,0.9047,0.91191,0.91457,0.90862,0.91276,0.91191,0.91123,0.91097,0.91123,0.91191,0.91123,0.91097,0.91123,0.91191,0.91123,0.91097,0.91123,0.91191,0.91123,0.91097,0.91123,0.91191,0.91123,0.91097,0.91123,0.91191,0.91123,0.91097,0.91123,0.91191,0.91123,0.91097,0.91123,0.91191,0.91123,0.91097,0.91123,0.91191,0.91123,0.91097,0.91123,0.91191,0.91123,0.91097,0.91123,0.91191,0.91123,0.91097,0.91123,0.91191,0.91123,0.91097,0.91123,0.91191,0.91123,0.91097,0.91123,0.91191,0.91123,0.91097,0.91123,0.91191,0.91123,0.91097,0.91123,0.91191,0.91123,0.91097,0.91123,0.91191,0.91123,0.91097,0.91123,0.91191,0.91123,0.91097,0.91123,0.91191,0.91123,0.91097,0.91123,0.91191,0.91123,0.91097,0.91123,0.91191,0.91123,0.91097,0.91123,0.91191,0.91123,0.91097,0.91123,0.91191,0.91123,0.91097,0.91123,0.91191,0.91123,0.91097,0.91123,0.91191,0.91123,0.91097,0.91123,0.91191,0.91123,0.91097,0.91226,0.91191,0.90908,0.91724,0.90533,0.91191,0.92411,0.887,0.93553,0.91191,0.86064,1.0328,0.7119
0.75461,0.81273,0.70239,0.77951,0.75461,0.7414,0.76721,0.74795,0.75461,0.75716,0.75163,0.75547,0.75461,0.75404,0.75383,0.75404,0.75461,0.75404,0.75383,0.75404,0.75461,0.75404,0.75383,0.75404,0.75461,0.75404,0.75383,0.75404,0.75461,0.75404,0.75383,0.75404,0.75461,0.75404,0.75383,0.75404,0.75461,0.75404,0.75383,0.75404,0.75461,0.75404,0.75383,0.75404,0.75461,0.75404,0.75383,0.75404,0.75461,0.75404,0.75383,0.75404,0.75461,0.75404,0.75383,0.75404,0.75461,0.75404,0.75383,0.75404,0.75461,0.75404,0.75383,0.75404,0.75461,0.75404,0.75383,0.75404,0.75461,0.75404,0.75383,0.75404,0.75461,0.75404,0.75383,0.75404,0.75461,0.75404,0.75383,0.75404,0.75461,0.75404,0.75383,0.75404,0.75461,0.75404,0.75383,0.75404,0.75461,0.75404,0.75383,0.75404,0.75461,0.75404,0.75383,0.75404,0.75461,0.75404,0.75383,0.75404,0.75461,0.75404,0.75383,0.75404,0.75461,0.75404,0.75383,0.75404,0.75461,0.75404,0.75383,0.75404,0.75461,0.75404,0.75383,0.75468,0.75461,0.7527,0.75774,0.75036,0.75461,0.76209,0.73885,0.76922,0.75461,0.72244,0.82992,0.62954,0.18503,0.14059,0.22366,0.16567,0.18503,0.19443,0.17474,0.18949,0.18503,0.18254,0.1865,0.18381,0.18503,0.18489,0.18484,0.18489,0.18503,0.18489,0.18484,0.18489,0.18503,0.18489,0.18484,0.18489,0.18503,0.18489,0.18484,0.18489,0.18503,0.18489,0.18484,0.18489,0.18503,0.18489,0.18484,0.18489,0.18503,0.18489,0.18484,0.18489,0.18503,0.18489,0.18484,0.18489,0.18503,0.18489,0.18484,0.18489,0.18503,0.18489,0.18484,0.18489,0.18503,0.18489,0.18484,0.18489,0.18503,0.18489,0.18484,0.18489,0.18503,0.18489,0.18484,0.18489,0.18503,0.18489,0.18484,0.18489,0.18503,0.18489,0.18484,0.18489,0.18503,0.18489,0.18484,0.18489,0.18503,0.18489,0.18484,0.18489,0.18503,0.18489,0.18484,0.18489,0.18503,0.18489,0.18484,0.18489,0.18503,0.18489,0.18484,0.18489,0.18503,0.18489,0.18484,0.18489,0.18503,0.18489,0.18484,0.18489,0.18503,0.18489,0.18484,0.18489,0.18503,0.18489,0.18484,0.18489,0.18503,0.18489,0.18484,0.18489,0.18503,0.18489,0.18484,0.1851,0.18503,0.18446,0.18611,0.18369,0.18503,0.18751,0.17997,0.18982,0.18503,0.17463,0.20956,0.14445
0.80597,0.86805,0.7502,0.83256,0.80597,0.79186,0.81943,0.79885,0.80597,0.80869,0.80279,0.80689,0.80597,0.80536,0.80514,0.80536,0.80597,0.80536,0.80514,0.80536,0.80597,0.80536,0.80514,0.80536,0.80597,0.80536,0.80514,0.80536,0.80597,0.80536,0.80514,0.80536,0.80597,0.80536,0.80514,0.80536,0.80597,0.80536,0.80514,0.80536,0.80597,0.80536,0.80514,0.80536,0.80597,0.80536,0.80514,0.80536,0.80597,0.80536,0.80514,0.80536,0.80597,0.80536,0.80514,0.80536,0.80597,0.80536,0.80514,0.80536,0.80597,0.80536,0.80514,0.80536,0.80597,0.80536,0.80514,0.80536,0.80597,0.80536,0.80514,0.80536,0.80597,0.80536,0.80514,0.80536,0.80597,0.80536,0.80514,0.80536,0.80597,0.80536,0.80514,0.80536,0.80597,0.80536,0.80514,0.80536,0.80597,0.80536,0.80514,0.80536,0.80597,0.80536,0.80514,0.80536,0.80597,0.80536,0.80514,0.80536,0.80597,0.80536,0.80514,0.80536,0.80597,0.80536,0.80514,0.80536,0.80597,0.80536,0.80514,0.80536,0.80597,0.80536,0.80514,0.80536,0.80597,0.80536,0.80514,0.80536,0.80597,0.80536,0.80514,0.80536,0.80597,0.80536,0.80514,0.80536,0.80597,0.80536,0.80514,0.80536,0.80597,0.80536,0.80514,0.80536,0.80597,0.80536,0.80514,0.80536,0.80597,0.80536,0.80514,0.80536,0.80597,0.80536,0.80514,0.80536,0.80597,0.80536,0.80514,0.80536,0.80597,0.80536,0.80514,0.80536,0.80597,0.80536,0.80514,0.80536,0.80597,0.80536,0.80514,0.80536,0.80597,0.80536,0.80514,0.80536,0.80597,0.80536,0.80514,0.80536,0.80597,0.80536,0.80514,0.80536,0.80597,0.80536,0.80514,0.80536,0.80597,0.80536,0.80514,0.80536,0.80597,0.80536,0.80514,0.80536,0.80597,0.80536,0.80514,0.80536,0.80597,0.80536,0.80514,0.80536,0.80597,0.80536,0.80514,0.80536,0.80597,0.80536,0.80514,0.80536,0.80597,0.80536,0.80514,0.80536,0.80597,0.80536,0.80514,0.80536,0.80597,0.80536,0.80514,0.80536,0.80597,0.80536,0.80514,0.80536,0.80597,0.80536,0.80514,0.80536,0.80597,0.80536,0.80514,0.80536,0.80597,0.80536,0.80514,0.80536,0.80597,0.80536,0.80514,0.80536,0.80597,0.80536,0.80514,0.80536,0.80597,0.80536,0.80514,0.80627,0.80597,0.80347,0.81067,0.80015,0.80597,0.81675,0.78395,0.82684,0.80597,0.76065,0.91281,0.6292
0.81485,0.87762,0.75846,0.84174,0.81485,0.80059,0.82846,0.80766,0.81485,0.8176,0.81164,0.81579,0.81485,0.81424,0.81401,0.81424,0.81485,0.81424,0.81401,0.81424,0.81485,0.81424,0.81401,0.81424,0.81485,0.81424,0.81401,0.81424,0.81485,0.81424,0.81401,0.81424,0.81485,0.81424,0.81401,0.81424,0.81485,0.81424,0.81401,0.81424,0.81485,0.81424,0.81401,0.81424,0.81485,0.81424,0.81401,0.81424,0.81485,0.81424,0.81401,0.81424,0.81485,0.81424,0.81401,0.81424,0.81485,0.81424,0.81401,0.81424,0.81485,0.81424,0.81401,0.81424,0.81485,0.81424,0.81401,0.81424,0.81485,0.81424,0.81401,0.81424,0.81485,0.81424,0.81401,0.81424,0.81485,0.81424,0.81401,0.81424,0.81485,0.81424,0.81401,0.81424,0.81485,0.81424,0.81401,0.81424,0.81485,0.81424,0.81401,0.81424,0.81485,0.81424,0.81401,0.81424,0.81485,0.81424,0.81401,0.81424,0.81485,0.81424,0.81401,0.81424,0.81485,0.81424,0.81401,0.81424,0.81485,0.81424,0.81401,0.81424,0.81485,0.81424,0.81401,0.81424,0.81485,0.81424,0.81401,0.81424,0.81485,0.81424,0.81401,0.81424,0.81485,0.81424,0.81401,0.81424,0.81485,0.81424,0.81401,0.81424,0.81485,0.81424,0.81401,0.81424,0.81485,0.81424,0.81401,0.81424,0.81485,0.81424,0.81401,0.81424,0.81485,0.81424,0.81401,0.81424,0.81485,0.81424,0.81401,0.81424,0.81485,0.81424,0.81401,0.81424,0.81485,0.81424,0.81401,0.81424,0.81485,0.81424,0.81401,0.81424,0.81485,0.81424,0.81401,0.81424,0.81485,0.81424,0.81401,0.81424,0.81485,0.81424,0.81401,0.81424,0.81485,0.81424,0.81401,0.81424,0.81485,0.81424,0.81401,0.81424,0.81485,0.81424,0.81401,0.81424,0.81485,0.81424,0.81401,0.81424,0.81485,0.81424,0.81401,0.81424,0.81485,0.81424,0.81401,0.81424,0.81485,0.81424,0.81401,0.81424,0.81485,0.81424,0.81401,0.81424,0.81485,0.81424,0.81401,0.81424,0.81485,0.81424,0.81401,0.81424,0.81485,0.81424,0.81401,0.81424,0.81485,0.81424,0.81401,0.81424,0.81485,0.81424,0.81401,0.81424,0.81485,0.81424,0.81401,0.81424,0.81485,0.81424,0.81401,0.81424,0.81485,0.81424,0.81401,0.81424,0.81485,0.81424,0.81401,0.81516,0.81485,0.81232,0.81961,0.80897,0.81485,0.82575,0.79259,0.83595,0.81485,0.76903,0.92287,0.63613
0.74952,0.80725,0.69765,0.77425,0.74952,0.7364,0.76203,0.7429,0.74952,0.75205,0.74656,0.75038,0.74952,0.74895,0.74874,0.74895,0.74952,0.74895,0.74874,0.74895,0.74952,0.74895,0.74874,0.74895,0.74952,0.74895,0.74874,0.74895,0.74952,0.74895,0.74874,0.74895,0.74952,0.74895,0.74874,0.74895,0.74952,0.74895,0.74874,0.74895,0.74952,0.74895,0.74874,0.74895,0.74952,0.74895,0.74874,0.74895,0.74952,0.74895,0.74874,0.74895,0.74952,0.74895,0.74874,0.74895,0.74952,0.74895,0.74874,0.74895,0.74952,0.74895,0.74874,0.74895,0.74952,0.74895,0.74874,0.74895,0.74952,0.74895,0.74874,0.74895,0.74952,0.74895,0.74874,0.74895,0.74952,0.74895,0.74874,0.74895,0.74952,0.74895,0.74874,0.74895,0.74952,0.74895,0.74874,0.74895,0.74952,0.74895,0.74874,0.74895,0.74952,0.74895,0.74874,0.74895,0.74952,0.74895,0.74874,0.74895,0.74952,0.74895,0.74874,0.74895,0.74952,0.74895,0.74874,0.74895,0.74952,0.74895,0.74874,0.74895,0.74952,0.74895,0.74874,0.74895,0.74952,0.74895,0.74874,0.74895,0.74952,0.74895,0.74874,0.74895,0.74952,0.74895,0.74874,0.74895,0.74952,0.74895,0.74874,0.74895,0.74952,0.74895,0.74874,0.74895,0.74952,0.74895,0.74874,0.74895,0.74952,0.74895,0.74874,0.74895,0.74952,0.74895,0.74874,0.74895,0.74952,0.74895,0.74874,0.74895,0.74952,0.74895,0.74874,0.74895,0.74952,0.74895,0.74874,0.74895,0.74952,0.74895,0.74874,0.74895,0.74952,0.74895,0.74874,0.74895,0.74952,0.74895,0.74874,0.74895,0.74952,0.74895,0.74874,0.74895,0.74952,0.74895,0.74874,0.74895,0.74952,0.74895,0.74874,0.74895,0.74952,0.74895,0.74874,0.74895,0.74952,0.74895,0.74874,0.74895,0.74952,0.74895,0.74874,0.74895,0.74952,0.74895,0.74874,0.74895,0.74952,0.74895,0.74874,0.74895,0.74952,0.74895,0.74874,0.74895,0.74952,0.74895,0.74874,0.74895,0.74952,0.74895,0.74874,0.74895,0.74952,0.74895,0.74874,0.74895,0.74952,0.74895,0.74874,0.74895,0.74952,0.74895,0.74874,0.74895,0.74952,0.74895,0.74874,0.74895,0.74952,0.74895,0.74874,0.74895,0.74952,0.74895,0.74874,0.74895,0.74952,0.74895,0.74874,0.7498,0.74952,0.74719,0.75389,0.74411,0.74952,0.75954,0.72904,0.76893,0.74952,0.70737,0.84887,0.58513
0.77333,0.8329,0.71982,0.79885,0.77333,0.7598,0.78625,0.76651,0.77333,0.77595,0.77028,0.77422,0.77333,0.77275,0.77253,0.77275,0.77333,0.77275,0.77253,0.77275,0.77333,0.77275,0.77253,0.77275,0.77333,0.77275,0.77253,0.77275,0.77333,0.77275,0.77253,0.77275,0.77333,0.77275,0.77253,0.77275,0.77333,0.77275,0.77253,0.77275,0.77333,0.77275,0.77253,0.77275,0.77333,0.77275,0.77253,0.77275,0.77333,0.77275,0.77253,0.77275,0.77333,0.77275,0.77253,0.77275,0.77333,0.77275,0.77253,0.77275,0.77333,0.77275,0.77253,0.77275,0.77333,0.77275,0.77253,0.77275,0.77333,0.77275,0.77253,0.77275,0.77333,0.77275,0.77253,0.77275,0.77333,0.77275,0.77253,0.77275,0.77333,0.77275,0.77253,0.77275,0.77333,0.77275,0.77253,0.77275,0.77333,0.77275,0.77253,0.77275,0.77333,0.77275,0.77253,0.77275,0.77333,0.77275,0.77253,0.77275,0.77333,0.77275,0.77253,0.77275,0.77333,0.77275,0.77253,0.77275,0.77333,0.77275,0.77253,0.77275,0.77333,0.77275,0.77253,0.77294,0.77333,0.77235,0.7737,0.77166,0.77333,0.77514,0.76809,0.77726,0.77333,0.76337,0.79513,0.73579,0.60422,0.59061,0.61512,0.59806,0.60422,0.6066,0.6006,0.60513,0.60422,0.60307,0.60409,0.60344,0.60422,0.60377,0.6036,0.60377,0.60422,0.60377,0.6036,0.60377,0.60422,0.60377,0.6036,0.60377,0.60422,0.60377,0.6036,0.60377,0.60422,0.60377,0.6036,0.60377,0.60422,0.60377,0.6036,0.60377,0.60422,0.60377,0.6036,0.60377,0.60422,0.60377,0.6036,0.60377,0.60422,0.60377,0.6036,0.60377,0.60422,0.60377,0.6036,0.60377,0.60422,0.60377,0.6036,0.60377,0.60422,0.60377,0.6036,0.60377,0.60422,0.60377,0.6036,0.60377,0.60422,0.60377,0.6036,0.60377,0.60422,0.60377,0.6036,0.60377,0.60422,0.60377,0.6036,0.60377,0.60422,0.60377,0.6036,0.60377,0.60422,0.60377,0.6036,0.60377,0.60422,0.60377,0.6036,0.60377,0.60422,0.60377,0.6036,0.60377,0.60422,0.60377,0.6036,0.60377,0.60422,0.60377,0.6036,0.60377,0.60422,0.60377,0.6036,0.60377,0.60422,0.60377,0.6036,0.60377,0.60422,0.60377,0.6036,0.60377,0.60422,0.60377,0.6036,0.60445,0.60422,0.60235,0.60775,0.59986,0.60422,0.61231,0.58771,0.61987,0.60422,0.57025,0.68432,0.4717
0.86986,0.93687,0.80967,0.89857,0.86986,0.85464,0.88439,0.86219,0.86986,0.8728,0.86643,0.87086,0.86986,0.86921,0.86897,0.86921,0.86986,0.86921,0.86897,0.86921,0.86986,0.86921,0.86897,0.86921,0.86986,0.86921,0.86897,0.86921,0.86986,0.86921,0.86897,0.86921,0.86986,0.86921,0.86897,0.86921,0.86986,0.86921,0.86897,0.86921,0.86986,0.86921,0.86897,0.86921,0.86986,0.86921,0.86897,0.86921,0.86986,0.86921,0.86897,0.86921,0.86986,0.86921,0.86897,0.86921,0.86986,0.86921,0.86897,0.86921,0.86986,0.86921,0.86897,0.86921,0.86986,0.86921,0.86897,0.86921,0.86986,0.86921,0.86897,0.86921,0.86986,0.86921,0.86897,0.86921,0.86986,0.86921,0.86897,0.86921,0.86986,0.86921,0.86897,0.86921,0.86986,0.86921,0.86897,0.86921,0.86986,0.86921,0.86897,0.86921,0.86986,0.86921,0.86897,0.86921,0.86986,0.86921,0.86897,0.86921,0.86986,0.86921,0.86897,0.86921,0.86986,0.86921,0.86897,0.86921,0.86986,0.86921,0.86897,0.86921,0.86986,0.86921,0.86897,0.86921,0.86986,0.86921,0.86897,0.86921,0.86986,0.86921,0.86897,0.86921,0.86986,0.86921,0.86897,0.86921,0.86986,0.86921,0.86897,0.86921,0.86986,0.86921,0.86897,0.86921,0.86986,0.86921,0.86897,0.86921,0.86986,0.86921,0.86897,0.86921,0.86986,0.86921,0.86897,0.86921,0.86986,0.86921,0.86897,0.86921,0.86986,0.86921,0.86897,0.86921,0.86986,0.86921,0.86897,0.86921,0.86986,0.86921,0.86897,0.86921,0.86986,0.86921,0.86897,0.86921,0.86986,0.86921,0.86897,0.86921,0.86986,0.86921,0.86897,0.86921,0.86986,0.86921,0.86897,0.86921,0.86986,0.86921,0.86897,0.86921,0.86986,0.86921,0.86897,0.86921,0.86986,0.86921,0.86897,0.86921,0.86986,0.86921,0.86897,0.86921,0.86986,0.86921,0.86897,0.86921,0.86986,0.86921,0.86897,0.86921,0.86986,0.86921,0.86897,0.86921,0.86986,0.86921,0.86897,0.86921,0.86986,0.86921,0.86897,0.86921,0.86986,0.86921,0.86897,0.86921,0.86986,0.86921,0.86897,0.86921,0.86986,0.86921,0.86897,0.86921,0.86986,0.86921,0.86897,0.86921,0.86986,0.86921,0.86897,0.86921,0.86986,0.86921,0.86897,0.86921,0.86986,0.86921,0.86897,0.87019,0.86986,0.86716,0.87494,0.86358,0.86986,0.8815,0.8461,0.89239,0.86986,0.82095,0.98517,0.67908
0.81052,0.87295,0.75443,0.83726,0.81052,0.79633,0.82405,0.80336,0.81052,0.81326,0.80732,0.81145,0.81052,0.80991,0.80968,0.80991,0.81052,0.80991,0.80968,0.80991,0.81052,0.80991,0.80968,0.80991,0.81052,0.80991,0.80968,0.80991,0.81052,0.80991,0.80968,0.80991,0.81052,0.80991,0.80968,0.80991,0.81052,0.80991,0.80968,0.80991,0.81052,0.80991,0.80968,0.80991,0.81052,0.80991,0.80968,0.80991,0.81052,0.80991,0.80968,0.80991,0.81052,0.80991,0.80968,0.80991,0.81052,0.80991,0.80968,0.80991,0.81052,0.80991,0.80968,0.80991,0.81052,0.80991,0.80968,0.80991,0.81052,0.80991,0.80968,0.80991,0.81052,0.80991,0.80968,0.80991,0.81052,0.80991,0.80968,0.80991,0.81052,0.80991,0.80968,0.80991,0.81052,0.80991,0.80968,0.80991,0.81052,0.80991,0.80968,0.80991,0.81052,0.80991,0.80968,0.80991,0.81052,0.80991,0.80968,0.80991,0.81052,0.80991,0.80968,0.80991,0.81052,0.80991,0.80968,0.80991,0.81052,0.80991,0.80968,0.80991,0.81052,0.80991,0.80968,0.80991,0.81052,0.80991,0.80968,0.80991,0.81052,0.80991,0.80968,0.80991,0.81052,0.80991,0.80968,0.80991,0.81052,0.80991,0.80968,0.80991,0.81052,0.80991,0.80968,0.80991,0.81052,0.80991,0.80968,0.80991,0.81052,0.80991,0.80968,0.80991,0.81052,0.80991,0.80968,0.80991,0.81052,0.80991,0.80968,0.80991,0.81052,0.80991,0.80968,0.80991,0.81052,0.80991,0.80968,0.80991,0.81052,0.80991,0.80968,0.80991,0.81052,0.80991,0.80968,0.80991,0.81052,0.80991,0.80968,0.80991,0.81052,0.80991,0.80968,0.80991,0.81052,0.80991,0.80968,0.80991,0.81052,0.80991,0.80968,0.80991,0.81052,0.80991,0.80968,0.80991,0.81052,0.80991,0.80968,0.80991,0.81052,0.80991,0.80968,0.80991,0.81052,0.80991,0.80968,0.80991,0.81052,0.80991,0.80968,0.80991,0.81052,0.80991,0.80968,0.80991,0.81052,0.80991,0.80968,0.80991,0.81052,0.80991,0.80968,0.80991,0.81052,0.80991,0.80968,0.80991,0.81052,0.80991,0.80968,0.80991,0.81052,0.80991,0.80968,0.80991,0.81052,0.80991,0.80968,0.80991,0.81052,0.80991,0.80968,0.80991,0.81052,0.80991,0.80968,0.80991,0.81052,0.80991,0.80968,0.81082,0.81052,0.808,0.81525,0.80467,0.81052,0.82136,0.78837,0.83151,0.81052,0.76494,0.91796,0.63275
0.64922,0.69923,0.60429,0.67064,0.64922,0.63786,0.66006,0.64349,0.64922,0.65141,0.64666,0.64996,0.64922,0.64873,0.64855,0.64873,0.64922,0.64873,0.64855,0.64873,0.64922,0.64873,0.64855,0.64873,0.64922,0.64873,0.64855,0.64873,0.64922,0.64873,0.64855,0.64873,0.64922,0.64873,0.64855,0.64873,0.64922,0.64873,0.64855,0.64873,0.64922,0.64873,0.64855,0.64873,0.64922,0.64873,0.64855,0.64873,0.64922,0.64873,0.64855,0.64873,0.64922,0.64873,0.64855,0.64873,0.64922,0.64873,0.64855,0.64873,0.64922,0.64873,0.64855,0.64873,0.64922,0.64873,0.64855,0.64873,0.64922,0.64873,0.64855,0.64873,0.64922,0.64873,0.64855,0.64873,0.64922,0.64873,0.64855,0.64873,0.64922,0.64873,0.64855,0.64873,0.64922,0.64873,0.64855,0.64873,0.64922,0.64873,0.64855,0.64873,0.64922,0.64873,0.64855,0.64873,0.64922,0.64873,0.64855,0.64873,0.64922,0.64873,0.64855,0.64873,0.64922,0.64873,0.64855,0.64873,0.64922,0.64873,0.64855,0.64873,0.64922,0.64873,0.64855,0.6485,0.64922,0.64921,0.64714,0.65005,0.64922,0.64584,0.65392,0.64328,0.64922,0.66006,0.62125,0.69339,0.85353,0.86877,0.83872,0.85978,0.85353,0.84946,0.85627,0.85123,0.85353,0.85373,0.85205,0.85327,0.85353,0.85288,0.85264,0.85288,0.85353,0.85288,0.85264,0.85288,0.85353,0.85288,0.85264,0.85288,0.85353,0.85288,0.85264,0.85288,0.85353,0.85288,0.85264,0.85288,0.85353,0.85288,0.85264,0.85288,0.85353,0.85288,0.85264,0.85288,0.85353,0.85288,0.85264,0.85288,0.85353,0.85288,0.85264,0.85288,0.85353,0.85288,0.85264,0.85288,0.85353,0.85288,0.85264,0.85288,0.85353,0.85288,0.85264,0.85288,0.85353,0.85288,0.85264,0.85288,0.85353,0.85288,0.85264,0.85288,0.85353,0.85288,0.85264,0.85288,0.85353,0.85288,0.85264,0.85288,0.85353,0.85288,0.85264,0.85288,0.85353,0.85288,0.85264,0.85288,0.85353,0.85288,0.85264,0.85288,0.85353,0.85288,0.85264,0.85288,0.85353,0.85288,0.85264,0.85288,0.85353,0.85288,0.85264,0.85288,0.85353,0.85288,0.85264,0.85288,0.85353,0.85288,0.85264,0.85288,0.85353,0.85288,0.85264,0.85288,0.85353,0.85288,0.85264,0.85385,0.85353,0.85088,0.85851,0.84736,0.85353,0.86494,0.8302,0.87563,0.85353,0.80553,0.96667,0.66632
0.84411,0.90913,0.7857,0.87196,0.84411,0.82934,0.85821,0.83666,0.84411,0.84696,0.84078,0.84508,0.84411,0.84347,0.84324,0.84347,0.84411,0.84347,0.84324,0.84347,0.84411,0.84347,0.84324,0.84347,0.84411,0.84347,0.84324,0.84347,0.84411,0.84347,0.84324,0.84347,0.84411,0.84347,0.84324,0.84347,0.84411,0.84347,0.84324,0.84347,0.84411,0.84347,0.84324,0.84347,0.84411,0.84347,0.84324,0.84347,0.84411,0.84347,0.84324,0.84347,0.84411,0.84347,0.84324,0.84347,0.84411,0.84347,0.84324,0.84347,0.84411,0.84347,0.84324,0.84347,0.84411,0.84347,0.84324,0.84347,0.84411,0.84347,0.84324,0.84347,0.84411,0.84347,0.84324,0.84347,0.84411,0.84347,0.84324,0.84347,0.84411,0.84347,0.84324,0.84347,0.84411,0.84347,0.84324,0.84347,0.84411,0.84347,0.84324,0.84347,0.84411,0.84347,0.84324,0.84347,0.84411,0.84347,0.84324,0.84347,0.84411,0.84347,0.84324,0.84347,0.84411,0.84347,0.84324,0.84347,0.84411,0.84347,0.84324,0.84347,0.84411,0.84347,0.84324,0.84424,0.84411,0.84188,0.84791,0.83908,0.84411,0.85308,0.82537,0.86159,0.84411,0.80577,0.93403,0.69493,0.16452,0.11154,0.21067,0.14146,0.16452,0.17577,0.1523,0.16988,0.16452,0.16158,0.16633,0.1631,0.16452,0.16439,0.16435,0.16439,0.16452,0.16439,0.16435,0.16439,0.16452,0.16439,0.16435,0.16439,0.16452,0.16439,0.16435,0.16439,0.16452,0.16439,0.16435,0.16439,0.16452,0.16439,0.16435,0.16439,0.16452,0.16439,0.16435,0.16439,0.16452,0.16439,0.16435,0.16439,0.16452,0.16439,0.16435,0.16439,0.16452,0.16439,0.16435,0.16439,0.16452,0.16439,0.16435,0.16439,0.16452,0.16439,0.16435,0.16439,0.16452,0.16439,0.16435,0.16439,0.16452,0.16439,0.16435,0.16439,0.16452,0.16439,0.16435,0.16439,0.16452,0.16439,0.16435,0.16439,0.16452,0.16439,0.16435,0.16439,0.16452,0.16439,0.16435,0.16439,0.16452,0.16439,0.16435,0.16439,0.16452,0.16439,0.16435,0.16439,0.16452,0.16439,0.16435,0.16439,0.16452,0.16439,0.16435,0.16439,0.16452,0.16439,0.16435,0.16439,0.16452,0.16439,0.16435,0.16439,0.16452,0.16439,0.16435,0.16439,0.16452,0.16439,0.16435,0.16458,0.16452,0.16401,0.16548,0.16333,0.16452,0.16672,0.16002,0.16878,0.16452,0.15527,0.18633,0.12843
0.83761,0.90213,0.77965,0.86525,0.83761,0.82295,0.8516,0.83022,0.83761,0.84044,0.8343,0.83857,0.83761,0.83698,0.83674,0.83698,0.83761,0.83698,0.83674,0.83698,0.83761,0.83698,0.83674,0.83698,0.83761,0.83698,0.83674,0.83698,0.83761,0.83698,0.83674,0.83698,0.83761,0.83698,0.83674,0.83698,0.83761,0.83698,0.83674,0.83698,0.83761,0.83698,0.83674,0.83698,0.83761,0.83698,0.83674,0.83698,0.83761,0.83698,0.83674,0.83698,0.83761,0.83698,0.83674,0.83698,0.83761,0.83698,0.83674,0.83698,0.83761,0.83698,0.83674,0.83698,0.83761,0.83698,0.83674,0.83698,0.83761,0.83698,0.83674,0.83698,0.83761,0.83698,0.83674,0.83698,0.83761,0.83698,0.83674,0.83698,0.83761,0.83698,0.83674,0.83698,0.83761,0.83698,0.83674,0.83698,0.83761,0.83698,0.83674,0.83698,0.83761,0.83698,0.83674,0.83698,0.83761,0.83698,0.83674,0.83698,0.83761,0.83698,0.83674,0.83698,0.83761,0.83698,0.83674,0.83698,0.83761,0.83698,0.83674,0.83698,0.83761,0.83698,0.83674,0.83757,0.83761,0.83574,0.84037,0.83356,0.83761,0.84444,0.82286,0.85105,0.83761,0.80769,0.90728,0.72157,0.30961,0.26831,0.34528,0.29155,0.30961,0.31822,0.29992,0.31364,0.30961,0.30719,0.31083,0.30837,0.30961,0.30937,0.30929,0.30937,0.30961,0.30937,0.30929,0.30937,0.30961,0.30937,0.30929,0.30937,0.30961,0.30937,0.30929,0.30937,0.30961,0.30937,0.30929,0.30937,0.30961,0.30937,0.30929,0.30937,0.30961,0.30937,0.30929,0.30937,0.30961,0.30937,0.30929,0.30937,0.30961,0.30937,0.30929,0.30937,0.30961,0.30937,0.30929,0.30937,0.30961,0.30937,0.30929,0.30937,0.30961,0.30937,0.30929,0.30937,0.30961,0.30937,0.30929,0.30937,0.30961,0.30937,0.30929,0.30937,0.30961,0.30937,0.30929,0.30937,0.30961,0.30937,0.30929,0.30937,0.30961,0.30937,0.30929,0.30937,0.30961,0.30937,0.30929,0.30937,0.30961,0.30937,0.30929,0.30937,0.30961,0.30937,0.30929,0.30937,0.30961,0.30937,0.30929,0.30937,0.30961,0.30937,0.30929,0.30937,0.30961,0.30937,0.30929,0.30937,0.30961,0.30937,0.30929,0.30937,0.30961,0.30937,0.30929,0.30937,0.30961,0.30937,0.30929,0.30972,0.30961,0.30865,0.31141,0.30737,0.30961,0.31375,0.30115,0.31762,0.30961,0.2922,0.35065,0.2417
0.80799,0.87023,0.75208,0.83465,0.80799,0.79385,0.82149,0.80086,0.80799,0.81072,0.8048,0.80892,0.80799,0.80738,0.80716,0.80738,0.80799,0.80738,0.80716,0.80738,0.80799,0.80738,0.80716,0.80738,0.80799,0.80738,0.80716,0.80738,0.80799,0.80738,0.80716,0.80738,0.80799,0.80738,0.80716,0.80738,0.80799,0.80738,0.80716,0.80738,0.80799,0.80738,0.80716,0.80738,0.80799,0.80738,0.80716,0.80738,0.80799,0.80738,0.80716,0.80738,0.80799,0.80738,0.80716,0.80738,0.80799,0.80738,0.80716,0.80738,0.80799,0.80738,0.80716,0.80738,0.80799,0.80738,0.80716,0.80738,0.80799,0.80738,0.80716,0.80738,0.80799,0.80738,0.80716,0.80738,0.80799,0.80738,0.80716,0.80738,0.80799,0.80738,0.80716,0.80738,0.80799,0.80738,0.80716,0.80738,0.80799,0.80738,0.80716,0.80738,0.80799,0.80738,0.80716,0.80738,0.80799,0.80738,0.80716,0.80738,0.80799,0.80738,0.80716,0.80738,0.80799,0.80738,0.80716,0.80738,0.80799,0.80738,0.80716,0.80738,0.80799,0.80738,0.80716,0.80774,0.80799,0.80665,0.80931,0.80536,0.80799,0.81181,0.79893,0.81572,0.80799,0.79002,0.84896,0.73898,0.49505,0.47034,0.51587,0.48412,0.49505,0.49992,0.48899,0.49721,0.49505,0.49339,0.49545,0.49408,0.49505,0.49468,0.49454,0.49468,0.49505,0.49468,0.49454,0.49468,0.49505,0.49468,0.49454,0.49468,0.49505,0.49468,0.49454,0.49468,0.49505,0.49468,0.49454,0.49468,0.49505,0.49468,0.49454,0.49468,0.49505,0.49468,0.49454,0.49468,0.49505,0.49468,0.49454,0.49468,0.49505,0.49468,0.49454,0.49468,0.49505,0.49468,0.49454,0.49468,0.49505,0.49468,0.49454,0.49468,0.49505,0.49468,0.49454,0.49468,0.49505,0.49468,0.49454,0.49468,0.49505,0.49468,0.49454,0.49468,0.49505,0.49468,0.49454,0.49468,0.49505,0.49468,0.49454,0.49468,0.49505,0.49468,0.49454,0.49468,0.49505,0.49468,0.49454,0.49468,0.49505,0.49468,0.49454,0.49468,0.49505,0.49468,0.49454,0.49468,0.49505,0.49468,0.49454,0.49468,0.49505,0.49468,0.49454,0.49468,0.49505,0.49468,0.49454,0.49468,0.49505,0.49468,0.49454,0.49468,0.49505,0.49468,0.49454,0.49468,0.49505,0.49468,0.49454,0.49524,0.49505,0.49352,0.49794,0.49148,0.49505,0.50168,0.48153,0.50787,0.49505,0.46722,0.56068,0.38647
0.86742,0.93423,0.8074,0.89604,0.86742,0.85224,0.88191,0.85976,0.86742,0.87035,0.864,0.86842,0.86742,0.86677,0.86653,0.86677,0.86742,0.86677,0.86653,0.86677,0.86742,0.86677,0.86653,0.86677,0.86742,0.86677,0.86653,0.86677,0.86742,0.86677,0.86653,0.86677,0.86742,0.86677,0.86653,0.86677,0.86742,0.86677,0.86653,0.86677,0.86742,0.86677,0.86653,0.86677,0.86742,0.86677,0.86653,0.86677,0.86742,0.86677,0.86653,0.86677,0.86742,0.86677,0.86653,0.86677,0.86742,0.86677,0.86653,0.86677,0.86742,0.86677,0.86653,0.86677,0.86742,0.86677,0.86653,0.86677,0.86742,0.86677,0.86653,0.86677,0.86742,0.86677,0.86653,0.86677,0.86742,0.86677,0.86653,0.86677,0.86742,0.86677,0.86653,0.86677,0.86742,0.86677,0.86653,0.86677,0.86742,0.86677,0.86653,0.86677,0.86742,0.86677,0.86653,0.86677,0.86742,0.86677,0.86653,0.86677,0.86742,0.86677,0.86653,0.86677,0.86742,0.86677,0.86653,0.86677,0.86742,0.86677,0.86653,0.86677,0.86742,0.86677,0.86653,0.86677,0.86742,0.86677,0.86653,0.86677,0.86742,0.86677,0.86653,0.86677,0.86742,0.86677,0.86653,0.86677,0.86742,0.86677,0.86653,0.86677,0.86742,0.86677,0.86653,0.86677,0.86742,0.86677,0.86653,0.86677,0.86742,0.86677,0.86653,0.86677,0.86742,0.86677,0.86653,0.86677,0.86742,0.86677,0.86653,0.86677,0.86742,0.86677,0.86653,0.86677,0.86742,0.86677,0.86653,0.86677,0.86742,0.86677,0.86653,0.86677,0.86742,0.86677,0.86653,0.86677,0.86742,0.86677,0.86653,0.86677,0.86742,0.86677,0.86653,0.86677,0.86742,0.86677,0.86653,0.86677,0.86742,0.86677,0.86653,0.86677,0.86742,0.86677,0.86653,0.86677,0.86742,0.86677,0.86653,0.86677,0.86742,0.86677,0.86653,0.86677,0.86742,0.86677,0.86653,0.86677,0.86742,0.86677,0.86653,0.86677,0.86742,0.86677,0.86653,0.86677,0.86742,0.86677,0.86653,0.86677,0.86742,0.86677,0.86653,0.86677,0.86742,0.86677,0.86653,0.86677,0.86742,0.86677,0.86653,0.86677,0.86742,0.86677,0.86653,0.86677,0.86742,0.86677,0.86653,0.86677,0.86742,0.86677,0.86653,0.86677,0.86742,0.86677,0.86653,0.86677,0.86742,0.86677,0.86653,0.86775,0.86742,0.86473,0.87249,0.86116,0.86742,0.87903,0.84372,0.88988,0.86742,0.81865,0.9824,0.67717
0.3267,0.35186,0.30409,0.33748,0.3267,0.32098,0.33215,0.32381,0.3267,0.3278,0.32541,0.32707,0.3267,0.32645,0.32636,0.32645,0.3267,0.32645,0.32636,0.32645,0.3267,0.32645,0.32636,0.32645,0.3267,0.32645,0.32636,0.32645,0.3267,0.32645,0.32636,0.32645,0.3267,0.32645,0.32636,0.32645,0.3267,0.32645,0.32636,0.32645,0.3267,0.32645,0.32636,0.32645,0.3267,0.32645,0.32636,0.32645,0.3267,0.32645,0.32636,0.32645,0.3267,0.32645,0.32636,0.32645,0.3267,0.32645,0.32636,0.32645,0.3267,0.32645,0.32636,0.32645,0.3267,0.32645,0.32636,0.32645,0.3267,0.32645,0.32636,0.32645,0.3267,0.32645,0.32636,0.32645,0.3267,0.32645,0.32636,0.32645,0.3267,0.32645,0.32636,0.32645,0.3267,0.32645,0.32636,0.32645,0.3267,0.32645,0.32636,0.32645,0.3267,0.32645,0.32636,0.32645,0.3267,0.32645,0.32636,0.32645,0.3267,0.32645,0.32636,0.32645,0.3267,0.32645,0.32636,0.32645,0.3267,0.32645,0.32636,0.32645,0.3267,0.32645,0.32636,0.32596,0.3267,0.32748,0.32335,0.32928,0.3267,0.32026,0.33788,0.31477,0.3267,0.35077,0.26781,0.42226,0.76501,0.79852,0.73434,0.77922,0.76501,0.75709,0.77199,0.76089,0.76501,0.76624,0.76294,0.76526,0.76501,0.76443,0.76422,0.76443,0.76501,0.76443,0.76422,0.76443,0.76501,0.76443,0.76422,0.76443,0.76501,0.76443,0.76422,0.76443,0.76501,0.76443,0.76422,0.76443,0.76501,0.76443,0.76422,0.76443,0.76501,0.76443,0.76422,0.76443,0.76501,0.76443,0.76422,0.76443,0.76501,0.76443,0.76422,0.76443,0.76501,0.76443,0.76422,0.76443,0.76501,0.76443,0.76422,0.76443,0.76501,0.76443,0.76422,0.76443,0.76501,0.76443,0.76422,0.76443,0.76501,0.76443,0.76422,0.76443,0.76501,0.76443,0.76422,0.76443,0.76501,0.76443,0.76422,0.76443,0.76501,0.76443,0.76422,0.76443,0.76501,0.76443,0.76422,0.76443,0.76501,0.76443,0.76422,0.76443,0.76501,0.76443,0.76422,0.76443,0.76501,0.76443,0.76422,0.76443,0.76501,0.76443,0.76422,0.76443,0.76501,0.76443,0.76422,0.76443,0.76501,0.76443,0.76422,0.76443,0.76501,0.76443,0.76422,0.76443,0.76501,0.76443,0.76422,0.7653,0.76501,0.76263,0.76947,0.75949,0.76501,0.77524,0.74411,0.78482,0.76501,0.72199,0.86642,0.59722
0.83457,0.89885,0.77682,0.86211,0.83457,0.81996,0.8485,0.8272,0.83457,0.83739,0.83127,0.83552,0.83457,0.83394,0.83371,0.83394,0.83457,0.83394,0.83371,0.83394,0.83457,0.83394,0.83371,0.83394,0.83457,0.83394,0.83371,0.83394,0.83457,0.83394,0.83371,0.83394,0.83457,0.83394,0.83371,0.83394,0.83457,0.83394,0.83371,0.83394,0.83457,0.83394,0.83371,0.83394,0.83457,0.83394,0.83371,0.83394,0.83457,0.83394,0.83371,0.83394,0.83457,0.83394,0.83371,0.83394,0.83457,0.83394,0.83371,0.83394,0.83457,0.83394,0.83371,0.83394,0.83457,0.83394,0.83371,0.83394,0.83457,0.83394,0.83371,0.83394,0.83457,0.83394,0.83371,0.83394,0.83457,0.83394,0.83371,0.83394,0.83457,0.83394,0.83371,0.83394,0.83457,0.83394,0.83371,0.83394,0.83457,0.83394,0.83371,0.83394,0.83457,0.83394,0.83371,0.83394,0.83457,0.83394,0.83371,0.83394,0.83457,0.83394,0.83371,0.83394,0.83457,0.83394,0.83371,0.83394,0.83457,0.83394,0.83371,0.83394,0.83457,0.83394,0.83371,0.83428,0.83457,0.83322,0.8358,0.83197,0.83457,0.83824,0.8257,0.84205,0.83457,0.81706,0.87436,0.76742,0.53024,0.50617,0.55044,0.51957,0.53024,0.53494,0.52429,0.5323,0.53024,0.52858,0.53058,0.52926,0.53024,0.52984,0.52969,0.52984,0.53024,0.52984,0.52969,0.52984,0.53024,0.52984,0.52969,0.52984,0.53024,0.52984,0.52969,0.52984,0.53024,0.52984,0.52969,0.52984,0.53024,0.52984,0.52969,0.52984,0.53024,0.52984,0.52969,0.52984,0.53024,0.52984,0.52969,0.52984,0.53024,0.52984,0.52969,0.52984,0.53024,0.52984,0.52969,0.52984,0.53024,0.52984,0.52969,0.52984,0.53024,0.52984,0.52969,0.52984,0.53024,0.52984,0.52969,0.52984,0.53024,0.52984,0.52969,0.52984,0.53024,0.52984,0.52969,0.52984,0.53024,0.52984,0.52969,0.52984,0.53024,0.52984,0.52969,0.52984,0.53024,0.52984,0.52969,0.52984,0.53024,0.52984,0.52969,0.52984,0.53024,0.52984,0.52969,0.52984,0.53024,0.52984,0.52969,0.52984,0.53024,0.52984,0.52969,0.52984,0.53024,0.52984,0.52969,0.52984,0.53024,0.52984,0.52969,0.52984,0.53024,0.52984,0.52969,0.52984,0.53024,0.52984,0.52969,0.53044,0.53024,0.52859,0.53333,0.52641,0.53024,0.53733,0.51575,0.54397,0.53024,0.50042,0.60053,0.41394
0.84056,0.90531,0.7824,0.8683,0.84056,0.82585,0.8546,0.83314,0.84056,0.8434,0.83725,0.84153,0.84056,0.83993,0.83969,0.83993,0.84056,0.83993,0.83969,0.83993,0.84056,0.83993,0.83969,0.83993,0.84056,0.83993,0.83969,0.83993,0.84056,0.83993,0.83969,0.83993,0.84056,0.83993,0.83969,0.83993,0.84056,0.83993,0.83969,0.83993,0.84056,0.83993,0.83969,0.83993,0.84056,0.83993,0.83969,0.83993,0.84056,0.83993,0.83969,0.83993,0.84056,0.83993,0.83969,0.83993,0.84056,0.83993,0.83969,0.83993,0.84056,0.83993,0.83969,0.83993,0.84056,0.83993,0.83969,0.83993,0.84056,0.83993,0.83969,0.83993,0.84056,0.83993,0.83969,0.83993,0.84056,0.83993,0.83969,0.83993,0.84056,0.83993,0.83969,0.83993,0.84056,0.83993,0.83969,0.83993,0.84056,0.83993,0.83969,0.83993,0.84056,0.83993,0.83969,0.83993,0.84056,0.83993,0.83969,0.83993,0.84056,0.83993,0.83969,0.83993,0.84056,0.83993,0.83969,0.83993,0.84056,0.83993,0.83969,0.83993,0.84056,0.83993,0.83969,0.83993,0.84056,0.83993,0.83969,0.83993,0.84056,0.83993,0.83969,0.83993,0.84056,0.83993,0.83969,0.83993,0.84056,0.83993,0.83969,0.83993,0.84056,0.83993,0.83969,0.83993,0.84056,0.83993,0.83969,0.83993,0.84056,0.83993,0.83969,0.83993,0.84056,0.83993,0.83969,0.83993,0.84056,0.83993,0.83969,0.83993,0.84056,0.83993,0.83969,0.83993,0.84056,0.83993,0.83969,0.83993,0.84056,0.83993,0.83969,0.83993,0.84056,0.83993,0.83969,0.83993,0.84056,0.83993,0.83969,0.83993,0.84056,0.83993,0.83969,0.83993,0.84056,0.83993,0.83969,0.83993,0.84056,0.83993,0.83969,0.83993,0.84056,0.83993,0.83969,0.83993,0.84056,0.83993,0.83969,0.83993,0.84056,0.83993,0.83969,0.83993,0.84056,0.83993,0.83969,0.83993,0.84056,0.83993,0.83969,0.83993,0.84056,0.83993,0.83969,0.83993,0.84056,0.83993,0.83969,0.83993,0.84056,0.83993,0.83969,0.83993,0.84056,0.83993,0.83969,0.83993,0.84056,0.83993,0.83969,0.83993,0.84056,0.83993,0.83969,0.83993,0.84056,0.83993,0.83969,0.83993,0.84056,0.83993,0.83969,0.83993,0.84056,0.83993,0.83969,0.83993,0.84056,0.83993,0.83969,0.84088,0.84056,0.83795,0.84547,0.8345,0.84056,0.85181,0.8176,0.86233,0.84056,0.7933,0.95199,0.6562
0.41701,0.44913,0.38815,0.43077,0.41701,0.40971,0.42397,0.41333,0.41701,0.41842,0.41536,0.41749,0.41701,0.41669,0.41658,0.41669,0.41701,0.41669,0.41658,0.41669,0.41701,0.41669,0.41658,0.41669,0.41701,0.41669,0.41658,0.41669,0.41701,0.41669,0.41658,0.41669,0.41701,0.41669,0.41658,0.41669,0.41701,0.41669,0.41658,0.41669,0.41701,0.41669,0.41658,0.41669,0.41701,0.41669,0.41658,0.41669,0.41701,0.41669,0.41658,0.41669,0.41701,0.41669,0.41658,0.41669,0.41701,0.41669,0.41658,0.41669,0.41701,0.41669,0.41658,0.41669,0.41701,0.41669,0.41658,0.41669,0.41701,0.41669,0.41658,0.41669,0.41701,0.41669,0.41658,0.41669,0.41701,0.41669,0.41658,0.41669,0.41701,0.41669,0.41658,0.41669,0.41701,0.41669,0.41658,0.41669,0.41701,0.41669,0.41658,0.41669,0.41701,0.41669,0.41658,0.41669,0.41701,0.41669,0.41658,0.41669,0.41701,0.41669,0.41658,0.41669,0.41701,0.41669,0.41658,0.41669,0.41701,0.41669,0.41658,0.41669,0.41701,0.41669,0.41658,0.41631,0.41701,0.4175,0.41422,0.41891,0.41701,0.41185,0.42559,0.40756,0.41701,0.4357,0.3708,0.49159,0.75968,0.78576,0.73554,0.77067,0.75968,0.75337,0.76497,0.75634,0.75968,0.76053,0.7579,0.75976,0.75968,0.75911,0.7589,0.75911,0.75968,0.75911,0.7589,0.75911,0.75968,0.75911,0.7589,0.75911,0.75968,0.75911,0.7589,0.75911,0.75968,0.75911,0.7589,0.75911,0.75968,0.75911,0.7589,0.75911,0.75968,0.75911,0.7589,0.75911,0.75968,0.75911,0.7589,0.75911,0.75968,0.75911,0.7589,0.75911,0.75968,0.75911,0.7589,0.75911,0.75968,0.75911,0.7589,0.75911,0.75968,0.75911,0.7589,0.75911,0.75968,0.75911,0.7589,0.75911,0.75968,0.75911,0.7589,0.75911,0.75968,0.75911,0.7589,0.75911,0.75968,0.75911,0.7589,0.75911,0.75968,0.75911,0.7589,0.75911,0.75968,0.75911,0.7589,0.75911,0.75968,0.75911,0.7589,0.75911,0.75968,0.75911,0.7589,0.75911,0.75968,0.75911,0.7589,0.75911,0.75968,0.75911,0.7589,0.75911,0.75968,0.75911,0.7589,0.75911,0.75968,0.75911,0.7589,0.75911,0.75968,0.75911,0.7589,0.75911,0.75968,0.75911,0.7589,0.75997,0.75968,0.75732,0.76412,0.7542,0.75968,0.76984,0.73892,0.77935,0.75968,0.71696,0.86038,0.59306
0.88144,0.94933,0.82044,0.91052,0.88144,0.86601,0.89615,0.87365,0.88144,0.88441,0.87796,0.88245,0.88144,0.88077,0.88052,0.88077,0.88144,0.88077,0.88052,0.88077,0.88144,0.88077,0.88052,0.88077,0.88144,0.88077,0.88052,0.88077,0.88144,0.88077,0.88052,0.88077,0.88144,0.88077,0.88052,0.88077,0.88144,0.88077,0.88052,0.88077,0.88144,0.88077,0.88052,0.88077,0.88144,0.88077,0.88052,0.88077,0.88144,0.88077,0.88052,0.88077,0.88144,0.88077,0.88052,0.88077,0.88144,0.88077,0.88052,0.88077,0.88144,0.88077,0.88052,0.88077,0.88144,0.88077,0.88052,0.88077,0.88144,0.88077,0.88052,0.88077,0.88144,0.88077,0.88052,0.88077,0.88144,0.88077,0.88052,0.88077,0.88144,0.88077,0.88052,0.88077,0.88144,0.88077,0.88052,0.88077,0.88144,0.88077,0.88052,0.88077,0.88144,0.88077,0.88052,0.88077,0.88144,0.88077,0.88052,0.88077,0.88144,0.88077,0.88052,0.88077,0.88144,0.88077,0.88052,0.88077,0.88144,0.88077,0.88052,0.88077,0.88144,0.88077,0.88052,0.88163,0.88144,0.87898,0.88576,0.87585,0.88144,0.89153,0.8605,0.90107,0.88144,0.83852,0.98228,0.71429,0.11976,0.060422,0.17155,0.093958,0.11976,0.13242,0.10612,0.12581,0.11976,0.11652,0.12185,0.11822,0.11976,0.11966,0.11963,0.11966,0.11976,0.11966,0.11963,0.11966,0.11976,0.11966,0.11963,0.11966,0.11976,0.11966,0.11963,0.11966,0.11976,0.11966,0.11963,0.11966,0.11976,0.11966,0.11963,0.11966,0.11976,0.11966,0.11963,0.11966,0.11976,0.11966,0.11963,0.11966,0.11976,0.11966,0.11963,0.11966,0.11976,0.11966,0.11963,0.11966,0.11976,0.11966,0.11963,0.11966,0.11976,0.11966,0.11963,0.11966,0.11976,0.11966,0.11963,0.11966,0.11976,0.11966,0.11963,0.11966,0.11976,0.11966,0.11963,0.11966,0.11976,0.11966,0.11963,0.11966,0.11976,0.11966,0.11963,0.11966,0.11976,0.11966,0.11963,0.11966,0.11976,0.11966,0.11963,0.11966,0.11976,0.11966,0.11963,0.11966,0.11976,0.11966,0.11963,0.11966,0.11976,0.11966,0.11963,0.11966,0.11976,0.11966,0.11963,0.11966,0.11976,0.11966,0.11963,0.11966,0.11976,0.11966,0.11963,0.11966,0.11976,0.11966,0.11963,0.1198,0.11976,0.11938,0.12045,0.11889,0.11976,0.12136,0.11648,0.12286,0.11976,0.11302,0.13563,0.093489
0.82062,0.88383,0.76384,0.8477,0.82062,0.80626,0.83433,0.81338,0.82062,0.82339,0.81738,0.82156,0.82062,0.82,0.81977,0.82,0.82062,0.82,0.81977,0.82,0.82062,0.82,0.81977,0.82,0.82062,0.82,0.81977,0.82,0.82062,0.82,0.81977,0.82,0.82062,0.82,0.81977,0.82,0.82062,0.82,0.81977,0.82,0.82062,0.82,0.81977,0.82,0.82062,0.82,0.81977,0.82,0.82062,0.82,0.81977,0.82,0.82062,0.82,0.81977,0.82,0.82062,0.82,0.81977,0.82,0.82062,0.82,0.81977,0.82,0.82062,0.82,0.81977,0.82,0.82062,0.82,0.81977,0.82,0.82062,0.82,0.81977,0.82,0.82062,0.82,0.81977,0.82,0.82062,0.82,0.81977,0.82,0.82062,0.82,0.81977,0.82,0.82062,0.82,0.81977,0.82,0.82062,0.82,0.81977,0.82,0.82062,0.82,0.81977,0.82,0.82062,0.82,0.81977,0.82,0.82062,0.82,0.81977,0.82,0.82062,0.82,0.81977,0.82,0.82062,0.82,0.81977,0.82,0.82062,0.82,0.81977,0.82,0.82062,0.82,0.81977,0.82,0.82062,0.82,0.81977,0.82,0.82062,0.82,0.81977,0.82,0.82062,0.82,0.81977,0.82,0.82062,0.82,0.81977,0.82,0.82062,0.82,0.81977,0.82,0.82062,0.82,0.81977,0.82,0.82062,0.82,0.81977,0.82,0.82062,0.82,0.81977,0.82,0.82062,0.82,0.81977,0.82,0.82062,0.82,0.81977,0.82,0.82062,0.82,0.81977,0.82,0.82062,0.82,0.81977,0.82,0.82062,0.82,0.81977,0.82,0.82062,0.82,0.81977,0.82,0.82062,0.82,0.81977,0.82,0.82062,0.82,0.81977,0.82,0.82062,0.82,0.81977,0.82,0.82062,0.82,0.81977,0.82,0.82062,0.82,0.81977,0.82,0.82062,0.82,0.81977,0.82,0.82062,0.82,0.81977,0.82,0.82062,0.82,0.81977,0.82,0.82062,0.82,0.81977,0.82,0.82062,0.82,0.81977,0.82,0.82062,0.82,0.81977,0.82,0.82062,0.82,0.81977,0.82,0.82062,0.82,0.81977,0.82,0.82062,0.82,0.81977,0.82,0.82062,0.82,0.81977,0.82,0.82062,0.82,0.81977,0.82093,0.82062,0.81808,0.82541,0.8147,0.82062,0.8316,0.7982,0.84187,0.82062,0.77448,0.9294,0.64063
0.62881,0.67725,0.5853,0.64956,0.62881,0.61781,0.63931,0.62326,0.62881,0.63094,0.62633,0.62953,0.62881,0.62834,0.62816,0.62834,0.62881,0.62834,0.62816,0.62834,0.62881,0.62834,0.62816,0.62834,0.62881,0.62834,0.62816,0.62834,0.62881,0.62834,0.62816,0.62834,0.62881,0.62834,0.62816,0.62834,0.62881,0.62834,0.62816,0.62834,0.62881,0.62834,0.62816,0.62834,0.62881,0.62834,0.62816,0.62834,0.62881,0.62834,0.62816,0.62834,0.62881,0.62834,0.62816,0.62834,0.62881,0.62834,0.62816,0.62834,0.62881,0.62834,0.62816,0.62834,0.62881,0.62834,0.62816,0.62834,0.62881,0.62834,0.62816,0.62834,0.62881,0.62834,0.62816,0.62834,0.62881,0.62834,0.62816,0.62834,0.62881,0.62834,0.62816,0.62834,0.62881,0.62834,0.62816,0.62834,0.62881,0.62834,0.62816,0.62834,0.62881,0.62834,0.62816,0.62834,0.62881,0.62834,0.62816,0.62834,0.62881,0.62834,0.62816,0.62834,0.62881,0.62834,0.62816,0.62834,0.62881,0.62834,0.62816,0.62834,0.62881,0.62834,0.62816,0.62814,0.62881,0.62874,0.62698,0.62945,0.62881,0.62591,0.63268,0.62375,0.62881,0.63788,0.60518,0.66593,0.80082,0.81359,0.78827,0.80602,0.80082,0.79734,0.80304,0.79883,0.80082,0.80093,0.79949,0.80054,0.80082,0.80022,0.79999,0.80022,0.80082,0.80022,0.79999,0.80022,0.80082,0.80022,0.79999,0.80022,0.80082,0.80022,0.79999,0.80022,0.80082,0.80022,0.79999,0.80022,0.80082,0.80022,0.79999,0.80022,0.80082,0.80022,0.79999,0.80022,0.80082,0.80022,0.79999,0.80022,0.80082,0.80022,0.79999,0.80022,0.80082,0.80022,0.79999,0.80022,0.80082,0.80022,0.79999,0.80022,0.80082,0.80022,0.79999,0.80022,0.80082,0.80022,0.79999,0.80022,0.80082,0.80022,0.79999,0.80022,0.80082,0.80022,0.79999,0.80022,0.80082,0.80022,0.79999,0.80022,0.80082,0.80022,0.79999,0.80022,0.80082,0.80022,0.79999,0.80022,0.80082,0.80022,0.79999,0.80022,0.80082,0.80022,0.79999,0.80022,0.80082,0.80022,0.79999,0.80022,0.80082,0.80022,0.79999,0.80022,0.80082,0.80022,0.79999,0.80022,0.80082,0.80022,0.79999,0.80022,0.80082,0.80022,0.79999,0.80022,0.80082,0.80022,0.79999,0.80112,0.80082,0.79833,0.8055,0.79504,0.80082,0.81153,0.77894,0.82156,0.80082,0.75579,0.90697,0.62518
0.83825,0.90282,0.78025,0.86591,0.83825,0.82358,0.85225,0.83085,0.83825,0.84109,0.83494,0.83921,0.83825,0.83762,0.83739,0.83762,0.83825,0.83762,0.83739,0.83762,0.83825,0.83762,0.83739,0.83762,0.83825,0.83762,0.83739,0.83762,0.83825,0.83762,0.83739,0.83762,0.83825,0.83762,0.83739,0.83762,0.83825,0.83762,0.83739,0.83762,0.83825,0.83762,0.83739,0.83762,0.83825,0.83762,0.83739,0.83762,0.83825,0.83762,0.83739,0.83762,0.83825,0.83762,0.83739,0.83762,0.83825,0.83762,0.83739,0.83762,0.83825,0.83762,0.83739,0.83762,0.83825,0.83762,0.83739,0.83762,0.83825,0.83762,0.83739,0.83762,0.83825,0.83762,0.83739,0.83762,0.83825,0.83762,0.83739,0.83762,0.83825,0.83762,0.83739,0.83762,0.83825,0.83762,0.83739,0.83762,0.83825,0.83762,0.83739,0.83762,0.83825,0.83762,0.83739,0.83762,0.83825,0.83762,0.83739,0.83762,0.83825,0.83762,0.83739,0.83762,0.83825,0.83762,0.83739,0.83762,0.83825,0.83762,0.83739,0.83762,0.83825,0.83762,0.83739,0.83762,0.83825,0.83762,0.83739,0.83762,0.83825,0.83762,0.83739,0.83762,0.83825,0.83762,0.83739,0.83762,0.83825,0.83762,0.83739,0.83762,0.83825,0.83762,0.83739,0.83762,0.83825,0.83762,0.83739,0.83762,0.83825,0.83762,0.83739,0.83762,0.83825,0.83762,0.83739,0.83762,0.83825,0.83762,0.83739,0.83762,0.83825,0.83762,0.83739,0.83762,0.83825,0.83762,0.83739,0.83762,0.83825,0.83762,0.83739,0.83762,0.83825,0.83762,0.83739,0.83762,0.83825,0.83762,0.83739,0.83762,0.83825,0.83762,0.83739,0.83762,0.83825,0.83762,0.83739,0.83762,0.83825,0.83762,0.83739,0.83762,0.83825,0.83762,0.83739,0.83762,0.83825,0.83762,0.83739,0.83762,0.83825,0.83762,0.83739,0.83762,0.83825,0.83762,0.83739,0.83762,0.83825,0.83762,0.83739,0.83762,0.83825,0.83762,0.83739,0.83762,0.83825,0.83762,0.83739,0.83762,0.83825,0.83762,0.83739,0.83762,0.83825,0.83762,0.83739,0.83762,0.83825,0.83762,0.83739,0.83762,0.83825,0.83762,0.83739,0.83762,0.83825,0.83762,0.83739,0.83762,0.83825,0.83762,0.83739,0.83762,0.83825,0.83762,0.83739,0.83762,0.83825,0.83762,0.83739,0.83857,0.83825,0.83565,0.84315,0.8322,0.83825,0.84947,0.81535,0.85996,0.83825,0.79112,0.94937,0.6544
0.82965,0.89355,0.77223,0.85702,0.82965,0.81513,0.8435,0.82232,0.82965,0.83245,0.82637,0.8306,0.82965,0.82902,0.82879,0.82902,0.82965,0.82902,0.82879,0.82902,0.82965,0.82902,0.82879,0.82902,0.82965,0.82902,0.82879,0.82902,0.82965,0.82902,0.82879,0.82902,0.82965,0.82902,0.82879,0.82902,0.82965,0.82902,0.82879,0.82902,0.82965,0.82902,0.82879,0.82902,0.82965,0.82902,0.82879,0.82902,0.82965,0.82902,0.82879,0.82902,0.82965,0.82902,0.82879,0.82902,0.82965,0.82902,0.82879,0.82902,0.82965,0.82902,0.82879,0.82902,0.82965,0.82902,0.82879,0.82902,0.82965,0.82902,0.82879,0.82902,0.82965,0.82902,0.82879,0.82902,0.82965,0.82902,0.82879,0.82902,0.82965,0.82902,0.82879,0.82902,0.82965,0.82902,0.82879,0.82902,0.82965,0.82902,0.82879,0.82902,0.82965,0.82902,0.82879,0.82902,0.82965,0.82902,0.82879,0.82902,0.82965,0.82902,0.82879,0.82902,0.82965,0.82902,0.82879,0.82902,0.82965,0.82902,0.82879,0.82902,0.82965,0.82902,0.82879,0.82979,0.82965,0.82742,0.83345,0.82463,0.82965,0.83862,0.81094,0.84711,0.82965,0.79135,0.9195,0.68061,0.15064,0.097717,0.19677,0.12761,0.15064,0.1619,0.13845,0.15601,0.15064,0.14772,0.15246,0.14924,0.15064,0.15053,0.15049,0.15053,0.15064,0.15053,0.15049,0.15053,0.15064,0.15053,0.15049,0.15053,0.15064,0.15053,0.15049,0.15053,0.15064,0.15053,0.15049,0.15053,0.15064,0.15053,0.15049,0.15053,0.15064,0.15053,0.15049,0.15053,0.15064,0.15053,0.15049,0.15053,0.15064,0.15053,0.15049,0.15053,0.15064,0.15053,0.15049,0.15053,0.15064,0.15053,0.15049,0.15053,0.15064,0.15053,0.15049,0.15053,0.15064,0.15053,0.15049,0.15053,0.15064,0.15053,0.15049,0.15053,0.15064,0.15053,0.15049,0.15053,0.15064,0.15053,0.15049,0.15053,0.15064,0.15053,0.15049,0.15053,0.15064,0.15053,0.15049,0.15053,0.15064,0.15053,0.15049,0.15053,0.15064,0.15053,0.15049,0.15053,0.15064,0.15053,0.15049,0.15053,0.15064,0.15053,0.15049,0.15053,0.15064,0.15053,0.15049,0.15053,0.15064,0.15053,0.15049,0.15053,0.15064,0.15053,0.15049,0.15053,0.15064,0.15053,0.15049,0.1507,0.15064,0.15017,0.15152,0.14955,0.15064,0.15266,0.14653,0.15454,0.15064,0.14217,0.17061,0.1176
0.49104,0.52886,0.45706,0.50724,0.49104,0.48244,0.49924,0.4867,0.49104,0.4927,0.4891,0.4916,0.49104,0.49067,0.49053,0.49067,0.49104,0.49067,0.49053,0.49067,0.49104,0.49067,0.49053,0.49067,0.49104,0.49067,0.49053,0.49067,0.49104,0.49067,0.49053,0.49067,0.49104,0.49067,0.49053,0.49067,0.49104,0.49067,0.49053,0.49067,0.49104,0.49067,0.49053,0.49067,0.49104,0.49067,0.49053,0.49067,0.49104,0.49067,0.49053,0.49068,0.49104,0.49065,0.49058,0.49062,0.49104,0.49077,0.49034,0.49086,0.49104,0.49026,0.49151,0.48907,0.48373,0.48279,0.48372,0.48311,0.48373,0.48348,0.4831,0.48342,0.48373,0.48333,0.48325,0.48335,0.48373,0.48336,0.48323,0.48336,0.48373,0.48336,0.48323,0.48336,0.48373,0.48336,0.48323,0.48336,0.48373,0.48336,0.48323,0.48336,0.48373,0.48336,0.48323,0.48336,0.48373,0.48336,0.48323,0.48336,0.48373,0.48336,0.48323,0.48336,0.48373,0.48336,0.48323,0.48336,0.48373,0.48336,0.48323,0.48336,0.48373,0.48336,0.48323,0.48347,0.48373,0.48313,0.48391,0.48272,0.48373,0.48477,0.48061,0.48601,0.48373,0.47784,0.49651,0.46163,0.38428,0.37626,0.39066,0.38064,0.38428,0.38566,0.38212,0.3848,0.38428,0.38358,0.38418,0.3838,0.38428,0.38399,0.38389,0.38399,0.38428,0.38399,0.38389,0.38399,0.38428,0.38399,0.38389,0.38399,0.38428,0.38399,0.38389,0.38399,0.38428,0.38399,0.38389,0.38399,0.38428,0.38399,0.38389,0.38399,0.38428,0.38399,0.38389,0.38399,0.38428,0.38399,0.38389,0.38399,0.38428,0.38399,0.38389,0.38399,0.38428,0.38399,0.38389,0.38363,0.38428,0.38474,0.38171,0.38604,0.38428,0.37951,0.39223,0.37554,0.38428,0.40159,0.34151,0.45332,0.70147,0.72561,0.67913,0.71165,0.70147,0.69563,0.70637,0.69838,0.70147,0.70225,0.69982,0.70155,0.70147,0.70094,0.70075,0.70094,0.70147,0.70094,0.70075,0.70094,0.70147,0.70094,0.70075,0.70094,0.70147,0.70094,0.70075,0.70094,0.70147,0.70094,0.70075,0.70094,0.70147,0.70094,0.70075,0.70094,0.70147,0.70094,0.70075,0.70094,0.70147,0.70094,0.70075,0.70094,0.70147,0.70094,0.70075,0.70094,0.70147,0.70094,0.70075,0.70174,0.70147,0.6993,0.70557,0.69641,0.70147,0.71086,0.68231,0.71964,0.70147,0.66203,0.79446,0.54762
0.84059,0.90534,0.78243,0.86833,0.84059,0.82588,0.85463,0.83317,0.84059,0.84343,0.83728,0.84156,0.84059,0.83996,0.83973,0.83996,0.84059,0.83996,0.83973,0.83996,0.84059,0.83996,0.83973,0.83996,0.84059,0.83996,0.83973,0.83996,0.84059,0.83996,0.83973,0.83996,0.84059,0.83996,0.83973,0.83996,0.84059,0.83996,0.83973,0.83996,0.84059,0.83996,0.83973,0.83996,0.84059,0.83996,0.83973,0.83996,0.84059,0.83996,0.83973,0.83996,0.84059,0.83996,0.83973,0.83996,0.84059,0.83996,0.83973,0.83996,0.84059,0.83996,0.83973,0.83996,0.84059,0.83996,0.83973,0.83996,0.84059,0.83996,0.83973,0.83996,0.84059,0.83996,0.83973,0.83996,0.84059,0.83996,0.83973,0.83996,0.84059,0.83996,0.83973,0.83996,0.84059,0.83996,0.83973,0.83996,0.84059,0.83996,0.83973,0.83996,0.84059,0.83996,0.83973,0.83996,0.84059,0.83996,0.83973,0.83996,0.84059,0.83996,0.83973,0.83996,0.84059,0.83996,0.83973,0.83996,0.84059,0.83996,0.83973,0.83996,0.84059,0.83996,0.83973,0.83996,0.84059,0.83996,0.83973,0.83996,0.84059,0.83996,0.83973,0.83996,0.84059,0.83996,0.83973,0.83996,0.84059,0.83996,0.83973,0.83996,0.84059,0.83996,0.83973,0.83996,0.84059,0.83996,0.83973,0.83996,0.84059,0.83996,0.83973,0.83996,0.84059,0.83996,0.83973,0.83996,0.84059,0.83996,0.83973,0.83996,0.84059,0.83996,0.83973,0.83996,0.84059,0.83996,0.83973,0.83996,0.84059,0.83996,0.83973,0.83996,0.84059,0.83996,0.83973,0.83996,0.84059,0.83996,0.83973,0.83996,0.84059,0.83996,0.83973,0.83996,0.84059,0.83996,0.83973,0.83996,0.84059,0.83996,0.83973,0.83996,0.84059,0.83996,0.83973,0.83996,0.84059,0.83996,0.83973,0.83996,0.84059,0.83996,0.83973,0.83996,0.84059,0.83996,0.83973,0.83996,0.84059,0.83996,0.83973,0.83996,0.84059,0.83996,0.83973,0.83996,0.84059,0.83996,0.83973,0.83996,0.84059,0.83996,0.83973,0.83996,0.84059,0.83996,0.83973,0.83996,0.84059,0.83996,0.83973,0.83996,0.84059,0.83996,0.83973,0.83996,0.84059,0.83996,0.83973,0.83996,0.84059,0.83996,0.83973,0.83996,0.84059,0.83996,0.83973,0.83996,0.84059,0.83996,0.83973,0.84091,0.84059,0.83799,0.8455,0.83453,0.84059,0.85184,0.81763,0.86236,0.84059,0.79333,0.95202,0.65623
0.81042,0.87285,0.75434,0.83716,0.81042,0.79624,0.82396,0.80327,0.81042,0.81316,0.80722,0.81135,0.81042,0.80981,0.80959,0.80981,0.81042,0.80981,0.80959,0.80981,0.81042,0.80981,0.80959,0.80981,0.81042,0.80981,0.80959,0.80981,0.81042,0.80981,0.80959,0.80981,0.81042,0.80981,0.80959,0.80981,0.81042,0.80981,0.80959,0.80981,0.81042,0.80981,0.80959,0.80981,0.81042,0.80981,0.80959,0.80981,0.81042,0.80981,0.80959,0.80981,0.81042,0.80981,0.80959,0.80981,0.81042,0.80981,0.80959,0.80981,0.81042,0.80981,0.80959,0.80981,0.81042,0.80981,0.80959,0.80981,0.81042,0.80981,0.80959,0.80981,0.81042,0.80981,0.80959,0.80981,0.81042,0.80981,0.80959,0.80981,0.81042,0.80981,0.80959,0.80981,0.81042,0.80981,0.80959,0.80981,0.81042,0.80981,0.80959,0.80981,0.81042,0.80981,0.80959,0.80981,0.81042,0.80981,0.80959,0.80981,0.81042,0.80981,0.80959,0.80981,0.81042,0.80981,0.80959,0.80981,0.81042,0.80981,0.80959,0.80981,0.81042,0.80981,0.80959,0.80981,0.81042,0.80981,0.80959,0.80981,0.81042,0.80981,0.80959,0.80981,0.81042,0.80981,0.80959,0.80981,0.81042,0.80981,0.80959,0.80981,0.81042,0.80981,0.80959,0.80981,0.81042,0.80981,0.80959,0.80981,0.81042,0.80981,0.80959,0.80981,0.81042,0.80981,0.80959,0.80981,0.81042,0.80981,0.80959,0.80981,0.81042,0.80981,0.80959,0.80981,0.81042,0.80981,0.80959,0.80981,0.81042,0.80981,0.80959,0.80981,0.81042,0.80981,0.80959,0.80981,0.81042,0.80981,0.80959,0.80981,0.81042,0.80981,0.80959,0.80981,0.81042,0.80981,0.80959,0.80981,0.81042,0.80981,0.80959,0.80981,0.81042,0.80981,0.80959,0.80981,0.81042,0.80981,0.80959,0.80981,0.81042,0.80981,0.80959,0.80981,0.81042,0.80981,0.80959,0.80981,0.81042,0.80981,0.80959,0.80981,0.81042,0.80981,0.80959,0.80981,0.81042,0.80981,0.80959,0.80981,0.81042,0.80981,0.80959,0.80981,0.81042,0.80981,0.80959,0.80981,0.81042,0.80981,0.80959,0.80981,0.81042,0.80981,0.80959,0.80981,0.81042,0.80981,0.80959,0.80981,0.81042,0.80981,0.80959,0.80981,0.81042,0.80981,0.80959,0.80981,0.81042,0.80981,0.80959,0.81073,0.81042,0.80791,0.81515,0.80457,0.81042,0.82127,0.78828,0.83141,0.81042,0.76485,0.91785,0.63267
0.75653,0.81481,0.70418,0.7815,0.75653,0.74329,0.76917,0.74986,0.75653,0.75909,0.75355,0.7574,0.75653,0.75596,0.75575,0.75596,0.75653,0.75596,0.75575,0.75596,0.75653,0.75596,0.75575,0.75596,0.75653,0.75596,0.75575,0.75596,0.75653,0.75596,0.75575,0.75596,0.75653,0.75596,0.75575,0.75596,0.75653,0.75596,0.75575,0.75596,0.75653,0.75596,0.75575,0.75596,0.75653,0.75596,0.75575,0.75596,0.75653,0.75596,0.75575,0.75615,0.75653,0.75557,0.75691,0.75487,0.75653,0.75835,0.7513,0.76047,0.75653,0.74657,0.77836,0.71897,0.58729,0.57369,0.59822,0.58114,0.58729,0.58968,0.58368,0.58822,0.58729,0.58615,0.58718,0.58653,0.58729,0.58685,0.58669,0.58685,0.58729,0.58685,0.58669,0.58685,0.58729,0.58685,0.58669,0.58685,0.58729,0.58685,0.58669,0.58685,0.58729,0.58685,0.58669,0.58685,0.58729,0.58685,0.58669,0.58685,0.58729,0.58685,0.58669,0.58685,0.58729,0.58685,0.58669,0.58685,0.58729,0.58685,0.58669,0.58685,0.58729,0.58685,0.58669,0.58682,0.58729,0.5869,0.58652,0.587,0.58729,0.58652,0.5873,0.58622,0.58729,0.58815,0.58355,0.59198,0.61077,0.61214,0.60854,0.61111,0.61077,0.60992,0.61056,0.61012,0.61077,0.61041,0.61007,0.61036,0.61077,0.61031,0.61014,0.61031,0.61077,0.61031,0.61014,0.61031,0.61077,0.61031,0.61014,0.61031,0.61077,0.61031,0.61014,0.61031,0.61077,0.61031,0.61014,0.61031,0.61077,0.61031,0.61014,0.61031,0.61077,0.61031,0.61014,0.61031,0.61077,0.61031,0.61014,0.61031,0.61077,0.61031,0.61014,0.61031,0.61077,0.61031,0.61014,0.61033,0.61077,0.61028,0.61023,0.61023,0.61077,0.6105,0.6098,0.61066,0.61077,0.60958,0.6119,0.60744,0.59763,0.59615,0.59791,0.59673,0.59763,0.5974,0.59678,0.59728,0.59763,0.59712,0.59705,0.59715,0.59763,0.59718,0.59701,0.59718,0.59763,0.59718,0.59701,0.59718,0.59763,0.59718,0.59701,0.59718,0.59763,0.59718,0.59701,0.59718,0.59763,0.59718,0.59701,0.59718,0.59763,0.59718,0.59701,0.59718,0.59763,0.59718,0.59701,0.59718,0.59763,0.59718,0.59701,0.59718,0.59763,0.59718,0.59701,0.59718,0.59763,0.59718,0.59701,0.59785,0.59763,0.59577,0.60112,0.59331,0.59763,0.60562,0.5813,0.6131,0.59763,0.56402,0.67685,0.46655
0.87585,0.94331,0.81524,0.90474,0.87585,0.86052,0.89047,0.86811,0.87585,0.8788,0.87239,0.87685,0.87585,0.87518,0.87494,0.87518,0.87585,0.87518,0.87494,0.87518,0.87585,0.87518,0.87494,0.87518,0.87585,0.87518,0.87494,0.87518,0.87585,0.87518,0.87494,0.87518,0.87585,0.87518,0.87494,0.87518,0.87585,0.87518,0.87494,0.87518,0.87585,0.87518,0.87494,0.87518,0.87585,0.87518,0.87494,0.87518,0.87585,0.87518,0.87494,0.87518,0.87585,0.87518,0.87494,0.87518,0.87585,0.87518,0.87494,0.87518,0.87585,0.87518,0.87494,0.87518,0.87585,0.87518,0.87494,0.87518,0.87585,0.87518,0.87494,0.87518,0.87585,0.87518,0.87494,0.87518,0.87585,0.87518,0.87494,0.87518,0.87585,0.87518,0.87494,0.87518,0.87585,0.87518,0.87494,0.87518,0.87585,0.87518,0.87494,0.87518,0.87585,0.87518,0.87494,0.87518,0.87585,0.87518,0.87494,0.87518,0.87585,0.87518,0.87494,0.87518,0.87585,0.87518,0.87494,0.87518,0.87585,0.87518,0.87494,0.87518,0.87585,0.87518,0.87494,0.87581,0.87585,0.87388,0.87874,0.87161,0.87585,0.883,0.8604,0.88993,0.87585,0.8445,0.94884,0.75427,0.32267,0.27941,0.36005,0.30376,0.32267,0.33169,0.31253,0.3269,0.32267,0.32014,0.32395,0.32138,0.32267,0.32243,0.32234,0.32243,0.32267,0.32243,0.32234,0.32243,0.32267,0.32243,0.32234,0.32243,0.32267,0.32243,0.32234,0.32243,0.32267,0.32243,0.32234,0.32243,0.32267,0.32243,0.32234,0.32243,0.32267,0.32243,0.32234,0.32243,0.32267,0.32243,0.32234,0.32243,0.32267,0.32243,0.32234,0.32243,0.32267,0.32243,0.32234,0.32243,0.32267,0.32243,0.32234,0.32243,0.32267,0.32243,0.32234,0.32243,0.32267,0.32243,0.32234,0.32243,0.32267,0.32243,0.32234,0.32243,0.32267,0.32243,0.32234,0.32243,0.32267,0.32243,0.32234,0.32243,0.32267,0.32243,0.32234,0.32243,0.32267,0.32243,0.32234,0.32243,0.32267,0.32243,0.32234,0.32243,0.32267,0.32243,0.32234,0.32243,0.32267,0.32243,0.32234,0.32243,0.32267,0.32243,0.32234,0.32243,0.32267,0.32243,0.32234,0.32243,0.32267,0.32243,0.32234,0.32243,0.32267,0.32243,0.32234,0.32243,0.32267,0.32243,0.32234,0.3228,0.32267,0.32167,0.32456,0.32035,0.32267,0.32699,0.31386,0.33103,0.32267,0.30453,0.36545,0.2519
0.73421,0.79076,0.6834,0.75844,0.73421,0.72136,0.74647,0.72773,0.73421,0.73669,0.73131,0.73505,0.73421,0.73366,0.73345,0.73366,0.73421,0.73366,0.73345,0.73366,0.73421,0.73366,0.73345,0.73366,0.73421,0.73366,0.73345,0.73366,0.73421,0.73366,0.73345,0.73366,0.73421,0.73366,0.73345,0.73366,0.73421,0.73366,0.73345,0.73366,0.73421,0.73366,0.73345,0.73366,0.73421,0.73366,0.73345,0.73366,0.73421,0.73366,0.73345,0.73366,0.73421,0.73366,0.73345,0.73366,0.73421,0.73366,0.73345,0.73366,0.73421,0.73366,0.73345,0.73366,0.73421,0.73366,0.73345,0.73366,0.73421,0.73366,0.73345,0.73366,0.73421,0.73366,0.73345,0.73366,0.73421,0.73366,0.73345,0.73366,0.73421,0.73366,0.73345,0.73366,0.73421,0.73366,0.73345,0.73366,0.73421,0.73366,0.73345,0.73366,0.73421,0.73366,0.73345,0.73366,0.73421,0.73366,0.73345,0.73366,0.73421,0.73366,0.73345,0.73366,0.73421,0.73366,0.73345,0.73366,0.73421,0.73366,0.73345,0.73366,0.73421,0.73366,0.73345,0.73412,0.73421,0.73269,0.73627,0.731,0.73421,0.73946,0.72265,0.7446,0.73421,0.71087,0.78832,0.64388,0.32349,0.2913,0.35115,0.30938,0.32349,0.33012,0.31587,0.32656,0.32349,0.32155,0.32435,0.32246,0.32349,0.32324,0.32315,0.32324,0.32349,0.32324,0.32315,0.32324,0.32349,0.32324,0.32315,0.32324,0.32349,0.32324,0.32315,0.32324,0.32349,0.32324,0.32315,0.32324,0.32349,0.32324,0.32315,0.32324,0.32349,0.32324,0.32315,0.32324,0.32349,0.32324,0.32315,0.32324,0.32349,0.32324,0.32315,0.32324,0.32349,0.32324,0.32315,0.32324,0.32349,0.32324,0.32315,0.32324,0.32349,0.32324,0.32315,0.32324,0.32349,0.32324,0.32315,0.32324,0.32349,0.32324,0.32315,0.32324,0.32349,0.32324,0.32315,0.32324,0.32349,0.32324,0.32315,0.32324,0.32349,0.32324,0.32315,0.32324,0.32349,0.32324,0.32315,0.32324,0.32349,0.32324,0.32315,0.32324,0.32349,0.32324,0.32315,0.32324,0.32349,0.32324,0.32315,0.32324,0.32349,0.32324,0.32315,0.32324,0.32349,0.32324,0.32315,0.32324,0.32349,0.32324,0.32315,0.32324,0.32349,0.32324,0.32315,0.32324,0.32349,0.32324,0.32315,0.32361,0.32349,0.32248,0.32538,0.32115,0.32349,0.32782,0.31465,0.33187,0.32349,0.3053,0.36637,0.25254
0.82555,0.88914,0.76842,0.85279,0.82555,0.8111,0.83934,0.81826,0.82555,0.82834,0.82229,0.8265,0.82555,0.82493,0.8247,0.82493,0.82555,0.82493,0.8247,0.82493,0.82555,0.82493,0.8247,0.82493,0.82555,0.82493,0.8247,0.82493,0.82555,0.82493,0.8247,0.82493,0.82555,0.82493,0.8247,0.82493,0.82555,0.82493,0.8247,0.82493,0.82555,0.82493,0.8247,0.82493,0.82555,0.82493,0.8247,0.82493,0.82555,0.82493,0.8247,0.82493,0.82555,0.82493,0.8247,0.82493,0.82555,0.82493,0.8247,0.82493,0.82555,0.82493,0.8247,0.82493,0.82555,0.82493,0.8247,0.82493,0.82555,0.82493,0.8247,0.82493,0.82555,0.82493,0.8247,0.82493,0.82555,0.82493,0.8247,0.82493,0.82555,0.82493,0.8247,0.82493,0.82555,0.82493,0.8247,0.82493,0.82555,0.82493,0.8247,0.82493,0.82555,0.82493,0.8247,0.82493,0.82555,0.82493,0.8247,0.82493,0.82555,0.82493,0.8247,0.82493,0.82555,0.82493,0.8247,0.82493,0.82555,0.82493,0.8247,0.82493,0.82555,0.82493,0.8247,0.82493,0.82555,0.82493,0.8247,0.82493,0.82555,0.82493,0.8247,0.82493,0.82555,0.82493,0.8247,0.82493,0.82555,0.82493,0.8247,0.82493,0.82555,0.82493,0.8247,0.82493,0.82555,0.82493,0.8247,0.82493,0.82555,0.82493,0.8247,0.82493,0.82555,0.82493,0.8247,0.82493,0.82555,0.82493,0.8247,0.82493,0.82555,0.82493,0.8247,0.82493,0.82555,0.82493,0.8247,0.82493,0.82555,0.82493,0.8247,0.82493,0.82555,0.82493,0.8247,0.82493,0.82555,0.82493,0.8247,0.82493,0.82555,0.82493,0.8247,0.82493,0.82555,0.82493,0.8247,0.82493,0.82555,0.82493,0.8247,0.82493,0.82555,0.82493,0.8247,0.82493,0.82555,0.82493,0.8247,0.82493,0.82555,0.82493,0.8247,0.82493,0.82555,0.82493,0.8247,0.82493,0.82555,0.82493,0.8247,0.82493,0.82555,0.82493,0.8247,0.82493,0.82555,0.82493,0.8247,0.82493,0.82555,0.82493,0.8247,0.82493,0.82555,0.82493,0.8247,0.82493,0.82555,0.82493,0.8247,0.82493,0.82555,0.82493,0.8247,0.82493,0.82555,0.82493,0.8247,0.82493,0.82555,0.82493,0.8247,0.82493,0.82555,0.82493,0.8247,0.82493,0.82555,0.82493,0.8247,0.82586,0.82555,0.82299,0.83037,0.81959,0.82555,0.8366,0.80299,0.84693,0.82555,0.77913,0.93498,0.64448
0.2418,0.26043,0.22507,0.24978,0.2418,0.23757,0.24584,0.23967,0.2418,0.24262,0.24085,0.24208,0.2418,0.24162,0.24155,0.24162,0.2418,0.24162,0.24155,0.24162,0.2418,0.24162,0.24155,0.24162,0.2418,0.24162,0.24155,0.24162,0.2418,0.24162,0.24155,0.24162,0.2418,0.24162,0.24155,0.24162,0.2418,0.24162,0.24155,0.24162,0.2418,0.24162,0.24155,0.24162,0.2418,0.24162,0.24155,0.24162,0.2418,0.24162,0.24155,0.24162,0.2418,0.24162,0.24155,0.24162,0.2418,0.24162,0.24155,0.24162,0.2418,0.24162,0.24155,0.24162,0.2418,0.24162,0.24155,0.24162,0.2418,0.24162,0.24155,0.24162,0.2418,0.24162,0.24155,0.24162,0.2418,0.24162,0.24155,0.24162,0.2418,0.24162,0.24155,0.24162,0.2418,0.24162,0.24155,0.24162,0.2418,0.24162,0.24155,0.24162,0.2418,0.24162,0.24155,0.24162,0.2418,0.24162,0.24155,0.24162,0.2418,0.24162,0.24155,0.24162,0.2418,0.24162,0.24155,0.24162,0.2418,0.24162,0.24155,0.24162,0.2418,0.24162,0.24155,0.241,0.2418,0.24291,0.23778,0.24517,0.2418,0.23386,0.25598,0.22699,0.2418,0.27207,0.16822,0.3616,0.79075,0.83285,0.75251,0.80868,0.79075,0.78096,0.79966,0.78572,0.79075,0.79242,0.78833,0.79119,0.79075,0.79015,0.78993,0.79015,0.79075,0.79015,0.78993,0.79015,0.79075,0.79015,0.78993,0.79015,0.79075,0.79015,0.78993,0.79015,0.79075,0.79015,0.78993,0.79015,0.79075,0.79015,0.78993,0.79015,0.79075,0.79015,0.78993,0.79015,0.79075,0.79015,0.78993,0.79015,0.79075,0.79015,0.78993,0.79015,0.79075,0.79015,0.78993,0.79015,0.79075,0.79015,0.78993,0.79015,0.79075,0.79015,0.78993,0.79015,0.79075,0.79015,0.78993,0.79015,0.79075,0.79015,0.78993,0.79015,0.79075,0.79015,0.78993,0.79015,0.79075,0.79015,0.78993,0.79015,0.79075,0.79015,0.78993,0.79015,0.79075,0.79015,0.78993,0.79015,0.79075,0.79015,0.78993,0.79015,0.79075,0.79015,0.78993,0.79015,0.79075,0.79015,0.78993,0.79015,0.79075,0.79015,0.78993,0.79015,0.79075,0.79015,0.78993,0.79015,0.79075,0.79015,0.78993,0.79015,0.79075,0.79015,0.78993,0.79015,0.79075,0.79015,0.78993,0.79104,0.79075,0.78829,0.79536,0.78504,0.79075,0.80133,0.76914,0.81122,0.79075,0.74628,0.89557,0.61731
0.79671,0.85807,0.74157,0.82299,0.79671,0.78276,0.81001,0.78967,0.79671,0.7994,0.79356,0.79762,0.79671,0.79611,0.79588,0.79611,0.79671,0.79611,0.79588,0.79611,0.79671,0.79611,0.79588,0.79611,0.79671,0.79611,0.79588,0.79611,0.79671,0.79611,0.79588,0.79611,0.79671,0.79611,0.79588,0.79611,0.79671,0.79611,0.79588,0.79611,0.79671,0.79611,0.79588,0.79611,0.79671,0.79611,0.79588,0.79611,0.79671,0.79611,0.79588,0.79611,0.79671,0.79611,0.79588,0.79611,0.79671,0.79611,0.79588,0.79611,0.79671,0.79611,0.79588,0.79611,0.79671,0.79611,0.79588,0.79611,0.79671,0.79611,0.79588,0.79611,0.79671,0.79611,0.79588,0.79611,0.79671,0.79611,0.79588,0.79611,0.79671,0.79611,0.79588,0.79611,0.79671,0.79611,0.79588,0.79611,0.79671,0.79611,0.79588,0.79611,0.79671,0.79611,0.79588,0.79611,0.79671,0.79611,0.79588,0.79611,0.79671,0.79611,0.79588,0.79611,0.79671,0.79611,0.79588,0.79611,0.79671,0.79611,0.79588,0.79611,0.79671,0.79611,0.79588,0.79611,0.79671,0.79611,0.79588,0.79611,0.79671,0.79611,0.79588,0.79611,0.79671,0.79611,0.79588,0.79611,0.79671,0.79611,0.79588,0.79611,0.79671,0.79611,0.79588,0.79611,0.79671,0.79611,0.79588,0.79611,0.79671,0.79611,0.79588,0.79611,0.79671,0.79611,0.79588,0.79611,0.79671,0.79611,0.79588,0.79611,0.79671,0.79611,0.79588,0.79611,0.79671,0.79611,0.79588,0.79611,0.79671,0.79611,0.79588,0.79611,0.79671,0.79611,0.79588,0.79611,0.79671,0.79611,0.79588,0.79611,0.79671,0.79611,0.79588,0.79611,0.79671,0.79611,0.79588,0.79611,0.79671,0.79611,0.79588,0.79611,0.79671,0.79611,0.79588,0.79611,0.79671,0.79611,0.79588,0.79611,0.79671,0.79611,0.79588,0.79611,0.79671,0.79611,0.79588,0.79611,0.79671,0.79611,0.79588,0.79611,0.79671,0.79611,0.79588,0.79611,0.79671,0.79611,0.79588,0.79611,0.79671,0.79611,0.79588,0.79611,0.79671,0.79611,0.79588,0.79611,0.79671,0.79611,0.79588,0.79611,0.79671,0.79611,0.79588,0.79611,0.79671,0.79611,0.79588,0.79611,0.79671,0.79611,0.79588,0.79611,0.79671,0.79611,0.79588,0.79611,0.79671,0.79611,0.79588,0.79701,0.79671,0.79423,0.80136,0.79095,0.79671,0.80736,0.77494,0.81734,0.79671,0.75191,0.90232,0.62197
0.83893,0.90355,0.78088,0.86661,0.83893,0.82425,0.85294,0.83153,0.83893,0.84177,0.83562,0.83989,0.83893,0.8383,0.83806,0.8383,0.83893,0.8383,0.83806,0.8383,0.83893,0.8383,0.83806,0.8383,0.83893,0.8383,0.83806,0.8383,0.83893,0.8383,0.83806,0.8383,0.83893,0.8383,0.83806,0.8383,0.83893,0.8383,0.83806,0.8383,0.83893,0.8383,0.83806,0.8383,0.83893,0.8383,0.83806,0.8383,0.83893,0.8383,0.83806,0.8383,0.83893,0.8383,0.83806,0.8383,0.83893,0.8383,0.83806,0.8383,0.83893,0.8383,0.83806,0.8383,0.83893,0.8383,0.83806,0.8383,0.83893,0.8383,0.83806,0.8383,0.83893,0.8383,0.83806,0.8383,0.83893,0.8383,0.83806,0.8383,0.83893,0.8383,0.83806,0.8383,0.83893,0.8383,0.83806,0.8383,0.83893,0.8383,0.83806,0.8383,0.83893,0.8383,0.83806,0.8383,0.83893,0.8383,0.83806,0.8383,0.83893,0.8383,0.83806,0.8383,0.83893,0.8383,0.83806,0.8383,0.83893,0.8383,0.83806,0.8383,0.83893,0.8383,0.83806,0.8383,0.83893,0.8383,0.83806,0.8383,0.83893,0.8383,0.83806,0.8383,0.83893,0.8383,0.83806,0.8383,0.83893,0.8383,0.83806,0.8383,0.83893,0.8383,0.83806,0.8383,0.83893,0.8383,0.83806,0.8383,0.83893,0.8383,0.83806,0.8383,0.83893,0.8383,0.83806,0.8383,0.83893,0.8383,0.83806,0.8383,0.83893,0.8383,0.83806,0.8383,0.83893,0.8383,0.83806,0.8383,0.83893,0.8383,0.83806,0.8383,0.83893,0.8383,0.83806,0.8383,0.83893,0.8383,0.83806,0.8383,0.83893,0.8383,0.83806,0.8383,0.83893,0.8383,0.83806,0.8383,0.83893,0.8383,0.83806,0.8383,0.83893,0.8383,0.83806,0.8383,0.83893,0.8383,0.83806,0.8383,0.83893,0.8383,0.83806,0.8383,0.83893,0.8383,0.83806,0.8383,0.83893,0.8383,0.83806,0.8383,0.83893,0.8383,0.83806,0.8383,0.83893,0.8383,0.83806,0.8383,0.83893,0.8383,0.83806,0.8383,0.83893,0.8383,0.83806,0.8383,0.83893,0.8383,0.83806,0.8383,0.83893,0.8383,0.83806,0.8383,0.83893,0.8383,0.83806,0.8383,0.83893,0.8383,0.83806,0.8383,0.83893,0.8383,0.83806,0.8383,0.83893,0.8383,0.83806,0.83925,0.83893,0.83633,0.84383,0.83287,0.83893,0.85015,0.81601,0.86066,0.83893,0.79176,0.95014,0.65493
0.83046,0.89443,0.77299,0.85786,0.83046,0.81593,0.84433,0.82313,0.83046,0.83327,0.82718,0.83141,0.83046,0.82983,0.8296,0.82983,0.83046,0.82983,0.8296,0.82983,0.83046,0.82983,0.8296,0.82983,0.83046,0.82983,0.8296,0.82983,0.83046,0.82983,0.8296,0.82983,0.83046,0.82983,0.8296,0.82983,0.83046,0.82983,0.8296,0.82983,0.83046,0.82983,0.8296,0.82983,0.83046,0.82983,0.8296,0.82983,0.83046,0.82983,0.8296,0.82983,0.83046,0.82983,0.8296,0.82983,0.83046,0.82983,0.8296,0.82983,0.83046,0.82983,0.8296,0.82983,0.83046,0.82983,0.8296,0.82983,0.83046,0.82983,0.8296,0.82983,0.83046,0.82983,0.8296,0.82983,0.83046,0.82983,0.8296,0.82983,0.83046,0.82983,0.8296,0.82983,0.83046,0.82983,0.8296,0.82983,0.83046,0.82983,0.8296,0.82983,0.83046,0.82983,0.8296,0.82983,0.83046,0.82983,0.8296,0.82983,0.83046,0.82983,0.8296,0.82983,0.83046,0.82983,0.8296,0.82983,0.83046,0.82983,0.8296,0.82983,0.83046,0.82983,0.8296,0.82983,0.83046,0.82983,0.8296,0.82983,0.83046,0.82983,0.8296,0.82983,0.83046,0.82983,0.8296,0.82983,0.83046,0.82983,0.8296,0.82983,0.83046,0.82983,0.8296,0.82983,0.83046,0.82983,0.8296,0.82983,0.83046,0.82983,0.8296,0.82983,0.83046,0.82983,0.8296,0.82983,0.83046,0.82983,0.8296,0.82983,0.83046,0.82983,0.8296,0.82983,0.83046,0.82983,0.8296,0.82983,0.83046,0.82983,0.8296,0.82983,0.83046,0.82983,0.8296,0.82983,0.83046,0.82983,0.8296,0.82983,0.83046,0.82983,0.8296,0.82983,0.83046,0.82983,0.8296,0.82983,0.83046,0.82983,0.8296,0.82983,0.83046,0.82983,0.8296,0.82983,0.83046,0.82983,0.8296,0.82983,0.83046,0.82983,0.8296,0.82983,0.83046,0.82983,0.8296,0.82983,0.83046,0.82983,0.8296,0.82983,0.83046,0.82983,0.8296,0.82983,0.83046,0.82983,0.8296,0.82983,0.83046,0.82983,0.8296,0.82983,0.83046,0.82983,0.8296,0.82983,0.83046,0.82983,0.8296,0.82983,0.83046,0.82983,0.8296,0.82983,0.83046,0.82983,0.8296,0.82983,0.83046,0.82983,0.8296,0.82983,0.83046,0.82983,0.8296,0.82983,0.83046,0.82983,0.8296,0.83077,0.83046,0.82788,0.83531,0.82447,0.83046,0.84157,0.80777,0.85197,0.83046,0.78376,0.94054,0.64832
0.81773,0.88072,0.76114,0.84471,0.81773,0.80342,0.83139,0.81051,0.81773,0.82049,0.8145,0.81867,0.81773,0.81711,0.81689,0.81711,0.81773,0.81711,0.81689,0.81711,0.81773,0.81711,0.81689,0.81711,0.81773,0.81711,0.81689,0.81711,0.81773,0.81711,0.81689,0.81711,0.81773,0.81711,0.81689,0.81711,0.81773,0.81711,0.81689,0.81711,0.81773,0.81711,0.81689,0.81711,0.81773,0.81711,0.81689,0.81711,0.81773,0.81711,0.81689,0.81711,0.81773,0.81711,0.81689,0.81711,0.81773,0.81711,0.81689,0.81711,0.81773,0.81711,0.81689,0.81711,0.81773,0.81711,0.81689,0.81711,0.81773,0.81711,0.81689,0.81711,0.81773,0.81711,0.81689,0.81711,0.81773,0.81711,0.81689,0.81711,0.81773,0.81711,0.81689,0.81711,0.81773,0.81711,0.81689,0.81711,0.81773,0.81711,0.81689,0.81711,0.81773,0.81711,0.81689,0.81711,0.81773,0.81711,0.81689,0.81711,0.81773,0.81711,0.81689,0.81711,0.81773,0.81711,0.81689,0.81711,0.81773,0.81711,0.81689,0.81711,0.81773,0.81711,0.81689,0.81711,0.81773,0.81711,0.81689,0.81711,0.81773,0.81711,0.81689,0.81711,0.81773,0.81711,0.81689,0.81711,0.81773,0.81711,0.81689,0.81711,0.81773,0.81711,0.81689,0.81711,0.81773,0.81711,0.81689,0.81711,0.81773,0.81711,0.81689,0.81711,0.81773,0.81711,0.81689,0.81711,0.81773,0.81711,0.81689,0.81711,0.81773,0.81711,0.81689,0.81711,0.81773,0.81711,0.81689,0.81711,0.81773,0.81711,0.81689,0.81711,0.81773,0.81711,0.81689,0.81711,0.81773,0.81711,0.81689,0.81711,0.81773,0.81711,0.81689,0.81711,0.81773,0.81711,0.81689,0.81711,0.81773,0.81711,0.81689,0.81711,0.81773,0.81711,0.81689,0.81711,0.81773,0.81711,0.81689,0.81711,0.81773,0.81711,0.81689,0.81711,0.81773,0.81711,0.81689,0.81711,0.81773,0.81711,0.81689,0.81711,0.81773,0.81711,0.81689,0.81711,0.81773,0.81711,0.81689,0.81711,0.81773,0.81711,0.81689,0.81711,0.81773,0.81711,0.81689,0.81711,0.81773,0.81711,0.81689,0.81711,0.81773,0.81711,0.81689,0.81711,0.81773,0.81711,0.81689,0.81711,0.81773,0.81711,0.81689,0.81711,0.81773,0.81711,0.81689,0.81711,0.81773,0.81711,0.81689,0.81804,0.81773,0.81519,0.8225,0.81183,0.81773,0.82867,0.79539,0.83891,0.81773,0.77175,0.92613,0.63838
0.59995,0.64616,0.55843,0.61975,0.59995,0.58945,0.60997,0.59465,0.59995,0.60198,0.59758,0.60064,0.59995,0.5995,0.59933,0.5995,0.59995,0.5995,0.59933,0.5993,0.59995,0.59992,0.59811,0.60065,0.59995,0.59699,0.604,0.59477,0.59995,0.60935,0.57561,0.63832,0.77754,0.79077,0.76463,0.78295,0.77754,0.77398,0.77989,0.77552,0.77754,0.77769,0.77622,0.77729,0.77754,0.77696,0.77674,0.77696,0.77754,0.77696,0.77674,0.77716,0.77754,0.77653,0.77799,0.77578,0.77754,0.77952,0.77196,0.7818,0.77754,0.76688,0.80101,0.73724,0.59584,0.58125,0.60761,0.58925,0.59584,0.59843,0.592,0.59685,0.59584,0.59464,0.59575,0.59504,0.59584,0.59539,0.59522,0.59539,0.59584,0.59539,0.59522,0.59532,0.59584,0.59552,0.59483,0.59576,0.59584,0.59458,0.59673,0.59386,0.59584,0.59857,0.58755,0.60793,0.65322,0.65719,0.64863,0.65466,0.65322,0.65176,0.65356,0.65226,0.65322,0.65296,0.65237,0.65283,0.65322,0.65272,0.65254,0.65272,0.65322,0.65272,0.65254,0.65278,0.65322,0.6526,0.65289,0.6524,0.65322,0.65343,0.65122,0.65406,0.65322,0.64993,0.65926,0.64174,0.60295,0.59859,0.60576,0.6008,0.60295,0.60334,0.60144,0.6029,0.60295,0.60229,0.60248,0.6024,0.60295,0.6025,0.60233,0.6025,0.60295,0.6025,0.60233,0.60234,0.60295,0.60283,0.60136,0.60341,0.60295,0.6005,0.60604,0.59873,0.60295,0.61034,0.58345,0.63339,0.74427,0.7547,0.73387,0.74848,0.74427,0.74135,0.74601,0.74257,0.74427,0.7443,0.74309,0.74398,0.74427,0.74371,0.7435,0.74371,0.74427,0.74371,0.7435,0.74392,0.74427,0.74328,0.74477,0.74252,0.74427,0.74631,0.73866,0.74862,0.74427,0.73349,0.76811,0.70346,0.5601,0.54535,0.57207,0.55346,0.5601,0.56276,0.55625,0.56116,0.5601,0.55891,0.56006,0.55933,0.5601,0.55968,0.55952,0.55968,0.5601,0.55968,0.55952,0.5596,0.5601,0.55984,0.55904,0.56012,0.5601,0.5587,0.56134,0.55783,0.5601,0.56352,0.55027,0.57481,0.62933,0.63423,0.62396,0.63119,0.62933,0.62769,0.6299,0.62829,0.62933,0.62914,0.62847,0.62898,0.62933,0.62885,0.62867,0.62885,0.62933,0.62885,0.62867,0.62956,0.62933,0.62737,0.633,0.62478,0.62933,0.63774,0.61213,0.64562,0.62933,0.59394,0.71275,0.4913
0.8991,0.96836,0.83689,0.92877,0.8991,0.88337,0.91412,0.89117,0.8991,0.90214,0.89556,0.90013,0.8991,0.89843,0.89817,0.89843,0.8991,0.89843,0.89817,0.89843,0.8991,0.89843,0.89817,0.89843,0.8991,0.89843,0.89817,0.89843,0.8991,0.89843,0.89817,0.89843,0.8991,0.89843,0.89817,0.89843,0.8991,0.89843,0.89817,0.89843,0.8991,0.89843,0.89817,0.89843,0.8991,0.89843,0.89817,0.89843,0.8991,0.89843,0.89817,0.89843,0.8991,0.89843,0.89817,0.89843,0.8991,0.89843,0.89817,0.89843,0.8991,0.89843,0.89817,0.89843,0.8991,0.89843,0.89817,0.89843,0.8991,0.89843,0.89817,0.89843,0.8991,0.89843,0.89817,0.89843,0.8991,0.89843,0.89817,0.89843,0.8991,0.89843,0.89817,0.89843,0.8991,0.89843,0.89817,0.89843,0.8991,0.89843,0.89817,0.89843,0.8991,0.89843,0.89817,0.89843,0.8991,0.89843,0.89817,0.89843,0.8991,0.89843,0.89817,0.89843,0.8991,0.89843,0.89817,0.89843,0.8991,0.89843,0.89817,0.89843,0.8991,0.89843,0.89817,0.89932,0.8991,0.89656,0.90363,0.89329,0.8991,0.90965,0.87729,0.91959,0.8991,0.85437,1.0043,0.72484,0.10492,0.04307,0.15895,0.078037,0.10492,0.11814,0.090729,0.11125,0.10492,0.10156,0.10713,0.10333,0.10492,0.10484,0.10481,0.10484,0.10492,0.10484,0.10481,0.10484,0.10492,0.10484,0.10481,0.10484,0.10492,0.10484,0.10481,0.10484,0.10492,0.10484,0.10481,0.10484,0.10492,0.10484,0.10481,0.10484,0.10492,0.10484,0.10481,0.10484,0.10492,0.10484,0.10481,0.10484,0.10492,0.10484,0.10481,0.10484,0.10492,0.10484,0.10481,0.10484,0.10492,0.10484,0.10481,0.10484,0.10492,0.10484,0.10481,0.10484,0.10492,0.10484,0.10481,0.10484,0.10492,0.10484,0.10481,0.10484,0.10492,0.10484,0.10481,0.10484,0.10492,0.10484,0.10481,0.10484,0.10492,0.10484,0.10481,0.10484,0.10492,0.10484,0.10481,0.10484,0.10492,0.10484,0.10481,0.10484,0.10492,0.10484,0.10481,0.10484,0.10492,0.10484,0.10481,0.10484,0.10492,0.10484,0.10481,0.10484,0.10492,0.10484,0.10481,0.10484,0.10492,0.10484,0.10481,0.10484,0.10492,0.10484,0.10481,0.10484,0.10492,0.10484,0.10481,0.10496,0.10492,0.10459,0.10553,0.10416,0.10492,0.10632,0.10205,0.10764,0.10492,0.09902,0.11883,0.081908
0.25206,0.27147,0.23462,0.26037,0.25206,0.24765,0.25627,0.24983,0.25206,0.25291,0.25106,0.25235,0.25206,0.25187,0.2518,0.25187,0.25206,0.25187,0.2518,0.25187,0.25206,0.25187,0.2518,0.25187,0.25206,0.25187,0.2518,0.25187,0.25206,0.25187,0.2518,0.25187,0.25206,0.25187,0.2518,0.25187,0.25206,0.25187,0.2518,0.25187,0.25206,0.25187,0.2518,0.25187,0.25206,0.25187,0.2518,0.25187,0.25206,0.25187,0.2518,0.25187,0.25206,0.25187,0.2518,0.25187,0.25206,0.25187,0.2518,0.25187,0.25206,0.25187,0.2518,0.25187,0.25206,0.25187,0.2518,0.25187,0.25206,0.25187,0.2518,0.25187,0.25206,0.25187,0.2518,0.25187,0.25206,0.25187,0.2518,0.25187,0.25206,0.25187,0.2518,0.25187,0.25206,0.25187,0.2518,0.25187,0.25206,0.25187,0.2518,0.25187,0.25206,0.25187,0.2518,0.25187,0.25206,0.25187,0.2518,0.25187,0.25206,0.25187,0.2518,0.25187,0.25206,0.25187,0.2518,0.25187,0.25206,0.25187,0.2518,0.25187,0.25206,0.25187,0.2518,0.25131,0.25206,0.25302,0.24843,0.25503,0.25206,0.24495,0.26467,0.23882,0.25206,0.27903,0.18638,0.3589,0.74174,0.77927,0.7076,0.75771,0.74174,0.73298,0.74966,0.73723,0.74174,0.74321,0.73955,0.74211,0.74174,0.74118,0.74098,0.74118,0.74174,0.74118,0.74098,0.74118,0.74174,0.74118,0.74098,0.74118,0.74174,0.74118,0.74098,0.74118,0.74174,0.74118,0.74098,0.74118,0.74174,0.74118,0.74098,0.74118,0.74174,0.74118,0.74098,0.74118,0.74174,0.74118,0.74098,0.74118,0.74174,0.74118,0.74098,0.74118,0.74174,0.74118,0.74098,0.74118,0.74174,0.74118,0.74098,0.74118,0.74174,0.74118,0.74098,0.74118,0.74174,0.74118,0.74098,0.74118,0.74174,0.74118,0.74098,0.74118,0.74174,0.74118,0.74098,0.74118,0.74174,0.74118,0.74098,0.74118,0.74174,0.74118,0.74098,0.74118,0.74174,0.74118,0.74098,0.74118,0.74174,0.74118,0.74098,0.74118,0.74174,0.74118,0.74098,0.74118,0.74174,0.74118,0.74098,0.74118,0.74174,0.74118,0.74098,0.74118,0.74174,0.74118,0.74098,0.74118,0.74174,0.74118,0.74098,0.74118,0.74174,0.74118,0.74098,0.74118,0.74174,0.74118,0.74098,0.74202,0.74174,0.73944,0.74607,0.73639,0.74174,0.75167,0.72148,0.76095,0.74174,0.70003,0.84007,0.57906
0.81788,0.88087,0.76128,0.84486,0.81788,0.80356,0.83153,0.81066,0.81788,0.82064,0.81465,0.81881,0.81788,0.81726,0.81703,0.81726,0.81788,0.81726,0.81703,0.81726,0.81788,0.81726,0.81703,0.81726,0.81788,0.81726,0.81703,0.81726,0.81788,0.81726,0.81703,0.81726,0.81788,0.81726,0.81703,0.81726,0.81788,0.81726,0.81703,0.81726,0.81788,0.81726,0.81703,0.81726,0.81788,0.81726,0.81703,0.81726,0.81788,0.81726,0.81703,0.81726,0.81788,0.81726,0.81703,0.81726,0.81788,0.81726,0.81703,0.81726,0.81788,0.81726,0.81703,0.81726,0.81788,0.81726,0.81703,0.81726,0.81788,0.81726,0.81703,0.81726,0.81788,0.81726,0.81703,0.81726,0.81788,0.81726,0.81703,0.81726,0.81788,0.81726,0.81703,0.81726,0.81788,0.81726,0.81703,0.81726,0.81788,0.81726,0.81703,0.81726,0.81788,0.81726,0.81703,0.81726,0.81788,0.81726,0.81703,0.81726,0.81788,0.81726,0.81703,0.81726,0.81788,0.81726,0.81703,0.81726,0.81788,0.81726,0.81703,0.81726,0.81788,0.81726,0.81703,0.81804,0.81788,0.81563,0.8218,0.81277,0.81788,0.82707,0.79878,0.83576,0.81788,0.77875,0.90977,0.66552,0.12367,0.069583,0.17086,0.10015,0.12367,0.1352,0.11123,0.12918,0.12367,0.12071,0.12557,0.12226,0.12367,0.12358,0.12354,0.12358,0.12367,0.12358,0.12354,0.12358,0.12367,0.12358,0.12354,0.12358,0.12367,0.12358,0.12354,0.12358,0.12367,0.12358,0.12354,0.12358,0.12367,0.12358,0.12354,0.12358,0.12367,0.12358,0.12354,0.12358,0.12367,0.12358,0.12354,0.12358,0.12367,0.12358,0.12354,0.12358,0.12367,0.12358,0.12354,0.12358,0.12367,0.12358,0.12354,0.12358,0.12367,0.12358,0.12354,0.12358,0.12367,0.12358,0.12354,0.12358,0.12367,0.12358,0.12354,0.12358,0.12367,0.12358,0.12354,0.12358,0.12367,0.12358,0.12354,0.12358,0.12367,0.12358,0.12354,0.12358,0.12367,0.12358,0.12354,0.12358,0.12367,0.12358,0.12354,0.12358,0.12367,0.12358,0.12354,0.12358,0.12367,0.12358,0.12354,0.12358,0.12367,0.12358,0.12354,0.12358,0.12367,0.12358,0.12354,0.12358,0.12367,0.12358,0.12354,0.12358,0.12367,0.12358,0.12354,0.12358,0.12367,0.12358,0.12354,0.12372,0.12367,0.12329,0.12439,0.12278,0.12367,0.12533,0.12029,0.12687,0.12367,0.11672,0.14006,0.096546
0.26631,0.28682,0.24788,0.2751,0.26631,0.26165,0.27076,0.26396,0.26631,0.26721,0.26526,0.26662,0.26631,0.26611,0.26603,0.26611,0.26631,0.26611,0.26603,0.26611,0.26631,0.26611,0.26603,0.26611,0.26631,0.26611,0.26603,0.26611,0.26631,0.26611,0.26603,0.26611,0.26631,0.26611,0.26603,0.26611,0.26631,0.26611,0.26603,0.26611,0.26631,0.26611,0.26603,0.26611,0.26631,0.26611,0.26603,0.26611,0.26631,0.26611,0.26603,0.26611,0.26631,0.26611,0.26603,0.26611,0.26631,0.26611,0.26603,0.26611,0.26631,0.26611,0.26603,0.26611,0.26631,0.26611,0.26603,0.26611,0.26631,0.26611,0.26603,0.26611,0.26631,0.26611,0.26603,0.26611,0.26631,0.26611,0.26603,0.26611,0.26631,0.26611,0.26603,0.26611,0.26631,0.26611,0.26603,0.26611,0.26631,0.26611,0.26603,0.26611,0.26631,0.26611,0.26603,0.26611,0.26631,0.26611,0.26603,0.26611,0.26631,0.26611,0.26603,0.26611,0.26631,0.26611,0.26603,0.26611,0.26631,0.26611,0.26603,0.26611,0.26631,0.26611,0.26603,0.26549,0.26631,0.26739,0.26229,0.26963,0.26631,0.2584,0.28037,0.25158,0.26631,0.29636,0.19319,0.38529,0.81159,0.85339,0.77358,0.82938,0.81159,0.80185,0.82042,0.80658,0.81159,0.81323,0.80916,0.81202,0.81159,0.81098,0.81075,0.81098,0.81159,0.81098,0.81075,0.81098,0.81159,0.81098,0.81075,0.81098,0.81159,0.81098,0.81075,0.81098,0.81159,0.81098,0.81075,0.81098,0.81159,0.81098,0.81075,0.81098,0.81159,0.81098,0.81075,0.81098,0.81159,0.81098,0.81075,0.81098,0.81159,0.81098,0.81075,0.81098,0.81159,0.81098,0.81075,0.81098,0.81159,0.81098,0.81075,0.81098,0.81159,0.81098,0.81075,0.81098,0.81159,0.81098,0.81075,0.81098,0.81159,0.81098,0.81075,0.81098,0.81159,0.81098,0.81075,0.81098,0.81159,0.81098,0.81075,0.81098,0.81159,0.81098,0.81075,0.81098,0.81159,0.81098,0.81075,0.81098,0.81159,0.81098,0.81075,0.81098,0.81159,0.81098,0.81075,0.81098,0.81159,0.81098,0.81075,0.81098,0.81159,0.81098,0.81075,0.81098,0.81159,0.81098,0.81075,0.81098,0.81159,0.81098,0.81075,0.81098,0.81159,0.81098,0.81075,0.81098,0.81159,0.81098,0.81075,0.8119,0.81159,0.80907,0.81633,0.80573,0.81159,0.82245,0.78941,0.83261,0.81159,0.76595,0.91917,0.63358
0.18322,0.19733,0.17054,0.18927,0.18322,0.18001,0.18628,0.1816,0.18322,0.18384,0.1825,0.18343,0.18322,0.18308,0.18303,0.18308,0.18322,0.18308,0.18303,0.18308,0.18322,0.18308,0.18303,0.18308,0.18322,0.18308,0.18303,0.18308,0.18322,0.18308,0.18303,0.18308,0.18322,0.18308,0.18303,0.18308,0.18322,0.18308,0.18303,0.18308,0.18322,0.18308,0.18303,0.18308,0.18322,0.18308,0.18303,0.18308,0.18322,0.18308,0.18303,0.18308,0.18322,0.18308,0.18303,0.18308,0.18322,0.18308,0.18303,0.18308,0.18322,0.18308,0.18303,0.18308,0.18322,0.18308,0.18303,0.18308,0.18322,0.18308,0.18303,0.18308,0.18322,0.18308,0.18303,0.18308,0.18322,0.18308,0.18303,0.18308,0.18322,0.18308,0.18303,0.18308,0.18322,0.18308,0.18303,0.18308,0.18322,0.18308,0.18303,0.18308,0.18322,0.18308,0.18303,0.18308,0.18322,0.18308,0.18303,0.18308,0.18322,0.18308,0.18303,0.18308,0.18322,0.18308,0.18303,0.18308,0.18322,0.18308,0.18303,0.18308,0.18322,0.18308,0.18303,0.18229,0.18322,0.18474,0.17819,0.18763,0.18322,0.17313,0.20155,0.16431,0.18322,0.22215,0.08895,0.33701,0.88747,0.94157,0.83854,0.91057,0.88747,0.875,0.89904,0.88111,0.88747,0.88971,0.8845,0.88814,0.88747,0.8868,0.88655,0.8868,0.88747,0.8868,0.88655,0.8868,0.88747,0.8868,0.88655,0.8868,0.88747,0.8868,0.88655,0.8868,0.88747,0.8868,0.88655,0.8868,0.88747,0.8868,0.88655,0.8868,0.88747,0.8868,0.88655,0.8868,0.88747,0.8868,0.88655,0.8868,0.88747,0.8868,0.88655,0.8868,0.88747,0.8868,0.88655,0.8868,0.88747,0.8868,0.88655,0.8868,0.88747,0.8868,0.88655,0.8868,0.88747,0.8868,0.88655,0.8868,0.88747,0.8868,0.88655,0.8868,0.88747,0.8868,0.88655,0.8868,0.88747,0.8868,0.88655,0.8868,0.88747,0.8868,0.88655,0.8868,0.88747,0.8868,0.88655,0.8868,0.88747,0.8868,0.88655,0.8868,0.88747,0.8868,0.88655,0.8868,0.88747,0.8868,0.88655,0.8868,0.88747,0.8868,0.88655,0.8868,0.88747,0.8868,0.88655,0.8868,0.88747,0.8868,0.88655,0.8868,0.88747,0.8868,0.88655,0.8868,0.88747,0.8868,0.88655,0.8878,0.88747,0.88471,0.89265,0.88106,0.88747,0.89934,0.86322,0.91045,0.88747,0.83756,1.0051,0.69282
0.72502,0.78087,0.67485,0.74895,0.72502,0.71234,0.73713,0.71862,0.72502,0.72747,0.72216,0.72586,0.72502,0.72448,0.72427,0.72448,0.72502,0.72448,0.72427,0.72448,0.72502,0.72448,0.72427,0.72448,0.72502,0.72448,0.72427,0.72448,0.72502,0.72448,0.72427,0.72448,0.72502,0.72448,0.72427,0.72448,0.72502,0.72448,0.72427,0.72448,0.72502,0.72448,0.72427,0.72448,0.72502,0.72448,0.72427,0.72448,0.72502,0.72448,0.72427,0.72448,0.72502,0.72448,0.72427,0.72448,0.72502,0.72448,0.72427,0.72448,0.72502,0.72448,0.72427,0.72448,0.72502,0.72448,0.72427,0.72448,0.72502,0.72448,0.72427,0.72448,0.72502,0.72448,0.72427,0.72448,0.72502,0.72448,0.72427,0.72448,0.72502,0.72448,0.72427,0.72448,0.72502,0.72448,0.72427,0.72448,0.72502,0.72448,0.72427,0.72448,0.72502,0.72448,0.72427,0.72448,0.72502,0.72448,0.72427,0.72448,0.72502,0.72448,0.72427,0.72448,0.72502,0.72448,0.72427,0.72448,0.72502,0.72448,0.72427,0.72448,0.72502,0.72448,0.72427,0.72494,0.72502,0.72351,0.72711,0.72181,0.72502,0.73031,0.71343,0.73547,0.72502,0.7016,0.77937,0.63433,0.31258,0.28027,0.34037,0.29843,0.31258,0.31925,0.30495,0.31568,0.31258,0.31064,0.31346,0.31156,0.31258,0.31235,0.31226,0.31235,0.31258,0.31235,0.31226,0.31235,0.31258,0.31235,0.31226,0.31235,0.31258,0.31235,0.31226,0.31235,0.31258,0.31235,0.31226,0.31235,0.31258,0.31235,0.31226,0.31235,0.31258,0.31235,0.31226,0.31235,0.31258,0.31235,0.31226,0.31235,0.31258,0.31235,0.31226,0.31235,0.31258,0.31235,0.31226,0.31235,0.31258,0.31235,0.31226,0.31235,0.31258,0.31235,0.31226,0.31235,0.31258,0.31235,0.31226,0.31235,0.31258,0.31235,0.31226,0.31235,0.31258,0.31235,0.31226,0.31235,0.31258,0.31235,0.31226,0.31235,0.31258,0.31235,0.31226,0.31235,0.31258,0.31235,0.31226,0.31235,0.31258,0.31235,0.31226,0.31235,0.31258,0.31235,0.31226,0.31235,0.31258,0.31235,0.31226,0.31235,0.31258,0.31235,0.31226,0.31235,0.31258,0.31235,0.31226,0.31235,0.31258,0.31235,0.31226,0.31235,0.31258,0.31235,0.31226,0.31235,0.31258,0.31235,0.31226,0.3127,0.31258,0.31161,0.31441,0.31033,0.31258,0.31676,0.30404,0.32068,0.31258,0.29501,0.35402,0.24402
0.44557,0.47988,0.41473,0.46027,0.44557,0.43777,0.45301,0.44163,0.44557,0.44707,0.44381,0.44608,0.44557,0.44523,0.4451,0.44523,0.44557,0.44523,0.4451,0.44523,0.44557,0.44523,0.4451,0.44523,0.44557,0.44523,0.4451,0.44523,0.44557,0.44523,0.4451,0.44523,0.44557,0.44523,0.4451,0.44523,0.44557,0.44523,0.4451,0.44523,0.44557,0.44523,0.4451,0.44523,0.44557,0.44523,0.4451,0.44523,0.44557,0.44523,0.4451,0.44523,0.44557,0.44523,0.4451,0.44523,0.44557,0.44523,0.4451,0.44523,0.44557,0.44523,0.4451,0.44523,0.44557,0.44523,0.4451,0.44523,0.44557,0.44523,0.4451,0.44523,0.44557,0.44523,0.4451,0.44523,0.44557,0.44523,0.4451,0.44523,0.44557,0.44523,0.4451,0.44523,0.44557,0.44523,0.4451,0.44523,0.44557,0.44523,0.4451,0.44523,0.44557,0.44523,0.4451,0.44523,0.44557,0.44523,0.4451,0.44523,0.44557,0.44523,0.4451,0.44523,0.44557,0.44523,0.4451,0.44523,0.44557,0.44523,0.4451,0.44523,0.44557,0.44523,0.4451,0.4449,0.44557,0.44592,0.44308,0.44713,0.44557,0.44106,0.45285,0.43738,0.44557,0.46158,0.40573,0.50965,0.74028,0.76264,0.71942,0.74967,0.74028,0.73478,0.74474,0.73734,0.74028,0.74094,0.73865,0.74028,0.74028,0.73972,0.73951,0.73972,0.74028,0.73972,0.73951,0.73972,0.74028,0.73972,0.73951,0.73972,0.74028,0.73972,0.73951,0.73972,0.74028,0.73972,0.73951,0.73972,0.74028,0.73972,0.73951,0.73972,0.74028,0.73972,0.73951,0.73972,0.74028,0.73972,0.73951,0.73972,0.74028,0.73972,0.73951,0.73972,0.74028,0.73972,0.73951,0.73972,0.74028,0.73972,0.73951,0.73972,0.74028,0.73972,0.73951,0.73972,0.74028,0.73972,0.73951,0.73972,0.74028,0.73972,0.73951,0.73972,0.74028,0.73972,0.73951,0.73972,0.74028,0.73972,0.73951,0.73972,0.74028,0.73972,0.73951,0.73972,0.74028,0.73972,0.73951,0.73972,0.74028,0.73972,0.73951,0.73972,0.74028,0.73972,0.73951,0.73972,0.74028,0.73972,0.73951,0.73972,0.74028,0.73972,0.73951,0.73972,0.74028,0.73972,0.73951,0.73972,0.74028,0.73972,0.73951,0.73972,0.74028,0.73972,0.73951,0.73972,0.74028,0.73972,0.73951,0.74056,0.74028,0.73798,0.7446,0.73493,0.74028,0.75018,0.72005,0.75945,0.74028,0.69865,0.83841,0.57791
0.77307,0.83261,0.71957,0.79857,0.77307,0.75954,0.78598,0.76624,0.77307,0.77568,0.77002,0.77395,0.77307,0.77248,0.77227,0.77248,0.77307,0.77248,0.77227,0.77248,0.77307,0.77248,0.77227,0.77248,0.77307,0.77248,0.77227,0.77248,0.77307,0.77248,0.77227,0.77248,0.77307,0.77248,0.77227,0.77248,0.77307,0.77248,0.77227,0.77248,0.77307,0.77248,0.77227,0.77248,0.77307,0.77248,0.77227,0.77248,0.77307,0.77248,0.77227,0.77248,0.77307,0.77248,0.77227,0.77248,0.77307,0.77248,0.77227,0.77248,0.77307,0.77248,0.77227,0.77248,0.77307,0.77248,0.77227,0.77248,0.77307,0.77248,0.77227,0.77248,0.77307,0.77248,0.77227,0.77248,0.77307,0.77248,0.77227,0.77248,0.77307,0.77248,0.77227,0.77248,0.77307,0.77248,0.77227,0.77248,0.77307,0.77248,0.77227,0.77248,0.77307,0.77248,0.77227,0.77248,0.77307,0.77248,0.77227,0.77248,0.77307,0.77248,0.77227,0.77248,0.77307,0.77248,0.77227,0.77248,0.77307,0.77248,0.77227,0.77248,0.77307,0.77248,0.77227,0.77248,0.77307,0.77248,0.77227,0.77248,0.77307,0.77248,0.77227,0.77248,0.77307,0.77248,0.77227,0.77248,0.77307,0.77248,0.77227,0.77248,0.77307,0.77248,0.77227,0.77248,0.77307,0.77248,0.77227,0.77248,0.77307,0.77248,0.77227,0.77248,0.77307,0.77248,0.77227,0.77248,0.77307,0.77248,0.77227,0.77248,0.77307,0.77248,0.77227,0.77248,0.77307,0.77248,0.77227,0.77248,0.77307,0.77248,0.77227,0.77248,0.77307,0.77248,0.77227,0.77248,0.77307,0.77248,0.77227,0.77248,0.77307,0.77248,0.77227,0.77248,0.77307,0.77248,0.77227,0.77248,0.77307,0.77248,0.77227,0.77248,0.77307,0.77248,0.77227,0.77248,0.77307,0.77248,0.77227,0.77248,0.77307,0.77248,0.77227,0.77248,0.77307,0.77248,0.77227,0.77248,0.77307,0.77248,0.77227,0.77248,0.77307,0.77248,0.77227,0.77248,0.77307,0.77248,0.77227,0.77248,0.77307,0.77248,0.77227,0.77248,0.77307,0.77248,0.77227,0.77248,0.77307,0.77248,0.77227,0.77248,0.77307,0.77248,0.77227,0.77248,0.77307,0.77248,0.77227,0.77248,0.77307,0.77248,0.77227,0.77248,0.77307,0.77248,0.77227,0.77248,0.77307,0.77248,0.77227,0.77336,0.77307,0.77067,0.77758,0.76749,0.77307,0.78341,0.75194,0.79309,0.77307,0.7296,0.87554,0.60351
0.77183,0.83128,0.71842,0.79729,0.77183,0.75832,0.78472,0.76501,0.77183,0.77443,0.76878,0.77271,0.77183,0.77124,0.77103,0.77124,0.77183,0.77124,0.77103,0.77124,0.77183,0.77124,0.77103,0.77124,0.77183,0.77124,0.77103,0.77124,0.77183,0.77124,0.77103,0.77124,0.77183,0.77124,0.77103,0.77124,0.77183,0.77124,0.77103,0.77124,0.77183,0.77124,0.77103,0.77124,0.77183,0.77124,0.77103,0.77124,0.77183,0.77124,0.77103,0.77124,0.77183,0.77124,0.77103,0.77124,0.77183,0.77124,0.77103,0.77124,0.77183,0.77124,0.77103,0.77124,0.77183,0.77124,0.77103,0.77124,0.77183,0.77124,0.77103,0.77124,0.77183,0.77124,0.77103,0.77124,0.77183,0.77124,0.77103,0.77124,0.77183,0.77124,0.77103,0.77124,0.77183,0.77124,0.77103,0.77124,0.77183,0.77124,0.77103,0.77124,0.77183,0.77124,0.77103,0.77124,0.77183,0.77124,0.77103,0.77124,0.77183,0.77124,0.77103,0.77124,0.77183,0.77124,0.77103,0.77124,0.77183,0.77124,0.77103,0.77124,0.77183,0.77124,0.77103,0.77176,0.77183,0.77018,0.77413,0.76832,0.77183,0.77763,0.75915,0.78329,0.77183,0.74617,0.83141,0.67245,0.31983,0.28443,0.35031,0.30433,0.31983,0.32716,0.31148,0.32324,0.31983,0.31772,0.32082,0.31873,0.31983,0.31959,0.3195,0.31959,0.31983,0.31959,0.3195,0.31959,0.31983,0.31959,0.3195,0.31959,0.31983,0.31959,0.3195,0.31959,0.31983,0.31959,0.3195,0.31959,0.31983,0.31959,0.3195,0.31959,0.31983,0.31959,0.3195,0.31959,0.31983,0.31959,0.3195,0.31959,0.31983,0.31959,0.3195,0.31959,0.31983,0.31959,0.3195,0.31959,0.31983,0.31959,0.3195,0.31959,0.31983,0.31959,0.3195,0.31959,0.31983,0.31959,0.3195,0.31959,0.31983,0.31959,0.3195,0.31959,0.31983,0.31959,0.3195,0.31959,0.31983,0.31959,0.3195,0.31959,0.31983,0.31959,0.3195,0.31959,0.31983,0.31959,0.3195,0.31959,0.31983,0.31959,0.3195,0.31959,0.31983,0.31959,0.3195,0.31959,0.31983,0.31959,0.3195,0.31959,0.31983,0.31959,0.3195,0.31959,0.31983,0.31959,0.3195,0.31959,0.31983,0.31959,0.3195,0.31959,0.31983,0.31959,0.3195,0.31959,0.31983,0.31959,0.3195,0.31995,0.31983,0.31884,0.3217,0.31752,0.31983,0.32411,0.31109,0.32811,0.31983,0.30185,0.36223,0.24968
0.76871,0.82792,0.71552,0.79407,0.76871,0.75526,0.78155,0.76192,0.76871,0.77131,0.76568,0.76959,0.76871,0.76813,0.76791,0.76813,0.76871,0.76813,0.76791,0.76813,0.76871,0.76813,0.76791,0.76813,0.76871,0.76813,0.76791,0.76813,0.76871,0.76813,0.76791,0.76813,0.76871,0.76813,0.76791,0.76813,0.76871,0.76813,0.76791,0.76813,0.76871,0.76813,0.76791,0.76813,0.76871,0.76813,0.76791,0.76813,0.76871,0.76813,0.76791,0.76813,0.76871,0.76813,0.76791,0.76813,0.76871,0.76813,0.76791,0.76813,0.76871,0.76813,0.76791,0.76813,0.76871,0.76813,0.76791,0.76813,0.76871,0.76813,0.76791,0.76813,0.76871,0.76813,0.76791,0.76813,0.76871,0.76813,0.76791,0.76813,0.76871,0.76813,0.76791,0.76813,0.76871,0.76813,0.76791,0.76813,0.76871,0.76813,0.76791,0.76813,0.76871,0.76813,0.76791,0.76813,0.76871,0.76813,0.76791,0.76813,0.76871,0.76813,0.76791,0.76813,0.76871,0.76813,0.76791,0.76813,0.76871,0.76813,0.76791,0.76813,0.76871,0.76813,0.76791,0.76813,0.76871,0.76813,0.76791,0.76813,0.76871,0.76813,0.76791,0.76813,0.76871,0.76813,0.76791,0.76813,0.76871,0.76813,0.76791,0.76813,0.76871,0.76813,0.76791,0.76813,0.76871,0.76813,0.76791,0.76813,0.76871,0.76813,0.76791,0.76813,0.76871,0.76813,0.76791,0.76813,0.76871,0.76813,0.76791,0.76813,0.76871,0.76813,0.76791,0.76813,0.76871,0.76813,0.76791,0.76813,0.76871,0.76813,0.76791,0.76813,0.76871,0.76813,0.76791,0.76813,0.76871,0.76813,0.76791,0.76813,0.76871,0.76813,0.76791,0.76813,0.76871,0.76813,0.76791,0.76813,0.76871,0.76813,0.76791,0.76813,0.76871,0.76813,0.76791,0.76813,0.76871,0.76813,0.76791,0.76813,0.76871,0.76813,0.76791,0.76813,0.76871,0.76813,0.76791,0.76813,0.76871,0.76813,0.76791,0.76813,0.76871,0.76813,0.76791,0.76813,0.76871,0.76813,0.76791,0.76813,0.76871,0.76813,0.76791,0.76813,0.76871,0.76813,0.76791,0.76813,0.76871,0.76813,0.76791,0.76813,0.76871,0.76813,0.76791,0.76813,0.76871,0.76813,0.76791,0.76813,0.76871,0.76813,0.76791,0.76813,0.76871,0.76813,0.76791,0.76813,0.76871,0.76813,0.76791,0.769,0.76871,0.76632,0.7732,0.76316,0.76871,0.77899,0.7477,0.78862,0.76871,0.72548,0.87061,0.60011
0.59814,0.64421,0.55675,0.61787,0.59814,0.58767,0.60813,0.59286,0.59814,0.60016,0.59578,0.59882,0.59814,0.59769,0.59752,0.59769,0.59814,0.59769,0.59752,0.59769,0.59814,0.59769,0.59752,0.59769,0.59814,0.59769,0.59752,0.59769,0.59814,0.59769,0.59752,0.59769,0.59814,0.59769,0.59752,0.59769,0.59814,0.59769,0.59752,0.59769,0.59814,0.59769,0.59752,0.59769,0.59814,0.59769,0.59752,0.59769,0.59814,0.59769,0.59752,0.59769,0.59814,0.59769,0.59752,0.59769,0.59814,0.59769,0.59752,0.59769,0.59814,0.59769,0.59752,0.59769,0.59814,0.59769,0.59752,0.59769,0.59814,0.59769,0.59752,0.59769,0.59814,0.59769,0.59752,0.59769,0.59814,0.59769,0.59752,0.59769,0.59814,0.59769,0.59752,0.59769,0.59814,0.59769,0.59752,0.59769,0.59814,0.59769,0.59752,0.59769,0.59814,0.59769,0.59752,0.59769,0.59814,0.59769,0.59752,0.59769,0.59814,0.59769,0.59752,0.59769,0.59814,0.59769,0.59752,0.59769,0.59814,0.59769,0.59752,0.59769,0.59814,0.59769,0.59752,0.59743,0.59814,0.59823,0.59593,0.59918,0.59814,0.59443,0.60359,0.59154,0.59814,0.61049,0.5667,0.64812,0.82885,0.84617,0.81227,0.83601,0.82885,0.82436,0.83209,0.82637,0.82885,0.82918,0.82732,0.82867,0.82885,0.82823,0.828,0.82823,0.82885,0.82823,0.828,0.82823,0.82885,0.82823,0.828,0.82823,0.82885,0.82823,0.828,0.82823,0.82885,0.82823,0.828,0.82823,0.82885,0.82823,0.828,0.82823,0.82885,0.82823,0.828,0.82823,0.82885,0.82823,0.828,0.82823,0.82885,0.82823,0.828,0.82823,0.82885,0.82823,0.828,0.82823,0.82885,0.82823,0.828,0.82823,0.82885,0.82823,0.828,0.82823,0.82885,0.82823,0.828,0.82823,0.82885,0.82823,0.828,0.82823,0.82885,0.82823,0.828,0.82823,0.82885,0.82823,0.828,0.82823,0.82885,0.82823,0.828,0.82823,0.82885,0.82823,0.828,0.82823,0.82885,0.82823,0.828,0.82823,0.82885,0.82823,0.828,0.82823,0.82885,0.82823,0.828,0.82823,0.82885,0.82823,0.828,0.82823,0.82885,0.82823,0.828,0.82823,0.82885,0.82823,0.828,0.82823,0.82885,0.82823,0.828,0.82823,0.82885,0.82823,0.828,0.82916,0.82885,0.82628,0.83369,0.82287,0.82885,0.83994,0.80621,0.85032,0.82885,0.78225,0.93872,0.64706
0.72581,0.78171,0.67558,0.74976,0.72581,0.71311,0.73793,0.7194,0.72581,0.72826,0.72294,0.72664,0.72581,0.72526,0.72506,0.72526,0.72581,0.72526,0.72506,0.72526,0.72581,0.72526,0.72506,0.72526,0.72581,0.72526,0.72506,0.72526,0.72581,0.72526,0.72506,0.72526,0.72581,0.72526,0.72506,0.72526,0.72581,0.72526,0.72506,0.72526,0.72581,0.72526,0.72506,0.72526,0.72581,0.72526,0.72506,0.72526,0.72581,0.72526,0.72506,0.72526,0.72581,0.72526,0.72506,0.72526,0.72581,0.72526,0.72506,0.72526,0.72581,0.72526,0.72506,0.72526,0.72581,0.72526,0.72506,0.72526,0.72581,0.72526,0.72506,0.72526,0.72581,0.72526,0.72506,0.72526,0.72581,0.72526,0.72506,0.72526,0.72581,0.72526,0.72506,0.72526,0.72581,0.72526,0.72506,0.72526,0.72581,0.72526,0.72506,0.72526,0.72581,0.72526,0.72506,0.72526,0.72581,0.72526,0.72506,0.72526,0.72581,0.72526,0.72506,0.72526,0.72581,0.72526,0.72506,0.72526,0.72581,0.72526,0.72506,0.72526,0.72581,0.72526,0.72506,0.72552,0.72581,0.72471,0.72666,0.72376,0.72581,0.72855,0.71894,0.73146,0.72581,0.71235,0.75616,0.67438,0.49302,0.47455,0.50838,0.4848,0.49302,0.49655,0.48839,0.49453,0.49302,0.49169,0.49319,0.49221,0.49302,0.49265,0.49251,0.49265,0.49302,0.49265,0.49251,0.49265,0.49302,0.49265,0.49251,0.49265,0.49302,0.49265,0.49251,0.49265,0.49302,0.49265,0.49251,0.49265,0.49302,0.49265,0.49251,0.49265,0.49302,0.49265,0.49251,0.49265,0.49302,0.49265,0.49251,0.49265,0.49302,0.49265,0.49251,0.49265,0.49302,0.49265,0.49251,0.49265,0.49302,0.49265,0.49251,0.49265,0.49302,0.49265,0.49251,0.49265,0.49302,0.49265,0.49251,0.49265,0.49302,0.49265,0.49251,0.49265,0.49302,0.49265,0.49251,0.49265,0.49302,0.49265,0.49251,0.49265,0.49302,0.49265,0.49251,0.49265,0.49302,0.49265,0.49251,0.49265,0.49302,0.49265,0.49251,0.49265,0.49302,0.49265,0.49251,0.49265,0.49302,0.49265,0.49251,0.49265,0.49302,0.49265,0.49251,0.49265,0.49302,0.49265,0.49251,0.49265,0.49302,0.49265,0.49251,0.49265,0.49302,0.49265,0.49251,0.49265,0.49302,0.49265,0.49251,0.49321,0.49302,0.49149,0.4959,0.48946,0.49302,0.49962,0.47955,0.50579,0.49302,0.4653,0.55838,0.38489
0.80322,0.86508,0.74763,0.82972,0.80322,0.78916,0.81663,0.79612,0.80322,0.80593,0.80004,0.80414,0.80322,0.80261,0.80238,0.80261,0.80322,0.80261,0.80238,0.80261,0.80322,0.80261,0.80238,0.80261,0.80322,0.80261,0.80238,0.80261,0.80322,0.80261,0.80238,0.80261,0.80322,0.80261,0.80238,0.80261,0.80322,0.80261,0.80238,0.80261,0.80322,0.80261,0.80238,0.80261,0.80322,0.80261,0.80238,0.80261,0.80322,0.80261,0.80238,0.80261,0.80322,0.80261,0.80238,0.80261,0.80322,0.80261,0.80238,0.80261,0.80322,0.80261,0.80238,0.80261,0.80322,0.80261,0.80238,0.80261,0.80322,0.80261,0.80238,0.80261,0.80322,0.80261,0.80238,0.80261,0.80322,0.80261,0.80238,0.80261,0.80322,0.80261,0.80238,0.80261,0.80322,0.80261,0.80238,0.80261,0.80322,0.80261,0.80238,0.80261,0.80322,0.80261,0.80238,0.80261,0.80322,0.80261,0.80238,0.80261,0.80322,0.80261,0.80238,0.80261,0.80322,0.80261,0.80238,0.80261,0.80322,0.80261,0.80238,0.80261,0.80322,0.80261,0.80238,0.80261,0.80322,0.80261,0.80238,0.80261,0.80322,0.80261,0.80238,0.80261,0.80322,0.80261,0.80238,0.80261,0.80322,0.80261,0.80238,0.80261,0.80322,0.80261,0.80238,0.80261,0.80322,0.80261,0.80238,0.80261,0.80322,0.80261,0.80238,0.80261,0.80322,0.80261,0.80238,0.80261,0.80322,0.80261,0.80238,0.80261,0.80322,0.80261,0.80238,0.80261,0.80322,0.80261,0.80238,0.80261,0.80322,0.80261,0.80238,0.80261,0.80322,0.80261,0.80238,0.80261,0.80322,0.80261,0.80238,0.80261,0.80322,0.80261,0.80238,0.80261,0.80322,0.80261,0.80238,0.80261,0.80322,0.80261,0.80238,0.80261,0.80322,0.80261,0.80238,0.80261,0.80322,0.80261,0.80238,0.80261,0.80322,0.80261,0.80238,0.80261,0.80322,0.80261,0.80238,0.80261,0.80322,0.80261,0.80238,0.80261,0.80322,0.80261,0.80238,0.80261,0.80322,0.80261,0.80238,0.80261,0.80322,0.80261,0.80238,0.80261,0.80322,0.80261,0.80238,0.80261,0.80322,0.80261,0.80238,0.80261,0.80322,0.80261,0.80238,0.80261,0.80322,0.80261,0.80238,0.80261,0.80322,0.80261,0.80238,0.80261,0.80322,0.80261,0.80238,0.80261,0.80322,0.80261,0.80238,0.80352,0.80322,0.80072,0.8079,0.79742,0.80322,0.81396,0.78127,0.82401,0.80322,0.75805,0.90969,0.62705
0.75679,0.81508,0.70442,0.78176,0.75679,0.74355,0.76943,0.75011,0.75679,0.75935,0.75381,0.75766,0.75679,0.75622,0.75601,0.75622,0.75679,0.75622,0.75601,0.75622,0.75679,0.75622,0.75601,0.75622,0.75679,0.75622,0.75601,0.75622,0.75679,0.75622,0.75601,0.75622,0.75679,0.75622,0.75601,0.75622,0.75679,0.75622,0.75601,0.75622,0.75679,0.75622,0.75601,0.75622,0.75679,0.75622,0.75601,0.75622,0.75679,0.75622,0.75601,0.75622,0.75679,0.75622,0.75601,0.75622,0.75679,0.75622,0.75601,0.75622,0.75679,0.75622,0.75601,0.75622,0.75679,0.75622,0.75601,0.75622,0.75679,0.75622,0.75601,0.75622,0.75679,0.75622,0.75601,0.75622,0.75679,0.75622,0.75601,0.75622,0.75679,0.75622,0.75601,0.75622,0.75679,0.75622,0.75601,0.75622,0.75679,0.75622,0.75601,0.75622,0.75679,0.75622,0.75601,0.75622,0.75679,0.75622,0.75601,0.75622,0.75679,0.75622,0.75601,0.75622,0.75679,0.75622,0.75601,0.75622,0.75679,0.75622,0.75601,0.75622,0.75679,0.75622,0.75601,0.7568,0.75679,0.75501,0.75954,0.7529,0.75679,0.76348,0.7425,0.76992,0.75679,0.72771,0.82466,0.64389,0.24289,0.20273,0.27767,0.22536,0.24289,0.25131,0.23352,0.24685,0.24289,0.24058,0.24413,0.24173,0.24289,0.2427,0.24264,0.2427,0.24289,0.2427,0.24264,0.2427,0.24289,0.2427,0.24264,0.2427,0.24289,0.2427,0.24264,0.2427,0.24289,0.2427,0.24264,0.2427,0.24289,0.2427,0.24264,0.2427,0.24289,0.2427,0.24264,0.2427,0.24289,0.2427,0.24264,0.2427,0.24289,0.2427,0.24264,0.2427,0.24289,0.2427,0.24264,0.2427,0.24289,0.2427,0.24264,0.2427,0.24289,0.2427,0.24264,0.2427,0.24289,0.2427,0.24264,0.2427,0.24289,0.2427,0.24264,0.2427,0.24289,0.2427,0.24264,0.2427,0.24289,0.2427,0.24264,0.2427,0.24289,0.2427,0.24264,0.2427,0.24289,0.2427,0.24264,0.2427,0.24289,0.2427,0.24264,0.2427,0.24289,0.2427,0.24264,0.2427,0.24289,0.2427,0.24264,0.2427,0.24289,0.2427,0.24264,0.2427,0.24289,0.2427,0.24264,0.2427,0.24289,0.2427,0.24264,0.2427,0.24289,0.2427,0.24264,0.2427,0.24289,0.2427,0.24264,0.24298,0.24289,0.24213,0.2443,0.24113,0.24289,0.24614,0.23625,0.24918,0.24289,0.22923,0.27508,0.18961
0.5476,0.58977,0.5097,0.56566,0.5476,0.53801,0.55674,0.54276,0.5476,0.54945,0.54543,0.54822,0.5476,0.54718,0.54703,0.54718,0.5476,0.54718,0.54703,0.547,0.5476,0.54756,0.54593,0.54821,0.5476,0.54493,0.55122,0.54294,0.5476,0.55602,0.52575,0.582,0.70691,0.71877,0.69532,0.71175,0.70691,0.70371,0.709,0.70509,0.70691,0.70704,0.70572,0.70668,0.70691,0.70638,0.70618,0.70638,0.70691,0.70638,0.70618,0.70645,0.70691,0.70622,0.70663,0.70596,0.70691,0.7073,0.70447,0.70811,0.70691,0.70277,0.71486,0.69218,0.64196,0.63642,0.64572,0.63928,0.64196,0.64256,0.64014,0.642,0.64196,0.6412,0.64148,0.64135,0.64196,0.64147,0.64129,0.64147,0.64196,0.64147,0.64129,0.64159,0.64196,0.64124,0.64198,0.64082,0.64196,0.64289,0.63865,0.64415,0.64196,0.63589,0.65473,0.61949,0.54136,0.53313,0.54766,0.53756,0.54136,0.54264,0.53902,0.54177,0.54136,0.54054,0.5411,0.54076,0.54136,0.54096,0.5408,0.54096,0.54136,0.54096,0.5408,0.54089,0.54136,0.5411,0.54039,0.54134,0.54136,0.54011,0.54238,0.53935,0.54136,0.54429,0.53277,0.55409,0.60147,0.6057,0.59675,0.60305,0.60147,0.60001,0.60192,0.60053,0.60147,0.60127,0.60068,0.60113,0.60147,0.60102,0.60085,0.60102,0.60147,0.60102,0.60085,0.60103,0.60147,0.601,0.60092,0.60095,0.60147,0.60116,0.60058,0.60129,0.60147,0.60046,0.60221,0.59879,0.59129,0.59006,0.59138,0.5905,0.59129,0.59102,0.5905,0.59093,0.59129,0.59081,0.59071,0.59083,0.59129,0.59085,0.59068,0.59085,0.59129,0.59085,0.59068,0.5907,0.59129,0.59115,0.58979,0.59169,0.59129,0.58902,0.59409,0.58739,0.59129,0.59804,0.57336,0.6192,0.721,0.73055,0.71141,0.72484,0.721,0.71829,0.72256,0.71941,0.721,0.72099,0.71988,0.7207,0.721,0.72046,0.72026,0.72046,0.721,0.72046,0.72026,0.72063,0.721,0.72009,0.72132,0.71946,0.721,0.72264,0.71619,0.72458,0.721,0.71188,0.7409,0.68667,0.56644,0.55399,0.57639,0.5608,0.56644,0.5686,0.56311,0.56726,0.56644,0.56537,0.56631,0.56572,0.56644,0.56601,0.56586,0.56601,0.56644,0.56601,0.56586,0.56665,0.56644,0.56468,0.56975,0.56235,0.56644,0.57402,0.55096,0.58111,0.56644,0.53459,0.64153,0.4422
0.84187,0.90671,0.78361,0.86965,0.84187,0.82714,0.85593,0.83444,0.84187,0.84471,0.83855,0.84283,0.84187,0.84123,0.841,0.84123,0.84187,0.84123,0.841,0.84123,0.84187,0.84123,0.841,0.84123,0.84187,0.84123,0.841,0.84123,0.84187,0.84123,0.841,0.84123,0.84187,0.84123,0.841,0.84123,0.84187,0.84123,0.841,0.84123,0.84187,0.84123,0.841,0.84123,0.84187,0.84123,0.841,0.84123,0.84187,0.84123,0.841,0.84123,0.84187,0.84123,0.841,0.84123,0.84187,0.84123,0.841,0.84123,0.84187,0.84123,0.841,0.84123,0.84187,0.84123,0.841,0.84123,0.84187,0.84123,0.841,0.84123,0.84187,0.84123,0.841,0.84123,0.84187,0.84123,0.841,0.84123,0.84187,0.84123,0.841,0.84123,0.84187,0.84123,0.841,0.84123,0.84187,0.84123,0.841,0.84123,0.84187,0.84123,0.841,0.84123,0.84187,0.84123,0.841,0.84123,0.84187,0.84123,0.841,0.84123,0.84187,0.84123,0.841,0.84123,0.84187,0.84123,0.841,0.84123,0.84187,0.84123,0.841,0.84179,0.84187,0.84008,0.84437,0.83806,0.84187,0.84818,0.82809,0.85432,0.84187,0.81399,0.90662,0.73387,0.35068,0.31221,0.3838,0.33384,0.35068,0.35864,0.34161,0.35438,0.35068,0.34839,0.35175,0.34949,0.35068,0.35042,0.35032,0.35042,0.35068,0.35042,0.35032,0.35042,0.35068,0.35042,0.35032,0.35042,0.35068,0.35042,0.35032,0.35042,0.35068,0.35042,0.35032,0.35042,0.35068,0.35042,0.35032,0.35042,0.35068,0.35042,0.35032,0.35042,0.35068,0.35042,0.35032,0.35042,0.35068,0.35042,0.35032,0.35042,0.35068,0.35042,0.35032,0.35042,0.35068,0.35042,0.35032,0.35042,0.35068,0.35042,0.35032,0.35042,0.35068,0.35042,0.35032,0.35042,0.35068,0.35042,0.35032,0.35042,0.35068,0.35042,0.35032,0.35042,0.35068,0.35042,0.35032,0.35042,0.35068,0.35042,0.35032,0.35042,0.35068,0.35042,0.35032,0.35042,0.35068,0.35042,0.35032,0.35042,0.35068,0.35042,0.35032,0.35042,0.35068,0.35042,0.35032,0.35042,0.35068,0.35042,0.35032,0.35042,0.35068,0.35042,0.35032,0.35042,0.35068,0.35042,0.35032,0.35042,0.35068,0.35042,0.35032,0.35042,0.35068,0.35042,0.35032,0.35081,0.35068,0.34959,0.35273,0.34815,0.35068,0.35537,0.3411,0.35976,0.35068,0.33096,0.39717,0.27377
0.11562,0.12452,0.10762,0.11943,0.11562,0.11359,0.11755,0.11459,0.11562,0.11601,0.11516,0.11575,0.11562,0.11553,0.1155,0.11553,0.11562,0.11553,0.1155,0.11553,0.11562,0.11553,0.1155,0.11553,0.11562,0.11553,0.1155,0.11553,0.11562,0.11553,0.1155,0.11553,0.11562,0.11553,0.1155,0.11553,0.11562,0.11553,0.1155,0.11553,0.11562,0.11553,0.1155,0.11553,0.11562,0.11553,0.1155,0.11553,0.11562,0.11553,0.1155,0.11553,0.11562,0.11553,0.1155,0.11553,0.11562,0.11553,0.1155,0.11553,0.11562,0.11553,0.1155,0.11553,0.11562,0.11553,0.1155,0.11553,0.11562,0.11553,0.1155,0.11553,0.11562,0.11553,0.1155,0.11553,0.11562,0.11553,0.1155,0.11553,0.11562,0.11553,0.1155,0.11553,0.11562,0.11553,0.1155,0.11553,0.11562,0.11553,0.1155,0.11553,0.11562,0.11553,0.1155,0.11553,0.11562,0.11553,0.1155,0.11553,0.11562,0.11553,0.1155,0.11553,0.11562,0.11553,0.1155,0.11553,0.11562,0.11553,0.1155,0.11553,0.11562,0.11553,0.1155,0.11464,0.11562,0.11737,0.11011,0.1206,0.11562,0.10444,0.13612,0.094628,0.11562,0.15904,0.010726,0.28695,0.89988,0.9602,0.84549,0.92567,0.89988,0.88607,0.91286,0.89287,0.89988,0.90244,0.89667,0.90069,0.89988,0.8992,0.89895,0.8992,0.89988,0.8992,0.89895,0.8992,0.89988,0.8992,0.89895,0.8992,0.89988,0.8992,0.89895,0.8992,0.89988,0.8992,0.89895,0.8992,0.89988,0.8992,0.89895,0.8992,0.89988,0.8992,0.89895,0.8992,0.89988,0.8992,0.89895,0.8992,0.89988,0.8992,0.89895,0.8992,0.89988,0.8992,0.89895,0.8992,0.89988,0.8992,0.89895,0.8992,0.89988,0.8992,0.89895,0.8992,0.89988,0.8992,0.89895,0.8992,0.89988,0.8992,0.89895,0.8992,0.89988,0.8992,0.89895,0.8992,0.89988,0.8992,0.89895,0.8992,0.89988,0.8992,0.89895,0.8992,0.89988,0.8992,0.89895,0.8992,0.89988,0.8992,0.89895,0.8992,0.89988,0.8992,0.89895,0.8992,0.89988,0.8992,0.89895,0.8992,0.89988,0.8992,0.89895,0.8992,0.89988,0.8992,0.89895,0.8992,0.89988,0.8992,0.89895,0.8992,0.89988,0.8992,0.89895,0.8992,0.89988,0.8992,0.89895,0.90022,0.89988,0.89709,0.90513,0.89338,0.89988,0.91192,0.87529,0.92318,0.89988,0.84928,1.0192,0.70251
0.82623,0.88987,0.76905,0.85349,0.82623,0.81177,0.84003,0.81894,0.82623,0.82902,0.82297,0.82718,0.82623,0.82561,0.82537,0.82561,0.82623,0.82561,0.82537,0.82561,0.82623,0.82561,0.82537,0.82561,0.82623,0.82561,0.82537,0.82561,0.82623,0.82561,0.82537,0.82561,0.82623,0.82561,0.82537,0.82561,0.82623,0.82561,0.82537,0.82561,0.82623,0.82561,0.82537,0.82561,0.82623,0.82561,0.82537,0.82561,0.82623,0.82561,0.82537,0.82561,0.82623,0.82561,0.82537,0.82561,0.82623,0.82561,0.82537,0.82561,0.82623,0.82561,0.82537,0.82561,0.82623,0.82561,0.82537,0.82561,0.82623,0.82561,0.82537,0.82561,0.82623,0.82561,0.82537,0.82561,0.82623,0.82561,0.82537,0.82561,0.82623,0.82561,0.82537,0.82561,0.82623,0.82561,0.82537,0.82561,0.82623,0.82561,0.82537,0.82561,0.82623,0.82561,0.82537,0.82561,0.82623,0.82561,0.82537,0.82561,0.82623,0.82561,0.82537,0.82561,0.82623,0.82561,0.82537,0.82561,0.82623,0.82561,0.82537,0.82561,0.82623,0.82561,0.82537,0.82561,0.82623,0.82561,0.82537,0.82561,0.82623,0.82561,0.82537,0.82561,0.82623,0.82561,0.82537,0.82561,0.82623,0.82561,0.82537,0.82561,0.82623,0.82561,0.82537,0.82561,0.82623,0.82561,0.82537,0.82561,0.82623,0.82561,0.82537,0.82561,0.82623,0.82561,0.82537,0.82561,0.82623,0.82561,0.82537,0.82561,0.82623,0.82561,0.82537,0.82561,0.82623,0.82561,0.82537,0.82561,0.82623,0.82561,0.82537,0.82561,0.82623,0.82561,0.82537,0.82561,0.82623,0.82561,0.82537,0.82561,0.82623,0.82561,0.82537,0.82561,0.82623,0.82561,0.82537,0.82561,0.82623,0.82561,0.82537,0.82561,0.82623,0.82561,0.82537,0.82561,0.82623,0.82561,0.82537,0.82561,0.82623,0.82561,0.82537,0.82561,0.82623,0.82561,0.82537,0.82561,0.82623,0.82561,0.82537,0.82561,0.82623,0.82561,0.82537,0.82561,0.82623,0.82561,0.82537,0.82561,0.82623,0.82561,0.82537,0.82561,0.82623,0.82561,0.82537,0.82561,0.82623,0.82561,0.82537,0.82561,0.82623,0.82561,0.82537,0.82561,0.82623,0.82561,0.82537,0.82561,0.82623,0.82561,0.82537,0.82561,0.82623,0.82561,0.82537,0.82561,0.82623,0.82561,0.82537,0.82654,0.82623,0.82366,0.83105,0.82026,0.82623,0.83728,0.80365,0.84762,0.82623,0.77977,0.93575,0.64501
0.30309,0.32644,0.28212,0.3131,0.30309,0.29779,0.30816,0.30042,0.30309,0.30412,0.3019,0.30344,0.30309,0.30287,0.30278,0.30287,0.30309,0.30287,0.30278,0.30287,0.30309,0.30287,0.30278,0.30287,0.30309,0.30287,0.30278,0.30287,0.30309,0.30287,0.30278,0.30287,0.30309,0.30287,0.30278,0.30287,0.30309,0.30287,0.30278,0.30287,0.30309,0.30287,0.30278,0.30287,0.30309,0.30287,0.30278,0.30287,0.30309,0.30287,0.30278,0.30287,0.30309,0.30287,0.30278,0.30287,0.30309,0.30287,0.30278,0.30287,0.30309,0.30287,0.30278,0.30287,0.30309,0.30287,0.30278,0.30287,0.30309,0.30287,0.30278,0.30287,0.30309,0.30287,0.30278,0.30287,0.30309,0.30287,0.30278,0.30287,0.30309,0.30287,0.30278,0.30287,0.30309,0.30287,0.30278,0.30287,0.30309,0.30287,0.30278,0.30287,0.30309,0.30287,0.30278,0.30287,0.30309,0.30287,0.30278,0.30287,0.30309,0.30287,0.30278,0.30287,0.30309,0.30287,0.30278,0.30287,0.30309,0.30287,0.30278,0.30287,0.30309,0.30287,0.30278,0.30222,0.30309,0.30421,0.29886,0.30655,0.30309,0.29481,0.31777,0.28767,0.30309,0.3345,0.22661,0.42749,0.87326,0.91695,0.83349,0.89185,0.87326,0.86306,0.88247,0.868,0.87326,0.87496,0.8707,0.87369,0.87326,0.8726,0.87236,0.8726,0.87326,0.8726,0.87236,0.8726,0.87326,0.8726,0.87236,0.8726,0.87326,0.8726,0.87236,0.8726,0.87326,0.8726,0.87236,0.8726,0.87326,0.8726,0.87236,0.8726,0.87326,0.8726,0.87236,0.8726,0.87326,0.8726,0.87236,0.8726,0.87326,0.8726,0.87236,0.8726,0.87326,0.8726,0.87236,0.8726,0.87326,0.8726,0.87236,0.8726,0.87326,0.8726,0.87236,0.8726,0.87326,0.8726,0.87236,0.8726,0.87326,0.8726,0.87236,0.8726,0.87326,0.8726,0.87236,0.8726,0.87326,0.8726,0.87236,0.8726,0.87326,0.8726,0.87236,0.8726,0.87326,0.8726,0.87236,0.8726,0.87326,0.8726,0.87236,0.8726,0.87326,0.8726,0.87236,0.8726,0.87326,0.8726,0.87236,0.8726,0.87326,0.8726,0.87236,0.8726,0.87326,0.8726,0.87236,0.8726,0.87326,0.8726,0.87236,0.8726,0.87326,0.8726,0.87236,0.8726,0.87326,0.8726,0.87236,0.87359,0.87326,0.87055,0.87836,0.86696,0.87326,0.88495,0.8494,0.89588,0.87326,0.82416,0.98902,0.68173
0.70418,0.75842,0.65545,0.72741,0.70418,0.69186,0.71594,0.69796,0.70418,0.70656,0.7014,0.70499,0.70418,0.70365,0.70345,0.70365,0.70418,0.70365,0.70345,0.70365,0.70418,0.70365,0.70345,0.70365,0.70418,0.70365,0.70345,0.70365,0.70418,0.70365,0.70345,0.70365,0.70418,0.70365,0.70345,0.70365,0.70418,0.70365,0.70345,0.70365,0.70418,0.70365,0.70345,0.70365,0.70418,0.70365,0.70345,0.70365,0.70418,0.70365,0.70345,0.70365,0.70418,0.70365,0.70345,0.70365,0.70418,0.70365,0.70345,0.70365,0.70418,0.70365,0.70345,0.70365,0.70418,0.70365,0.70345,0.70365,0.70418,0.70365,0.70345,0.70365,0.70418,0.70365,0.70345,0.70365,0.70418,0.70365,0.70345,0.70365,0.70418,0.70365,0.70345,0.70365,0.70418,0.70365,0.70345,0.70365,0.70418,0.70365,0.70345,0.70365,0.70418,0.70365,0.70345,0.70365,0.70418,0.70365,0.70345,0.70365,0.70418,0.70365,0.70345,0.70365,0.70418,0.70365,0.70345,0.70365,0.70418,0.70365,0.70345,0.70365,0.70418,0.70365,0.70345,0.70365,0.70418,0.70365,0.70345,0.70365,0.70418,0.70365,0.70345,0.70365,0.70418,0.70365,0.70345,0.70365,0.70418,0.70365,0.70345,0.70365,0.70418,0.70365,0.70345,0.70365,0.70418,0.70365,0.70345,0.70365,0.70418,0.70365,0.70345,0.70365,0.70418,0.70365,0.70345,0.70365,0.70418,0.70365,0.70345,0.70365,0.70418,0.70365,0.70345,0.70365,0.70418,0.70365,0.70345,0.70365,0.70418,0.70365,0.70345,0.70365,0.70418,0.70365,0.70345,0.70365,0.70418,0.70365,0.70345,0.70365,0.70418,0.70365,0.70345,0.70365,0.70418,0.70365,0.70345,0.70365,0.70418,0.70365,0.70345,0.70365,0.70418,0.70365,0.70345,0.70365,0.70418,0.70365,0.70345,0.70365,0.70418,0.70365,0.70345,0.70365,0.70418,0.70365,0.70345,0.70365,0.70418,0.70365,0.70345,0.70365,0.70418,0.70365,0.70345,0.70365,0.70418,0.70365,0.70345,0.70365,0.70418,0.70365,0.70345,0.70365,0.70418,0.70365,0.70345,0.70365,0.70418,0.70365,0.70345,0.70365,0.70418,0.70365,0.70345,0.70365,0.70418,0.70365,0.70345,0.70365,0.70418,0.70365,0.70345,0.70365,0.70418,0.70365,0.70345,0.70365,0.70418,0.70365,0.70345,0.70444,0.70418,0.70199,0.70829,0.6991,0.70418,0.7136,0.68494,0.72241,0.70418,0.66458,0.79752,0.54973
0.80754,0.86974,0.75166,0.83418,0.80754,0.79341,0.82102,0.80041,0.80754,0.81027,0.80435,0.80846,0.80754,0.80693,0.8067,0.80693,0.80754,0.80693,0.8067,0.80693,0.80754,0.80693,0.8067,0.80693,0.80754,0.80693,0.8067,0.80693,0.80754,0.80693,0.8067,0.80693,0.80754,0.80693,0.8067,0.80693,0.80754,0.80693,0.8067,0.80693,0.80754,0.80693,0.8067,0.80693,0.80754,0.80693,0.8067,0.80693,0.80754,0.80693,0.8067,0.80693,0.80754,0.80693,0.8067,0.80693,0.80754,0.80693,0.8067,0.80693,0.80754,0.80693,0.8067,0.80693,0.80754,0.80693,0.8067,0.80693,0.80754,0.80693,0.8067,0.80693,0.80754,0.80693,0.8067,0.80693,0.80754,0.80693,0.8067,0.80693,0.80754,0.80693,0.8067,0.80693,0.80754,0.80693,0.8067,0.80693,0.80754,0.80693,0.8067,0.80693,0.80754,0.80693,0.8067,0.80693,0.80754,0.80693,0.8067,0.80693,0.80754,0.80693,0.8067,0.80693,0.80754,0.80693,0.8067,0.80693,0.80754,0.80693,0.8067,0.80693,0.80754,0.80693,0.8067,0.80693,0.80754,0.80693,0.8067,0.80693,0.80754,0.80693,0.8067,0.80693,0.80754,0.80693,0.8067,0.80693,0.80754,0.80693,0.8067,0.80693,0.80754,0.80693,0.8067,0.80693,0.80754,0.80693,0.8067,0.80693,0.80754,0.80693,0.8067,0.80693,0.80754,0.80693,0.8067,0.80693,0.80754,0.80693,0.8067,0.80693,0.80754,0.80693,0.8067,0.80693,0.80754,0.80693,0.8067,0.80693,0.80754,0.80693,0.8067,0.80693,0.80754,0.80693,0.8067,0.80693,0.80754,0.80693,0.8067,0.80693,0.80754,0.80693,0.8067,0.80693,0.80754,0.80693,0.8067,0.80693,0.80754,0.80693,0.8067,0.80693,0.80754,0.80693,0.8067,0.80693,0.80754,0.80693,0.8067,0.80693,0.80754,0.80693,0.8067,0.80693,0.80754,0.80693,0.8067,0.80693,0.80754,0.80693,0.8067,0.80693,0.80754,0.80693,0.8067,0.80693,0.80754,0.80693,0.8067,0.80693,0.80754,0.80693,0.8067,0.80693,0.80754,0.80693,0.8067,0.80693,0.80754,0.80693,0.8067,0.80693,0.80754,0.80693,0.8067,0.80693,0.80754,0.80693,0.8067,0.80693,0.80754,0.80693,0.8067,0.80693,0.80754,0.80693,0.8067,0.80693,0.80754,0.80693,0.8067,0.80784,0.80754,0.80503,0.81225,0.80171,0.80754,0.81834,0.78547,0.82845,0.80754,0.76213,0.91458,0.63042
0.83042,0.89438,0.77295,0.85782,0.83042,0.81588,0.84428,0.82309,0.83042,0.83322,0.82714,0.83137,0.83042,0.82979,0.82956,0.82979,0.83042,0.82979,0.82956,0.82979,0.83042,0.82979,0.82956,0.82979,0.83042,0.82979,0.82956,0.82979,0.83042,0.82979,0.82956,0.82979,0.83042,0.82979,0.82956,0.82979,0.83042,0.82979,0.82956,0.82979,0.83042,0.82979,0.82956,0.82979,0.83042,0.82979,0.82956,0.82979,0.83042,0.82979,0.82956,0.82979,0.83042,0.82979,0.82956,0.82979,0.83042,0.82979,0.82956,0.82979,0.83042,0.82979,0.82956,0.82979,0.83042,0.82979,0.82956,0.82979,0.83042,0.82979,0.82956,0.82979,0.83042,0.82979,0.82956,0.82979,0.83042,0.82979,0.82956,0.82979,0.83042,0.82979,0.82956,0.82979,0.83042,0.82979,0.82956,0.82979,0.83042,0.82979,0.82956,0.82979,0.83042,0.82979,0.82956,0.82979,0.83042,0.82979,0.82956,0.82979,0.83042,0.82979,0.82956,0.82979,0.83042,0.82979,0.82956,0.82979,0.83042,0.82979,0.82956,0.82979,0.83042,0.82979,0.82956,0.83001,0.83042,0.82933,0.83092,0.82851,0.83042,0.83258,0.82436,0.83505,0.83042,0.81883,0.85595,0.78661,0.63288,0.61704,0.64569,0.62574,0.63288,0.63571,0.62872,0.634,0.63288,0.63159,0.6328,0.63203,0.63288,0.6324,0.63223,0.6324,0.63288,0.6324,0.63223,0.6324,0.63288,0.6324,0.63223,0.6324,0.63288,0.6324,0.63223,0.6324,0.63288,0.6324,0.63223,0.6324,0.63288,0.6324,0.63223,0.6324,0.63288,0.6324,0.63223,0.6324,0.63288,0.6324,0.63223,0.6324,0.63288,0.6324,0.63223,0.6324,0.63288,0.6324,0.63223,0.6324,0.63288,0.6324,0.63223,0.6324,0.63288,0.6324,0.63223,0.6324,0.63288,0.6324,0.63223,0.6324,0.63288,0.6324,0.63223,0.6324,0.63288,0.6324,0.63223,0.6324,0.63288,0.6324,0.63223,0.6324,0.63288,0.6324,0.63223,0.6324,0.63288,0.6324,0.63223,0.6324,0.63288,0.6324,0.63223,0.6324,0.63288,0.6324,0.63223,0.6324,0.63288,0.6324,0.63223,0.6324,0.63288,0.6324,0.63223,0.6324,0.63288,0.6324,0.63223,0.6324,0.63288,0.6324,0.63223,0.6324,0.63288,0.6324,0.63223,0.6324,0.63288,0.6324,0.63223,0.63312,0.63288,0.63092,0.63658,0.62831,0.63288,0.64135,0.61559,0.64927,0.63288,0.59729,0.71677,0.49407
0.80122,0.86293,0.74578,0.82766,0.80122,0.7872,0.8146,0.79415,0.80122,0.80393,0.79806,0.80214,0.80122,0.80061,0.80039,0.80061,0.80122,0.80061,0.80039,0.80061,0.80122,0.80061,0.80039,0.80061,0.80122,0.80061,0.80039,0.80061,0.80122,0.80061,0.80039,0.80061,0.80122,0.80061,0.80039,0.80061,0.80122,0.80061,0.80039,0.80061,0.80122,0.80061,0.80039,0.80061,0.80122,0.80061,0.80039,0.80061,0.80122,0.80061,0.80039,0.80061,0.80122,0.80061,0.80039,0.80061,0.80122,0.80061,0.80039,0.80061,0.80122,0.80061,0.80039,0.80061,0.80122,0.80061,0.80039,0.80061,0.80122,0.80061,0.80039,0.80061,0.80122,0.80061,0.80039,0.80061,0.80122,0.80061,0.80039,0.80061,0.80122,0.80061,0.80039,0.80061,0.80122,0.80061,0.80039,0.80061,0.80122,0.80061,0.80039,0.80061,0.80122,0.80061,0.80039,0.80061,0.80122,0.80061,0.80039,0.80061,0.80122,0.80061,0.80039,0.80061,0.80122,0.80061,0.80039,0.80061,0.80122,0.80061,0.80039,0.80061,0.80122,0.80061,0.80039,0.80061,0.80122,0.80061,0.80039,0.80061,0.80122,0.80061,0.80039,0.80061,0.80122,0.80061,0.80039,0.80061,0.80122,0.80061,0.80039,0.80061,0.80122,0.80061,0.80039,0.80061,0.80122,0.80061,0.80039,0.80061,0.80122,0.80061,0.80039,0.80061,0.80122,0.80061,0.80039,0.80061,0.80122,0.80061,0.80039,0.80061,0.80122,0.80061,0.80039,0.80061,0.80122,0.80061,0.80039,0.80061,0.80122,0.80061,0.80039,0.80061,0.80122,0.80061,0.80039,0.80061,0.80122,0.80061,0.80039,0.80061,0.80122,0.80061,0.80039,0.80061,0.80122,0.80061,0.80039,0.80061,0.80122,0.80061,0.80039,0.80061,0.80122,0.80061,0.80039,0.80061,0.80122,0.80061,0.80039,0.80061,0.80122,0.80061,0.80039,0.80061,0.80122,0.80061,0.80039,0.80061,0.80122,0.80061,0.80039,0.80061,0.80122,0.80061,0.80039,0.80061,0.80122,0.80061,0.80039,0.80061,0.80122,0.80061,0.80039,0.80061,0.80122,0.80061,0.80039,0.80061,0.80122,0.80061,0.80039,0.80061,0.80122,0.80061,0.80039,0.80061,0.80122,0.80061,0.80039,0.80061,0.80122,0.80061,0.80039,0.80061,0.80122,0.80061,0.80039,0.80061,0.80122,0.80061,0.80039,0.80152,0.80122,0.79873,0.8059,0.79543,0.80122,0.81194,0.77933,0.82197,0.80122,0.75617,0.90743,0.62549
0.87075,0.93782,0.8105,0.89948,0.87075,0.85551,0.88529,0.86307,0.87075,0.8737,0.86732,0.87175,0.87075,0.8701,0.86985,0.8701,0.87075,0.8701,0.86985,0.8701,0.87075,0.8701,0.86985,0.8701,0.87075,0.8701,0.86985,0.8701,0.87075,0.8701,0.86985,0.8701,0.87075,0.8701,0.86985,0.8701,0.87075,0.8701,0.86985,0.8701,0.87075,0.8701,0.86985,0.8701,0.87075,0.8701,0.86985,0.8701,0.87075,0.8701,0.86985,0.8701,0.87075,0.8701,0.86985,0.8701,0.87075,0.8701,0.86985,0.8701,0.87075,0.8701,0.86985,0.8701,0.87075,0.8701,0.86985,0.8701,0.87075,0.8701,0.86985,0.8701,0.87075,0.8701,0.86985,0.8701,0.87075,0.8701,0.86985,0.8701,0.87075,0.8701,0.86985,0.8701,0.87075,0.8701,0.86985,0.8701,0.87075,0.8701,0.86985,0.8701,0.87075,0.8701,0.86985,0.8701,0.87075,0.8701,0.86985,0.8701,0.87075,0.8701,0.86985,0.8701,0.87075,0.8701,0.86985,0.8701,0.87075,0.8701,0.86985,0.8701,0.87075,0.8701,0.86985,0.8701,0.87075,0.8701,0.86985,0.8701,0.87075,0.8701,0.86985,0.8701,0.87075,0.8701,0.86985,0.8701,0.87075,0.8701,0.86985,0.8701,0.87075,0.8701,0.86985,0.8701,0.87075,0.8701,0.86985,0.8701,0.87075,0.8701,0.86985,0.8701,0.87075,0.8701,0.86985,0.8701,0.87075,0.8701,0.86985,0.8701,0.87075,0.8701,0.86985,0.8701,0.87075,0.8701,0.86985,0.8701,0.87075,0.8701,0.86985,0.8701,0.87075,0.8701,0.86985,0.8701,0.87075,0.8701,0.86985,0.8701,0.87075,0.8701,0.86985,0.8701,0.87075,0.8701,0.86985,0.8701,0.87075,0.8701,0.86985,0.8701,0.87075,0.8701,0.86985,0.8701,0.87075,0.8701,0.86985,0.8701,0.87075,0.8701,0.86985,0.8701,0.87075,0.8701,0.86985,0.8701,0.87075,0.8701,0.86985,0.8701,0.87075,0.8701,0.86985,0.8701,0.87075,0.8701,0.86985,0.8701,0.87075,0.8701,0.86985,0.8701,0.87075,0.8701,0.86985,0.8701,0.87075,0.8701,0.86985,0.8701,0.87075,0.8701,0.86985,0.8701,0.87075,0.8701,0.86985,0.8701,0.87075,0.8701,0.86985,0.8701,0.87075,0.8701,0.86985,0.8701,0.87075,0.8701,0.86985,0.87108,0.87075,0.86805,0.87584,0.86447,0.87075,0.8824,0.84696,0.8933,0.87075,0.82179,0.98618,0.67977
0.79042,0.8513,0.73572,0.8165,0.79042,0.77659,0.80362,0.78344,0.79042,0.79309,0.7873,0.79132,0.79042,0.78982,0.7896,0.78982,0.79042,0.78982,0.7896,0.78982,0.79042,0.78982,0.7896,0.78982,0.79042,0.78982,0.7896,0.78982,0.79042,0.78982,0.7896,0.78982,0.79042,0.78982,0.7896,0.78982,0.79042,0.78982,0.7896,0.78982,0.79042,0.78982,0.7896,0.78982,0.79042,0.78982,0.7896,0.78982,0.79042,0.78982,0.7896,0.78982,0.79042,0.78982,0.7896,0.78982,0.79042,0.78982,0.7896,0.78982,0.79042,0.78982,0.7896,0.78982,0.79042,0.78982,0.7896,0.78982,0.79042,0.78982,0.7896,0.78982,0.79042,0.78982,0.7896,0.78982,0.79042,0.78982,0.7896,0.78982,0.79042,0.78982,0.7896,0.78982,0.79042,0.78982,0.7896,0.78982,0.79042,0.78982,0.7896,0.78982,0.79042,0.78982,0.7896,0.78982,0.79042,0.78982,0.7896,0.78982,0.79042,0.78982,0.7896,0.78982,0.79042,0.78982,0.7896,0.78982,0.79042,0.78982,0.7896,0.78982,0.79042,0.78982,0.7896,0.78982,0.79042,0.78982,0.7896,0.78982,0.79042,0.78982,0.7896,0.78982,0.79042,0.78982,0.7896,0.78982,0.79042,0.78982,0.7896,0.78982,0.79042,0.78982,0.7896,0.78982,0.79042,0.78982,0.7896,0.78982,0.79042,0.78982,0.7896,0.78982,0.79042,0.78982,0.7896,0.78982,0.79042,0.78982,0.7896,0.78982,0.79042,0.78982,0.7896,0.78982,0.79042,0.78982,0.7896,0.78982,0.79042,0.78982,0.7896,0.78982,0.79042,0.78982,0.7896,0.78982,0.79042,0.78982,0.7896,0.78982,0.79042,0.78982,0.7896,0.78982,0.79042,0.78982,0.7896,0.78982,0.79042,0.78982,0.7896,0.78982,0.79042,0.78982,0.7896,0.78982,0.79042,0.78982,0.7896,0.78982,0.79042,0.78982,0.7896,0.78982,0.79042,0.78982,0.7896,0.78982,0.79042,0.78982,0.7896,0.78982,0.79042,0.78982,0.7896,0.78982,0.79042,0.78982,0.7896,0.78982,0.79042,0.78982,0.7896,0.78982,0.79042,0.78982,0.7896,0.78982,0.79042,0.78982,0.7896,0.78982,0.79042,0.78982,0.7896,0.78982,0.79042,0.78982,0.7896,0.78982,0.79042,0.78982,0.7896,0.78982,0.79042,0.78982,0.7896,0.78982,0.79042,0.78982,0.7896,0.79072,0.79042,0.78797,0.79503,0.78471,0.79042,0.80099,0.76882,0.81089,0.79042,0.74597,0.89519,0.61706
0.83668,0.90112,0.77878,0.86428,0.83668,0.82204,0.85065,0.82929,0.83668,0.8395,0.83337,0.83764,0.83668,0.83605,0.83581,0.83605,0.83668,0.83605,0.83581,0.83605,0.83668,0.83605,0.83581,0.83605,0.83668,0.83605,0.83581,0.83605,0.83668,0.83605,0.83581,0.83605,0.83668,0.83605,0.83581,0.83605,0.83668,0.83605,0.83581,0.83605,0.83668,0.83605,0.83581,0.83605,0.83668,0.83605,0.83581,0.83605,0.83668,0.83605,0.83581,0.83605,0.83668,0.83605,0.83581,0.83605,0.83668,0.83605,0.83581,0.83605,0.83668,0.83605,0.83581,0.83605,0.83668,0.83605,0.83581,0.83605,0.83668,0.83605,0.83581,0.83605,0.83668,0.83605,0.83581,0.83605,0.83668,0.83605,0.83581,0.83605,0.83668,0.83605,0.83581,0.83605,0.83668,0.83605,0.83581,0.83605,0.83668,0.83605,0.83581,0.83605,0.83668,0.83605,0.83581,0.83605,0.83668,0.83605,0.83581,0.83605,0.83668,0.83605,0.83581,0.83605,0.83668,0.83605,0.83581,0.83605,0.83668,0.83605,0.83581,0.83605,0.83668,0.83605,0.83581,0.83605,0.83668,0.83605,0.83581,0.83605,0.83668,0.83605,0.83581,0.83605,0.83668,0.83605,0.83581,0.83605,0.83668,0.83605,0.83581,0.83605,0.83668,0.83605,0.83581,0.83605,0.83668,0.83605,0.83581,0.83605,0.83668,0.83605,0.83581,0.83605,0.83668,0.83605,0.83581,0.83605,0.83668,0.83605,0.83581,0.83605,0.83668,0.83605,0.83581,0.83605,0.83668,0.83605,0.83581,0.83605,0.83668,0.83605,0.83581,0.83605,0.83668,0.83605,0.83581,0.83605,0.83668,0.83605,0.83581,0.83605,0.83668,0.83605,0.83581,0.83605,0.83668,0.83605,0.83581,0.83605,0.83668,0.83605,0.83581,0.83605,0.83668,0.83605,0.83581,0.83605,0.83668,0.83605,0.83581,0.83605,0.83668,0.83605,0.83581,0.83605,0.83668,0.83605,0.83581,0.83605,0.83668,0.83605,0.83581,0.83605,0.83668,0.83605,0.83581,0.83605,0.83668,0.83605,0.83581,0.83605,0.83668,0.83605,0.83581,0.83605,0.83668,0.83605,0.83581,0.83605,0.83668,0.83605,0.83581,0.83605,0.83668,0.83605,0.83581,0.83605,0.83668,0.83605,0.83581,0.83605,0.83668,0.83605,0.83581,0.83605,0.83668,0.83605,0.83581,0.83605,0.83668,0.83605,0.83581,0.83699,0.83668,0.83408,0.84156,0.83064,0.83668,0.84787,0.81382,0.85834,0.83668,0.78963,0.94758,0.65317
0.77661,0.83643,0.72287,0.80223,0.77661,0.76302,0.78958,0.76975,0.77661,0.77923,0.77354,0.7775,0.77661,0.77602,0.77581,0.77602,0.77661,0.77602,0.77581,0.77602,0.77661,0.77602,0.77581,0.77602,0.77661,0.77602,0.77581,0.77602,0.77661,0.77602,0.77581,0.77602,0.77661,0.77602,0.77581,0.77602,0.77661,0.77602,0.77581,0.77602,0.77661,0.77602,0.77581,0.77602,0.77661,0.77602,0.77581,0.77602,0.77661,0.77602,0.77581,0.77602,0.77661,0.77602,0.77581,0.77602,0.77661,0.77602,0.77581,0.77602,0.77661,0.77602,0.77581,0.77602,0.77661,0.77602,0.77581,0.77602,0.77661,0.77602,0.77581,0.77602,0.77661,0.77602,0.77581,0.77602,0.77661,0.77602,0.77581,0.77602,0.77661,0.77602,0.77581,0.77602,0.77661,0.77602,0.77581,0.77602,0.77661,0.77602,0.77581,0.77602,0.77661,0.77602,0.77581,0.77602,0.77661,0.77602,0.77581,0.77602,0.77661,0.77602,0.77581,0.77602,0.77661,0.77602,0.77581,0.77602,0.77661,0.77602,0.77581,0.77602,0.77661,0.77602,0.77581,0.77602,0.77661,0.77602,0.77581,0.77602,0.77661,0.77602,0.77581,0.77602,0.77661,0.77602,0.77581,0.77602,0.77661,0.77602,0.77581,0.77602,0.77661,0.77602,0.77581,0.77602,0.77661,0.77602,0.77581,0.77602,0.77661,0.77602,0.77581,0.77602,0.77661,0.77602,0.77581,0.77602,0.77661,0.77602,0.77581,0.77602,0.77661,0.77602,0.77581,0.77602,0.77661,0.77602,0.77581,0.77602,0.77661,0.77602,0.77581,0.77602,0.77661,0.77602,0.77581,0.77602,0.77661,0.77602,0.77581,0.77602,0.77661,0.77602,0.77581,0.77602,0.77661,0.77602,0.77581,0.77602,0.77661,0.77602,0.77581,0.77602,0.77661,0.77602,0.77581,0.77602,0.77661,0.77602,0.77581,0.77602,0.77661,0.77602,0.77581,0.77602,0.77661,0.77602,0.77581,0.77602,0.77661,0.77602,0.77581,0.77602,0.77661,0.77602,0.77581,0.77602,0.77661,0.77602,0.77581,0.77602,0.77661,0.77602,0.77581,0.77602,0.77661,0.77602,0.77581,0.77602,0.77661,0.77602,0.77581,0.77602,0.77661,0.77602,0.77581,0.77602,0.77661,0.77602,0.77581,0.77602,0.77661,0.77602,0.77581,0.77602,0.77661,0.77602,0.77581,0.77602,0.77661,0.77602,0.77581,0.7769,0.77661,0.7742,0.78114,0.771,0.77661,0.787,0.75539,0.79672,0.77661,0.73294,0.87955,0.60628
0.78977,0.8506,0.73512,0.81583,0.78977,0.77595,0.80296,0.7828,0.78977,0.79244,0.78665,0.79068,0.78977,0.78918,0.78895,0.78918,0.78977,0.78918,0.78895,0.78918,0.78977,0.78918,0.78895,0.78918,0.78977,0.78918,0.78895,0.78918,0.78977,0.78918,0.78895,0.78918,0.78977,0.78918,0.78895,0.78918,0.78977,0.78918,0.78895,0.78918,0.78977,0.78918,0.78895,0.78918,0.78977,0.78918,0.78895,0.78918,0.78977,0.78918,0.78895,0.78918,0.78977,0.78918,0.78895,0.78918,0.78977,0.78918,0.78895,0.78918,0.78977,0.78918,0.78895,0.78918,0.78977,0.78918,0.78895,0.78918,0.78977,0.78918,0.78895,0.78918,0.78977,0.78918,0.78895,0.78918,0.78977,0.78918,0.78895,0.78918,0.78977,0.78918,0.78895,0.78918,0.78977,0.78918,0.78895,0.78918,0.78977,0.78918,0.78895,0.78918,0.78977,0.78918,0.78895,0.78918,0.78977,0.78918,0.78895,0.78918,0.78977,0.78918,0.78895,0.78918,0.78977,0.78918,0.78895,0.78918,0.78977,0.78918,0.78895,0.78918,0.78977,0.78918,0.78895,0.78988,0.78977,0.78771,0.79323,0.78515,0.78977,0.79797,0.7726,0.80575,0.78977,0.75467,0.87205,0.65323,0.16779,0.11928,0.21001,0.14667,0.16779,0.17808,0.15659,0.17268,0.16779,0.16509,0.16943,0.16648,0.16779,0.16766,0.16761,0.16766,0.16779,0.16766,0.16761,0.16766,0.16779,0.16766,0.16761,0.16766,0.16779,0.16766,0.16761,0.16766,0.16779,0.16766,0.16761,0.16766,0.16779,0.16766,0.16761,0.16766,0.16779,0.16766,0.16761,0.16766,0.16779,0.16766,0.16761,0.16766,0.16779,0.16766,0.16761,0.16766,0.16779,0.16766,0.16761,0.16766,0.16779,0.16766,0.16761,0.16766,0.16779,0.16766,0.16761,0.16766,0.16779,0.16766,0.16761,0.16766,0.16779,0.16766,0.16761,0.16766,0.16779,0.16766,0.16761,0.16766,0.16779,0.16766,0.16761,0.16766,0.16779,0.16766,0.16761,0.16766,0.16779,0.16766,0.16761,0.16766,0.16779,0.16766,0.16761,0.16766,0.16779,0.16766,0.16761,0.16766,0.16779,0.16766,0.16761,0.16766,0.16779,0.16766,0.16761,0.16766,0.16779,0.16766,0.16761,0.16766,0.16779,0.16766,0.16761,0.16766,0.16779,0.16766,0.16761,0.16766,0.16779,0.16766,0.16761,0.16785,0.16779,0.16727,0.16877,0.16658,0.16779,0.17003,0.1632,0.17213,0.16779,0.15835,0.19003,0.13099
0.78188,0.8421,0.72777,0.80768,0.78188,0.7682,0.79494,0.77498,0.78188,0.78452,0.77879,0.78278,0.78188,0.78129,0.78107,0.78129,0.78188,0.78129,0.78107,0.78129,0.78188,0.78129,0.78107,0.78129,0.78188,0.78129,0.78107,0.78129,0.78188,0.78129,0.78107,0.78129,0.78188,0.78129,0.78107,0.78129,0.78188,0.78129,0.78107,0.78129,0.78188,0.78129,0.78107,0.78129,0.78188,0.78129,0.78107,0.78129,0.78188,0.78129,0.78107,0.78129,0.78188,0.78129,0.78107,0.78129,0.78188,0.78129,0.78107,0.78129,0.78188,0.78129,0.78107,0.78129,0.78188,0.78129,0.78107,0.78129,0.78188,0.78129,0.78107,0.78129,0.78188,0.78129,0.78107,0.78129,0.78188,0.78129,0.78107,0.78129,0.78188,0.78129,0.78107,0.78129,0.78188,0.78129,0.78107,0.78129,0.78188,0.78129,0.78107,0.78129,0.78188,0.78129,0.78107,0.78129,0.78188,0.78129,0.78107,0.78129,0.78188,0.78129,0.78107,0.78129,0.78188,0.78129,0.78107,0.78129,0.78188,0.78129,0.78107,0.78129,0.78188,0.78129,0.78107,0.78154,0.78188,0.78077,0.7826,0.77985,0.78188,0.78444,0.7752,0.78724,0.78188,0.76891,0.81089,0.7325,0.55868,0.54089,0.57331,0.55072,0.55868,0.56199,0.55414,0.56006,0.55868,0.55733,0.55875,0.55783,0.55868,0.55825,0.5581,0.55825,0.55868,0.55825,0.5581,0.55825,0.55868,0.55825,0.5581,0.55825,0.55868,0.55825,0.5581,0.55825,0.55868,0.55825,0.5581,0.55825,0.55868,0.55825,0.5581,0.55825,0.55868,0.55825,0.5581,0.55825,0.55868,0.55825,0.5581,0.55825,0.55868,0.55825,0.5581,0.55825,0.55868,0.55825,0.5581,0.55825,0.55868,0.55825,0.5581,0.55825,0.55868,0.55825,0.5581,0.55825,0.55868,0.55825,0.5581,0.55825,0.55868,0.55825,0.5581,0.55825,0.55868,0.55825,0.5581,0.55825,0.55868,0.55825,0.5581,0.55825,0.55868,0.55825,0.5581,0.55825,0.55868,0.55825,0.5581,0.55825,0.55868,0.55825,0.5581,0.55825,0.55868,0.55825,0.5581,0.55825,0.55868,0.55825,0.5581,0.55825,0.55868,0.55825,0.5581,0.55825,0.55868,0.55825,0.5581,0.55825,0.55868,0.55825,0.5581,0.55825,0.55868,0.55825,0.5581,0.55825,0.55868,0.55825,0.5581,0.55889,0.55868,0.55694,0.56194,0.55464,0.55868,0.56615,0.54341,0.57314,0.55868,0.52726,0.63273,0.43614
0.76476,0.82367,0.71184,0.79,0.76476,0.75138,0.77753,0.75801,0.76476,0.76735,0.76174,0.76564,0.76476,0.76419,0.76397,0.76419,0.76476,0.76419,0.76397,0.76419,0.76476,0.76419,0.76397,0.76419,0.76476,0.76419,0.76397,0.76419,0.76476,0.76419,0.76397,0.76419,0.76476,0.76419,0.76397,0.76419,0.76476,0.76419,0.76397,0.76419,0.76476,0.76419,0.76397,0.76419,0.76476,0.76419,0.76397,0.76419,0.76476,0.76419,0.76397,0.76419,0.76476,0.76419,0.76397,0.76419,0.76476,0.76419,0.76397,0.76419,0.76476,0.76419,0.76397,0.76419,0.76476,0.76419,0.76397,0.76419,0.76476,0.76419,0.76397,0.76419,0.76476,0.76419,0.76397,0.76419,0.76476,0.76419,0.76397,0.76419,0.76476,0.76419,0.76397,0.76419,0.76476,0.76419,0.76397,0.76419,0.76476,0.76419,0.76397,0.76419,0.76476,0.76419,0.76397,0.76419,0.76476,0.76419,0.76397,0.76419,0.76476,0.76419,0.76397,0.76419,0.76476,0.76419,0.76397,0.76419,0.76476,0.76419,0.76397,0.76419,0.76476,0.76419,0.76397,0.76419,0.76476,0.76419,0.76397,0.76419,0.76476,0.76419,0.76397,0.76419,0.76476,0.76419,0.76397,0.76419,0.76476,0.76419,0.76397,0.76419,0.76476,0.76419,0.76397,0.76419,0.76476,0.76419,0.76397,0.76419,0.76476,0.76419,0.76397,0.76419,0.76476,0.76419,0.76397,0.76419,0.76476,0.76419,0.76397,0.76419,0.76476,0.76419,0.76397,0.76419,0.76476,0.76419,0.76397,0.76419,0.76476,0.76419,0.76397,0.76419,0.76476,0.76419,0.76397,0.76419,0.76476,0.76419,0.76397,0.76419,0.76476,0.76419,0.76397,0.76419,0.76476,0.76419,0.76397,0.76419,0.76476,0.76419,0.76397,0.76419,0.76476,0.76419,0.76397,0.76419,0.76476,0.76419,0.76397,0.76419,0.76476,0.76419,0.76397,0.76419,0.76476,0.76419,0.76397,0.76419,0.76476,0.76419,0.76397,0.76419,0.76476,0.76419,0.76397,0.76419,0.76476,0.76419,0.76397,0.76419,0.76476,0.76419,0.76397,0.76419,0.76476,0.76419,0.76397,0.76419,0.76476,0.76419,0.76397,0.76419,0.76476,0.76419,0.76397,0.76419,0.76476,0.76419,0.76397,0.76419,0.76476,0.76419,0.76397,0.76419,0.76476,0.76419,0.76397,0.76419,0.76476,0.76419,0.76397,0.76505,0.76476,0.76239,0.76923,0.75924,0.76476,0.77499,0.74387,0.78457,0.76476,0.72176,0.86614,0.59703
0.74274,0.79995,0.69135,0.76725,0.74274,0.72974,0.75515,0.73619,0.74274,0.74525,0.73981,0.74359,0.74274,0.74218,0.74198,0.74218,0.74274,0.74218,0.74198,0.74218,0.74274,0.74218,0.74198,0.74218,0.74274,0.74218,0.74198,0.74218,0.74274,0.74218,0.74198,0.74218,0.74274,0.74218,0.74198,0.74218,0.74274,0.74218,0.74198,0.74218,0.74274,0.74218,0.74198,0.74218,0.74274,0.74218,0.74198,0.74218,0.74274,0.74218,0.74198,0.74218,0.74274,0.74218,0.74198,0.74218,0.74274,0.74218,0.74198,0.74218,0.74274,0.74218,0.74198,0.74218,0.74274,0.74218,0.74198,0.74218,0.74274,0.74218,0.74198,0.74218,0.74274,0.74218,0.74198,0.74218,0.74274,0.74218,0.74198,0.74218,0.74274,0.74218,0.74198,0.74218,0.74274,0.74218,0.74198,0.74218,0.74274,0.74218,0.74198,0.74218,0.74274,0.74218,0.74198,0.74218,0.74274,0.74218,0.74198,0.74218,0.74274,0.74218,0.74198,0.74218,0.74274,0.74218,0.74198,0.74218,0.74274,0.74218,0.74198,0.74218,0.74274,0.74218,0.74198,0.74269,0.74274,0.74114,0.74503,0.7393,0.74274,0.74848,0.73027,0.75405,0.74274,0.71748,0.80146,0.64486,0.29747,0.26261,0.32752,0.28222,0.29747,0.3047,0.28927,0.30084,0.29747,0.29541,0.29846,0.2964,0.29747,0.29725,0.29716,0.29725,0.29747,0.29725,0.29716,0.29725,0.29747,0.29725,0.29716,0.29725,0.29747,0.29725,0.29716,0.29725,0.29747,0.29725,0.29716,0.29725,0.29747,0.29725,0.29716,0.29725,0.29747,0.29725,0.29716,0.29725,0.29747,0.29725,0.29716,0.29725,0.29747,0.29725,0.29716,0.29725,0.29747,0.29725,0.29716,0.29725,0.29747,0.29725,0.29716,0.29725,0.29747,0.29725,0.29716,0.29725,0.29747,0.29725,0.29716,0.29725,0.29747,0.29725,0.29716,0.29725,0.29747,0.29725,0.29716,0.29725,0.29747,0.29725,0.29716,0.29725,0.29747,0.29725,0.29716,0.29725,0.29747,0.29725,0.29716,0.29725,0.29747,0.29725,0.29716,0.29725,0.29747,0.29725,0.29716,0.29725,0.29747,0.29725,0.29716,0.29725,0.29747,0.29725,0.29716,0.29725,0.29747,0.29725,0.29716,0.29725,0.29747,0.29725,0.29716,0.29725,0.29747,0.29725,0.29716,0.29725,0.29747,0.29725,0.29716,0.29758,0.29747,0.29655,0.29921,0.29532,0.29747,0.30145,0.28934,0.30517,0.29747,0.28074,0.3369,0.23223
0.78699,0.8476,0.73253,0.81295,0.78699,0.77321,0.80013,0.78004,0.78699,0.78965,0.78388,0.78789,0.78699,0.78639,0.78617,0.78639,0.78699,0.78639,0.78617,0.78639,0.78699,0.78639,0.78617,0.78639,0.78699,0.78639,0.78617,0.78639,0.78699,0.78639,0.78617,0.78639,0.78699,0.78639,0.78617,0.78639,0.78699,0.78639,0.78617,0.78639,0.78699,0.78639,0.78617,0.78639,0.78699,0.78639,0.78617,0.78639,0.78699,0.78639,0.78617,0.78639,0.78699,0.78639,0.78617,0.78639,0.78699,0.78639,0.78617,0.78639,0.78699,0.78639,0.78617,0.78639,0.78699,0.78639,0.78617,0.78639,0.78699,0.78639,0.78617,0.78639,0.78699,0.78639,0.78617,0.78639,0.78699,0.78639,0.78617,0.78639,0.78699,0.78639,0.78617,0.78639,0.78699,0.78639,0.78617,0.78639,0.78699,0.78639,0.78617,0.78639,0.78699,0.78639,0.78617,0.78639,0.78699,0.78639,0.78617,0.78639,0.78699,0.78639,0.78617,0.78639,0.78699,0.78639,0.78617,0.78639,0.78699,0.78639,0.78617,0.78639,0.78699,0.78639,0.78617,0.78639,0.78699,0.78639,0.78617,0.78639,0.78699,0.78639,0.78617,0.78639,0.78699,0.78639,0.78617,0.78639,0.78699,0.78639,0.78617,0.78639,0.78699,0.78639,0.78617,0.78639,0.78699,0.78639,0.78617,0.78639,0.78699,0.78639,0.78617,0.78639,0.78699,0.78639,0.78617,0.78639,0.78699,0.78639,0.78617,0.78639,0.78699,0.78639,0.78617,0.78639,0.78699,0.78639,0.78617,0.78639,0.78699,0.78639,0.78617,0.78639,0.78699,0.78639,0.78617,0.78639,0.78699,0.78639,0.78617,0.78639,0.78699,0.78639,0.78617,0.78639,0.78699,0.78639,0.78617,0.78639,0.78699,0.78639,0.78617,0.78639,0.78699,0.78639,0.78617,0.78639,0.78699,0.78639,0.78617,0.78639,0.78699,0.78639,0.78617,0.78639,0.78699,0.78639,0.78617,0.78639,0.78699,0.78639,0.78617,0.78639,0.78699,0.78639,0.78617,0.78639,0.78699,0.78639,0.78617,0.78639,0.78699,0.78639,0.78617,0.78639,0.78699,0.78639,0.78617,0.78639,0.78699,0.78639,0.78617,0.78639,0.78699,0.78639,0.78617,0.78639,0.78699,0.78639,0.78617,0.78639,0.78699,0.78639,0.78617,0.78639,0.78699,0.78639,0.78617,0.78639,0.78699,0.78639,0.78617,0.78728,0.78699,0.78454,0.79158,0.7813,0.78699,0.79751,0.76548,0.80737,0.78699,0.74273,0.89131,0.61438
0.84659,0.9118,0.78801,0.87453,0.84659,0.83178,0.86073,0.83912,0.84659,0.84945,0.84325,0.84756,0.84659,0.84595,0.84572,0.84595,0.84659,0.84595,0.84572,0.84595,0.84659,0.84595,0.84572,0.84595,0.84659,0.84595,0.84572,0.84595,0.84659,0.84595,0.84572,0.84595,0.84659,0.84595,0.84572,0.84595,0.84659,0.84595,0.84572,0.84595,0.84659,0.84595,0.84572,0.84595,0.84659,0.84595,0.84572,0.84595,0.84659,0.84595,0.84572,0.84595,0.84659,0.84595,0.84572,0.84595,0.84659,0.84595,0.84572,0.84595,0.84659,0.84595,0.84572,0.84595,0.84659,0.84595,0.84572,0.84595,0.84659,0.84595,0.84572,0.84595,0.84659,0.84595,0.84572,0.84595,0.84659,0.84595,0.84572,0.84595,0.84659,0.84595,0.84572,0.84595,0.84659,0.84595,0.84572,0.84595,0.84659,0.84595,0.84572,0.84595,0.84659,0.84595,0.84572,0.84595,0.84659,0.84595,0.84572,0.84595,0.84659,0.84595,0.84572,0.84595,0.84659,0.84595,0.84572,0.84595,0.84659,0.84595,0.84572,0.84595,0.84659,0.84595,0.84572,0.84595,0.84659,0.84595,0.84572,0.84595,0.84659,0.84595,0.84572,0.84595,0.84659,0.84595,0.84572,0.84595,0.84659,0.84595,0.84572,0.84595,0.84659,0.84595,0.84572,0.84595,0.84659,0.84595,0.84572,0.84595,0.84659,0.84595,0.84572,0.84595,0.84659,0.84595,0.84572,0.84595,0.84659,0.84595,0.84572,0.84595,0.84659,0.84595,0.84572,0.84595,0.84659,0.84595,0.84572,0.84595,0.84659,0.84595,0.84572,0.84595,0.84659,0.84595,0.84572,0.84595,0.84659,0.84595,0.84572,0.84595,0.84659,0.84595,0.84572,0.84595,0.84659,0.84595,0.84572,0.84595,0.84659,0.84595,0.84572,0.84595,0.84659,0.84595,0.84572,0.84595,0.84659,0.84595,0.84572,0.84595,0.84659,0.84595,0.84572,0.84595,0.84659,0.84595,0.84572,0.84595,0.84659,0.84595,0.84572,0.84595,0.84659,0.84595,0.84572,0.84595,0.84659,0.84595,0.84572,0.84595,0.84659,0.84595,0.84572,0.84595,0.84659,0.84595,0.84572,0.84595,0.84659,0.84595,0.84572,0.84595,0.84659,0.84595,0.84572,0.84595,0.84659,0.84595,0.84572,0.84595,0.84659,0.84595,0.84572,0.84595,0.84659,0.84595,0.84572,0.84595,0.84659,0.84595,0.84572,0.84691,0.84659,0.84397,0.85153,0.84048,0.84659,0.85792,0.82346,0.86852,0.84659,0.79899,0.95881,0.66091
0.75935,0.81784,0.7068,0.78441,0.75935,0.74606,0.77203,0.75265,0.75935,0.76192,0.75635,0.76022,0.75935,0.75878,0.75857,0.75878,0.75935,0.75878,0.75857,0.75878,0.75935,0.75878,0.75857,0.75878,0.75935,0.75878,0.75857,0.75878,0.75935,0.75878,0.75857,0.75878,0.75935,0.75878,0.75857,0.75878,0.75935,0.75878,0.75857,0.75878,0.75935,0.75878,0.75857,0.75878,0.75935,0.75878,0.75857,0.75878,0.75935,0.75878,0.75857,0.75878,0.75935,0.75878,0.75857,0.75878,0.75935,0.75878,0.75857,0.75878,0.75935,0.75878,0.75857,0.75878,0.75935,0.75878,0.75857,0.75878,0.75935,0.75878,0.75857,0.75878,0.75935,0.75878,0.75857,0.75878,0.75935,0.75878,0.75857,0.75878,0.75935,0.75878,0.75857,0.75878,0.75935,0.75878,0.75857,0.75878,0.75935,0.75878,0.75857,0.75878,0.75935,0.75878,0.75857,0.75878,0.75935,0.75878,0.75857,0.75878,0.75935,0.75878,0.75857,0.75878,0.75935,0.75878,0.75857,0.75878,0.75935,0.75878,0.75857,0.75878,0.75935,0.75878,0.75857,0.75878,0.75935,0.75878,0.75857,0.75878,0.75935,0.75878,0.75857,0.75878,0.75935,0.75878,0.75857,0.75878,0.75935,0.75878,0.75857,0.75878,0.75935,0.75878,0.75857,0.75878,0.75935,0.75878,0.75857,0.75878,0.75935,0.75878,0.75857,0.75878,0.75935,0.75878,0.75857,0.75878,0.75935,0.75878,0.75857,0.75878,0.75935,0.75878,0.75857,0.75878,0.75935,0.75878,0.75857,0.75878,0.75935,0.75878,0.75857,0.75878,0.75935,0.75878,0.75857,0.75878,0.75935,0.75878,0.75857,0.75878,0.75935,0.75878,0.75857,0.75878,0.75935,0.75878,0.75857,0.75878,0.75935,0.75878,0.75857,0.75878,0.75935,0.75878,0.75857,0.75878,0.75935,0.75878,0.75857,0.75878,0.75935,0.75878,0.75857,0.75878,0.75935,0.75878,0.75857,0.75878,0.75935,0.75878,0.75857,0.75878,0.75935,0.75878,0.75857,0.75878,0.75935,0.75878,0.75857,0.75878,0.75935,0.75878,0.75857,0.75878,0.75935,0.75878,0.75857,0.75878,0.75935,0.75878,0.75857,0.75878,0.75935,0.75878,0.75857,0.75878,0.75935,0.75878,0.75857,0.75878,0.75935,0.75878,0.75857,0.75878,0.75935,0.75878,0.75857,0.75878,0.75935,0.75878,0.75857,0.75964,0.75935,0.75699,0.76378,0.75387,0.75935,0.76951,0.7386,0.77901,0.75935,0.71665,0.86001,0.5928
0.26896,0.28968,0.25035,0.27784,0.26896,0.26426,0.27345,0.26659,0.26896,0.26987,0.2679,0.26927,0.26896,0.26876,0.26868,0.26876,0.26896,0.26876,0.26868,0.26876,0.26896,0.26876,0.26868,0.26876,0.26896,0.26876,0.26868,0.26876,0.26896,0.26876,0.26868,0.26876,0.26896,0.26876,0.26868,0.26876,0.26896,0.26876,0.26868,0.26876,0.26896,0.26876,0.26868,0.26876,0.26896,0.26876,0.26868,0.26876,0.26896,0.26876,0.26868,0.26876,0.26896,0.26876,0.26868,0.26876,0.26896,0.26876,0.26868,0.26876,0.26896,0.26876,0.26868,0.26876,0.26896,0.26876,0.26868,0.26876,0.26896,0.26876,0.26868,0.26876,0.26896,0.26876,0.26868,0.26876,0.26896,0.26876,0.26868,0.26876,0.26896,0.26876,0.26868,0.26876,0.26896,0.26876,0.26868,0.26876,0.26896,0.26876,0.26868,0.26876,0.26896,0.26876,0.26868,0.26876,0.26896,0.26876,0.26868,0.26876,0.26896,0.26876,0.26868,0.26876,0.26896,0.26876,0.26868,0.26876,0.26896,0.26876,0.26868,0.26876,0.26896,0.26876,0.26868,0.26821,0.26896,0.2699,0.26536,0.27189,0.26896,0.26192,0.28141,0.25586,0.26896,0.29562,0.20401,0.37458,0.7531,0.79019,0.71932,0.76888,0.7531,0.74443,0.76091,0.74863,0.7531,0.75454,0.75091,0.75346,0.7531,0.75254,0.75233,0.75254,0.7531,0.75254,0.75233,0.75254,0.7531,0.75254,0.75233,0.75254,0.7531,0.75254,0.75233,0.75254,0.7531,0.75254,0.75233,0.75254,0.7531,0.75254,0.75233,0.75254,0.7531,0.75254,0.75233,0.75254,0.7531,0.75254,0.75233,0.75254,0.7531,0.75254,0.75233,0.75254,0.7531,0.75254,0.75233,0.75254,0.7531,0.75254,0.75233,0.75254,0.7531,0.75254,0.75233,0.75254,0.7531,0.75254,0.75233,0.75254,0.7531,0.75254,0.75233,0.75254,0.7531,0.75254,0.75233,0.75254,0.7531,0.75254,0.75233,0.75254,0.7531,0.75254,0.75233,0.75254,0.7531,0.75254,0.75233,0.75254,0.7531,0.75254,0.75233,0.75254,0.7531,0.75254,0.75233,0.75254,0.7531,0.75254,0.75233,0.75254,0.7531,0.75254,0.75233,0.75254,0.7531,0.75254,0.75233,0.75254,0.7531,0.75254,0.75233,0.75254,0.7531,0.75254,0.75233,0.75254,0.7531,0.75254,0.75233,0.75339,0.7531,0.75077,0.7575,0.74767,0.7531,0.76318,0.73253,0.77261,0.7531,0.71076,0.85293,0.58793
0.70348,0.75767,0.6548,0.72669,0.70348,0.69117,0.71523,0.69727,0.70348,0.70586,0.7007,0.70429,0.70348,0.70295,0.70275,0.70295,0.70348,0.70295,0.70275,0.70295,0.70348,0.70295,0.70275,0.70295,0.70348,0.70295,0.70275,0.70295,0.70348,0.70295,0.70275,0.70295,0.70348,0.70295,0.70275,0.70295,0.70348,0.70295,0.70275,0.70295,0.70348,0.70295,0.70275,0.70295,0.70348,0.70295,0.70275,0.70295,0.70348,0.70295,0.70275,0.70295,0.70348,0.70295,0.70275,0.70295,0.70348,0.70295,0.70275,0.70295,0.70348,0.70295,0.70275,0.70295,0.70348,0.70295,0.70275,0.70295,0.70348,0.70295,0.70275,0.70295,0.70348,0.70295,0.70275,0.70295,0.70348,0.70295,0.70275,0.70295,0.70348,0.70295,0.70275,0.70295,0.70348,0.70295,0.70275,0.70295,0.70348,0.70295,0.70275,0.70295,0.70348,0.70295,0.70275,0.70295,0.70348,0.70295,0.70275,0.70295,0.70348,0.70295,0.70275,0.70295,0.70348,0.70295,0.70275,0.70295,0.70348,0.70295,0.70275,0.70295,0.70348,0.70295,0.70275,0.70335,0.70348,0.70212,0.70517,0.70067,0.70348,0.70793,0.6935,0.71233,0.70348,0.68342,0.74979,0.62599,0.35138,0.32373,0.37502,0.33924,0.35138,0.35701,0.34478,0.35396,0.35138,0.34966,0.35205,0.35045,0.35138,0.35112,0.35102,0.35112,0.35138,0.35112,0.35102,0.35112,0.35138,0.35112,0.35102,0.35112,0.35138,0.35112,0.35102,0.35112,0.35138,0.35112,0.35102,0.35112,0.35138,0.35112,0.35102,0.35112,0.35138,0.35112,0.35102,0.35112,0.35138,0.35112,0.35102,0.35112,0.35138,0.35112,0.35102,0.35112,0.35138,0.35112,0.35102,0.35112,0.35138,0.35112,0.35102,0.35112,0.35138,0.35112,0.35102,0.35112,0.35138,0.35112,0.35102,0.35112,0.35138,0.35112,0.35102,0.35112,0.35138,0.35112,0.35102,0.35112,0.35138,0.35112,0.35102,0.35112,0.35138,0.35112,0.35102,0.35112,0.35138,0.35112,0.35102,0.35112,0.35138,0.35112,0.35102,0.35112,0.35138,0.35112,0.35102,0.35112,0.35138,0.35112,0.35102,0.35112,0.35138,0.35112,0.35102,0.35112,0.35138,0.35112,0.35102,0.35112,0.35138,0.35112,0.35102,0.35112,0.35138,0.35112,0.35102,0.35112,0.35138,0.35112,0.35102,0.35152,0.35138,0.35029,0.35343,0.34885,0.35138,0.35608,0.34178,0.36048,0.35138,0.33162,0.39796,0.27431
0.7088,0.7634,0.65975,0.73219,0.7088,0.6964,0.72064,0.70255,0.7088,0.7112,0.706,0.70961,0.7088,0.70827,0.70807,0.70827,0.7088,0.70827,0.70807,0.70827,0.7088,0.70827,0.70807,0.70827,0.7088,0.70827,0.70807,0.70827,0.7088,0.70827,0.70807,0.70827,0.7088,0.70827,0.70807,0.70827,0.7088,0.70827,0.70807,0.70827,0.7088,0.70827,0.70807,0.70827,0.7088,0.70827,0.70807,0.70827,0.7088,0.70827,0.70807,0.70827,0.7088,0.70827,0.70807,0.70827,0.7088,0.70827,0.70807,0.70827,0.7088,0.70827,0.70807,0.70827,0.7088,0.70827,0.70807,0.70827,0.7088,0.70827,0.70807,0.70827,0.7088,0.70827,0.70807,0.70827,0.7088,0.70827,0.70807,0.70827,0.7088,0.70827,0.70807,0.70827,0.7088,0.70827,0.70807,0.70827,0.7088,0.70827,0.70807,0.70827,0.7088,0.70827,0.70807,0.70827,0.7088,0.70827,0.70807,0.70827,0.7088,0.70827,0.70807,0.70827,0.7088,0.70827,0.70807,0.70827,0.7088,0.70827,0.70807,0.70827,0.7088,0.70827,0.70807,0.70827,0.7088,0.70827,0.70807,0.70827,0.7088,0.70827,0.70807,0.70827,0.7088,0.70827,0.70807,0.70827,0.7088,0.70827,0.70807,0.70827,0.7088,0.70827,0.70807,0.70827,0.7088,0.70827,0.70807,0.70827,0.7088,0.70827,0.70807,0.70827,0.7088,0.70827,0.70807,0.70827,0.7088,0.70827,0.70807,0.70827,0.7088,0.70827,0.70807,0.70827,0.7088,0.70827,0.70807,0.70827,0.7088,0.70827,0.70807,0.70827,0.7088,0.70827,0.70807,0.70827,0.7088,0.70827,0.70807,0.70827,0.7088,0.70827,0.70807,0.70827,0.7088,0.70827,0.70807,0.70827,0.7088,0.70827,0.70807,0.70827,0.7088,0.70827,0.70807,0.70827,0.7088,0.70827,0.70807,0.70827,0.7088,0.70827,0.70807,0.70827,0.7088,0.70827,0.70807,0.70827,0.7088,0.70827,0.70807,0.70827,0.7088,0.70827,0.70807,0.70827,0.7088,0.70827,0.70807,0.70827,0.7088,0.70827,0.70807,0.70827,0.7088,0.70827,0.70807,0.70827,0.7088,0.70827,0.70807,0.70827,0.7088,0.70827,0.70807,0.70827,0.7088,0.70827,0.70807,0.70827,0.7088,0.70827,0.70807,0.70827,0.7088,0.70827,0.70807,0.70827,0.7088,0.70827,0.70807,0.70907,0.7088,0.7066,0.71294,0.70369,0.7088,0.71828,0.68943,0.72716,0.7088,0.66895,0.80276,0.55334
0.12358,0.1331,0.11503,0.12766,0.12358,0.12142,0.12564,0.12249,0.12358,0.124,0.12309,0.12372,0.12358,0.12349,0.12345,0.12349,0.12358,0.12349,0.12345,0.12349,0.12358,0.12349,0.12345,0.12349,0.12358,0.12349,0.12345,0.12349,0.12358,0.12349,0.12345,0.12349,0.12358,0.12349,0.12345,0.12349,0.12358,0.12349,0.12345,0.12349,0.12358,0.12349,0.12345,0.12349,0.12358,0.12349,0.12345,0.12349,0.12358,0.12349,0.12345,0.12349,0.12358,0.12349,0.12345,0.12349,0.12358,0.12349,0.12345,0.12349,0.12358,0.12349,0.12345,0.12349,0.12358,0.12349,0.12345,0.12349,0.12358,0.12349,0.12345,0.12349,0.12358,0.12349,0.12345,0.12349,0.12358,0.12349,0.12345,0.12349,0.12358,0.12349,0.12345,0.12349,0.12358,0.12349,0.12345,0.12349,0.12358,0.12349,0.12345,0.12349,0.12358,0.12349,0.12345,0.12349,0.12358,0.12349,0.12345,0.12349,0.12358,0.12349,0.12345,0.12349,0.12358,0.12349,0.12345,0.12349,0.12358,0.12349,0.12345,0.12349,0.12358,0.12349,0.12345,0.12264,0.12358,0.12526,0.11828,0.12835,0.12358,0.11285,0.14324,0.10343,0.12358,0.16523,0.02293,0.28796,0.87606,0.93392,0.82386,0.90079,0.87606,0.8628,0.8885,0.86932,0.87606,0.87851,0.87296,0.87683,0.87606,0.8754,0.87515,0.8754,0.87606,0.8754,0.87515,0.8754,0.87606,0.8754,0.87515,0.8754,0.87606,0.8754,0.87515,0.8754,0.87606,0.8754,0.87515,0.8754,0.87606,0.8754,0.87515,0.8754,0.87606,0.8754,0.87515,0.8754,0.87606,0.8754,0.87515,0.8754,0.87606,0.8754,0.87515,0.8754,0.87606,0.8754,0.87515,0.8754,0.87606,0.8754,0.87515,0.8754,0.87606,0.8754,0.87515,0.8754,0.87606,0.8754,0.87515,0.8754,0.87606,0.8754,0.87515,0.8754,0.87606,0.8754,0.87515,0.8754,0.87606,0.8754,0.87515,0.8754,0.87606,0.8754,0.87515,0.8754,0.87606,0.8754,0.87515,0.8754,0.87606,0.8754,0.87515,0.8754,0.87606,0.8754,0.87515,0.8754,0.87606,0.8754,0.87515,0.8754,0.87606,0.8754,0.87515,0.8754,0.87606,0.8754,0.87515,0.8754,0.87606,0.8754,0.87515,0.8754,0.87606,0.8754,0.87515,0.8754,0.87606,0.8754,0.87515,0.87639,0.87606,0.87334,0.88117,0.86973,0.87606,0.88778,0.85212,0.89874,0.87606,0.8268,0.99218,0.68391
0.23277,0.2507,0.21666,0.24045,0.23277,0.2287,0.23666,0.23071,0.23277,0.23356,0.23185,0.23304,0.23277,0.23259,0.23253,0.23259,0.23277,0.23259,0.23253,0.23259,0.23277,0.23259,0.23253,0.23259,0.23277,0.23259,0.23253,0.23259,0.23277,0.23259,0.23253,0.23259,0.23277,0.23259,0.23253,0.23259,0.23277,0.23259,0.23253,0.23259,0.23277,0.23259,0.23253,0.23259,0.23277,0.23259,0.23253,0.23259,0.23277,0.23259,0.23253,0.23259,0.23277,0.23259,0.23253,0.23259,0.23277,0.23259,0.23253,0.23259,0.23277,0.23259,0.23253,0.23259,0.23277,0.23259,0.23253,0.23259,0.23277,0.23259,0.23253,0.23259,0.23277,0.23259,0.23253,0.23259,0.23277,0.23259,0.23253,0.23259,0.23277,0.23259,0.23253,0.23259,0.23277,0.23259,0.23253,0.23259,0.23277,0.23259,0.23253,0.23259,0.23277,0.23259,0.23253,0.23259,0.23277,0.23259,0.23253,0.23259,0.23277,0.23259,0.23253,0.23259,0.23277,0.23259,0.23253,0.23259,0.23277,0.23259,0.23253,0.23259,0.23277,0.23259,0.23253,0.23203,0.23277,0.23376,0.22912,0.2358,0.23277,0.22558,0.24557,0.21938,0.23277,0.26011,0.16627,0.341,0.72875,0.76678,0.69419,0.74494,0.72875,0.71989,0.73679,0.72419,0.72875,0.73025,0.72655,0.72914,0.72875,0.7282,0.72799,0.7282,0.72875,0.7282,0.72799,0.7282,0.72875,0.7282,0.72799,0.7282,0.72875,0.7282,0.72799,0.7282,0.72875,0.7282,0.72799,0.7282,0.72875,0.7282,0.72799,0.7282,0.72875,0.7282,0.72799,0.7282,0.72875,0.7282,0.72799,0.7282,0.72875,0.7282,0.72799,0.7282,0.72875,0.7282,0.72799,0.7282,0.72875,0.7282,0.72799,0.7282,0.72875,0.7282,0.72799,0.7282,0.72875,0.7282,0.72799,0.7282,0.72875,0.7282,0.72799,0.7282,0.72875,0.7282,0.72799,0.7282,0.72875,0.7282,0.72799,0.7282,0.72875,0.7282,0.72799,0.7282,0.72875,0.7282,0.72799,0.7282,0.72875,0.7282,0.72799,0.7282,0.72875,0.7282,0.72799,0.7282,0.72875,0.7282,0.72799,0.7282,0.72875,0.7282,0.72799,0.7282,0.72875,0.7282,0.72799,0.7282,0.72875,0.7282,0.72799,0.7282,0.72875,0.7282,0.72799,0.7282,0.72875,0.7282,0.72799,0.72902,0.72875,0.72649,0.733,0.72349,0.72875,0.7385,0.70884,0.74762,0.72875,0.68777,0.82535,0.56891
0.82201,0.88532,0.76512,0.84913,0.82201,0.80762,0.83573,0.81475,0.82201,0.82478,0.81876,0.82295,0.82201,0.82138,0.82116,0.82138,0.82201,0.82138,0.82116,0.82138,0.82201,0.82138,0.82116,0.82138,0.82201,0.82138,0.82116,0.82138,0.82201,0.82138,0.82116,0.82138,0.82201,0.82138,0.82116,0.82138,0.82201,0.82138,0.82116,0.82138,0.82201,0.82138,0.82116,0.82138,0.82201,0.82138,0.82116,0.82138,0.82201,0.82138,0.82116,0.82138,0.82201,0.82138,0.82116,0.82138,0.82201,0.82138,0.82116,0.82138,0.82201,0.82138,0.82116,0.82138,0.82201,0.82138,0.82116,0.82138,0.82201,0.82138,0.82116,0.82138,0.82201,0.82138,0.82116,0.82138,0.82201,0.82138,0.82116,0.82138,0.82201,0.82138,0.82116,0.82138,0.82201,0.82138,0.82116,0.82138,0.82201,0.82138,0.82116,0.82138,0.82201,0.82138,0.82116,0.82138,0.82201,0.82138,0.82116,0.82138,0.82201,0.82138,0.82116,0.82138,0.82201,0.82138,0.82116,0.82138,0.82201,0.82138,0.82116,0.82138,0.82201,0.82138,0.82116,0.82138,0.82201,0.82138,0.82116,0.82138,0.82201,0.82138,0.82116,0.82138,0.82201,0.82138,0.82116,0.82138,0.82201,0.82138,0.82116,0.82138,0.82201,0.82138,0.82116,0.82138,0.82201,0.82138,0.82116,0.82138,0.82201,0.82138,0.82116,0.82138,0.82201,0.82138,0.82116,0.82138,0.82201,0.82138,0.82116,0.82138,0.82201,0.82138,0.82116,0.82138,0.82201,0.82138,0.82116,0.82138,0.82201,0.82138,0.82116,0.82138,0.82201,0.82138,0.82116,0.82138,0.82201,0.82138,0.82116,0.82138,0.82201,0.82138,0.82116,0.82138,0.82201,0.82138,0.82116,0.82138,0.82201,0.82138,0.82116,0.82138,0.82201,0.82138,0.82116,0.82138,0.82201,0.82138,0.82116,0.82138,0.82201,0.82138,0.82116,0.82138,0.82201,0.82138,0.82116,0.82138,0.82201,0.82138,0.82116,0.82138,0.82201,0.82138,0.82116,0.82138,0.82201,0.82138,0.82116,0.82138,0.82201,0.82138,0.82116,0.82138,0.82201,0.82138,0.82116,0.82138,0.82201,0.82138,0.82116,0.82138,0.82201,0.82138,0.82116,0.82138,0.82201,0.82138,0.82116,0.82138,0.82201,0.82138,0.82116,0.82138,0.82201,0.82138,0.82116,0.82138,0.82201,0.82138,0.82116,0.82231,0.82201,0.81945,0.8268,0.81607,0.82201,0.833,0.79954,0.84329,0.82201,0.77578,0.93097,0.64171
0.24244,0.26111,0.22566,0.25044,0.24244,0.2382,0.24649,0.2403,0.24244,0.24326,0.24148,0.24272,0.24244,0.24226,0.24219,0.24226,0.24244,0.24226,0.24219,0.24226,0.24244,0.24226,0.24219,0.24226,0.24244,0.24226,0.24219,0.24226,0.24244,0.24226,0.24219,0.24226,0.24244,0.24226,0.24219,0.24226,0.24244,0.24226,0.24219,0.24226,0.24244,0.24226,0.24219,0.24226,0.24244,0.24226,0.24219,0.24226,0.24244,0.24226,0.24219,0.24226,0.24244,0.24226,0.24219,0.24226,0.24244,0.24226,0.24219,0.24226,0.24244,0.24226,0.24219,0.24226,0.24244,0.24226,0.24219,0.24226,0.24244,0.24226,0.24219,0.24226,0.24244,0.24226,0.24219,0.24226,0.24244,0.24226,0.24219,0.24226,0.24244,0.24226,0.24219,0.24226,0.24244,0.24226,0.24219,0.24226,0.24244,0.24226,0.24219,0.24226,0.24244,0.24226,0.24219,0.24226,0.24244,0.24226,0.24219,0.24226,0.24244,0.24226,0.24219,0.24226,0.24244,0.24226,0.24219,0.24226,0.24244,0.24226,0.24219,0.24226,0.24244,0.24226,0.24219,0.24165,0.24244,0.24351,0.23852,0.24571,0.24244,0.23472,0.25621,0.22804,0.24244,0.27185,0.17093,0.35884,0.77584,0.81674,0.73868,0.79326,0.77584,0.76632,0.7845,0.77095,0.77584,0.77746,0.77348,0.77627,0.77584,0.77525,0.77504,0.77525,0.77584,0.77525,0.77504,0.77525,0.77584,0.77525,0.77504,0.77525,0.77584,0.77525,0.77504,0.77525,0.77584,0.77525,0.77504,0.77525,0.77584,0.77525,0.77504,0.77525,0.77584,0.77525,0.77504,0.77525,0.77584,0.77525,0.77504,0.77525,0.77584,0.77525,0.77504,0.77525,0.77584,0.77525,0.77504,0.77525,0.77584,0.77525,0.77504,0.77525,0.77584,0.77525,0.77504,0.77525,0.77584,0.77525,0.77504,0.77525,0.77584,0.77525,0.77504,0.77525,0.77584,0.77525,0.77504,0.77525,0.77584,0.77525,0.77504,0.77525,0.77584,0.77525,0.77504,0.77525,0.77584,0.77525,0.77504,0.77525,0.77584,0.77525,0.77504,0.77525,0.77584,0.77525,0.77504,0.77525,0.77584,0.77525,0.77504,0.77525,0.77584,0.77525,0.77504,0.77525,0.77584,0.77525,0.77504,0.77525,0.77584,0.77525,0.77504,0.77525,0.77584,0.77525,0.77504,0.77525,0.77584,0.77525,0.77504,0.77613,0.77584,0.77343,0.78037,0.77024,0.77584,0.78622,0.75464,0.79593,0.77584,0.73221,0.87868,0.60567
0.81102,0.87349,0.7549,0.83778,0.81102,0.79683,0.82456,0.80386,0.81102,0.81376,0.80782,0.81195,0.81102,0.81041,0.81018,0.81041,0.81102,0.81041,0.81018,0.81041,0.81102,0.81041,0.81018,0.81041,0.81102,0.81041,0.81018,0.81041,0.81102,0.81041,0.81018,0.81041,0.81102,0.81041,0.81018,0.81041,0.81102,0.81041,0.81018,0.81041,0.81102,0.81041,0.81018,0.81041,0.81102,0.81041,0.81018,0.81041,0.81102,0.81041,0.81018,0.81041,0.81102,0.81041,0.81018,0.81041,0.81102,0.81041,0.81018,0.81041,0.81102,0.81041,0.81018,0.81041,0.81102,0.81041,0.81018,0.81041,0.81102,0.81041,0.81018,0.81041,0.81102,0.81041,0.81018,0.81041,0.81102,0.81041,0.81018,0.81041,0.81102,0.81041,0.81018,0.81041,0.81102,0.81041,0.81018,0.81041,0.81102,0.81041,0.81018,0.81041,0.81102,0.81041,0.81018,0.81041,0.81102,0.81041,0.81018,0.81041,0.81102,0.81041,0.81018,0.81041,0.81102,0.81041,0.81018,0.81041,0.81102,0.81041,0.81018,0.81041,0.81102,0.81041,0.81018,0.81041,0.81102,0.81041,0.81018,0.81041,0.81102,0.81041,0.81018,0.81041,0.81102,0.81041,0.81018,0.81041,0.81102,0.81041,0.81018,0.81041,0.81102,0.81041,0.81018,0.81041,0.81102,0.81041,0.81018,0.81041,0.81102,0.81041,0.81018,0.81041,0.81102,0.81041,0.81018,0.81041,0.81102,0.81041,0.81018,0.81041,0.81102,0.81041,0.81018,0.81041,0.81102,0.81041,0.81018,0.81041,0.81102,0.81041,0.81018,0.81041,0.81102,0.81041,0.81018,0.81041,0.81102,0.81041,0.81018,0.81041,0.81102,0.81041,0.81018,0.81041,0.81102,0.81041,0.81018,0.81041,0.81102,0.81041,0.81018,0.81041,0.81102,0.81041,0.81018,0.81041,0.81102,0.81041,0.81018,0.81041,0.81102,0.81041,0.81018,0.81041,0.81102,0.81041,0.81018,0.81041,0.81102,0.81041,0.81018,0.81041,0.81102,0.81041,0.81018,0.81041,0.81102,0.81041,0.81018,0.81041,0.81102,0.81041,0.81018,0.81041,0.81102,0.81041,0.81018,0.81041,0.81102,0.81041,0.81018,0.81041,0.81102,0.81041,0.81018,0.81041,0.81102,0.81041,0.81018,0.81041,0.81102,0.81041,0.81018,0.81041,0.81102,0.81041,0.81018,0.81041,0.81102,0.81041,0.81018,0.81133,0.81102,0.8085,0.81575,0.80517,0.81102,0.82187,0.78886,0.83202,0.81102,0.76542,0.91853,0.63314
0.83125,0.89528,0.77373,0.85868,0.83125,0.8167,0.84513,0.82391,0.83125,0.83406,0.82797,0.8322,0.83125,0.83062,0.83039,0.83062,0.83125,0.83062,0.83039,0.83062,0.83125,0.83062,0.83039,0.83062,0.83125,0.83062,0.83039,0.83062,0.83125,0.83062,0.83039,0.83062,0.83125,0.83062,0.83039,0.83062,0.83125,0.83062,0.83039,0.83062,0.83125,0.83062,0.83039,0.83062,0.83125,0.83062,0.83039,0.83062,0.83125,0.83062,0.83039,0.83062,0.83125,0.83062,0.83039,0.83062,0.83125,0.83062,0.83039,0.83062,0.83125,0.83062,0.83039,0.83062,0.83125,0.83062,0.83039,0.83062,0.83125,0.83062,0.83039,0.83062,0.83125,0.83062,0.83039,0.83062,0.83125,0.83062,0.83039,0.83062,0.83125,0.83062,0.83039,0.83062,0.83125,0.83062,0.83039,0.83062,0.83125,0.83062,0.83039,0.83062,0.83125,0.83062,0.83039,0.83062,0.83125,0.83062,0.83039,0.83062,0.83125,0.83062,0.83039,0.83062,0.83125,0.83062,0.83039,0.83062,0.83125,0.83062,0.83039,0.83062,0.83125,0.83062,0.83039,0.83062,0.83125,0.83062,0.83039,0.83062,0.83125,0.83062,0.83039,0.83062,0.83125,0.83062,0.83039,0.83062,0.83125,0.83062,0.83039,0.83062,0.83125,0.83062,0.83039,0.83062,0.83125,0.83062,0.83039,0.83062,0.83125,0.83062,0.83039,0.83062,0.83125,0.83062,0.83039,0.83062,0.83125,0.83062,0.83039,0.83062,0.83125,0.83062,0.83039,0.83062,0.83125,0.83062,0.83039,0.83062,0.83125,0.83062,0.83039,0.83062,0.83125,0.83062,0.83039,0.83062,0.83125,0.83062,0.83039,0.83062,0.83125,0.83062,0.83039,0.83062,0.83125,0.83062,0.83039,0.83062,0.83125,0.83062,0.83039,0.83062,0.83125,0.83062,0.83039,0.83062,0.83125,0.83062,0.83039,0.83062,0.83125,0.83062,0.83039,0.83062,0.83125,0.83062,0.83039,0.83062,0.83125,0.83062,0.83039,0.83062,0.83125,0.83062,0.83039,0.83062,0.83125,0.83062,0.83039,0.83062,0.83125,0.83062,0.83039,0.83062,0.83125,0.83062,0.83039,0.83062,0.83125,0.83062,0.83039,0.83062,0.83125,0.83062,0.83039,0.83062,0.83125,0.83062,0.83039,0.83062,0.83125,0.83062,0.83039,0.83062,0.83125,0.83062,0.83039,0.83062,0.83125,0.83062,0.83039,0.83156,0.83125,0.82867,0.8361,0.82525,0.83125,0.84237,0.80854,0.85278,0.83125,0.78451,0.94144,0.64893
0.79048,0.85136,0.73578,0.81656,0.79048,0.77664,0.80368,0.7835,0.79048,0.79315,0.78736,0.79138,0.79048,0.78988,0.78966,0.78988,0.79048,0.78988,0.78966,0.78988,0.79048,0.78988,0.78966,0.78988,0.79048,0.78988,0.78966,0.78988,0.79048,0.78988,0.78966,0.78988,0.79048,0.78988,0.78966,0.78988,0.79048,0.78988,0.78966,0.78988,0.79048,0.78988,0.78966,0.78988,0.79048,0.78988,0.78966,0.78988,0.79048,0.78988,0.78966,0.78988,0.79048,0.78988,0.78966,0.78988,0.79048,0.78988,0.78966,0.78988,0.79048,0.78988,0.78966,0.78988,0.79048,0.78988,0.78966,0.78988,0.79048,0.78988,0.78966,0.78988,0.79048,0.78988,0.78966,0.78988,0.79048,0.78988,0.78966,0.78988,0.79048,0.78988,0.78966,0.78988,0.79048,0.78988,0.78966,0.78988,0.79048,0.78988,0.78966,0.78988,0.79048,0.78988,0.78966,0.78988,0.79048,0.78988,0.78966,0.78988,0.79048,0.78988,0.78966,0.78988,0.79048,0.78988,0.78966,0.78988,0.79048,0.78988,0.78966,0.78988,0.79048,0.78988,0.78966,0.78988,0.79048,0.78988,0.78966,0.78988,0.79048,0.78988,0.78966,0.78988,0.79048,0.78988,0.78966,0.78988,0.79048,0.78988,0.78966,0.78988,0.79048,0.78988,0.78966,0.78988,0.79048,0.78988,0.78966,0.78988,0.79048,0.78988,0.78966,0.78988,0.79048,0.78988,0.78966,0.78988,0.79048,0.78988,0.78966,0.78988,0.79048,0.78988,0.78966,0.78988,0.79048,0.78988,0.78966,0.78988,0.79048,0.78988,0.78966,0.78988,0.79048,0.78988,0.78966,0.78988,0.79048,0.78988,0.78966,0.78988,0.79048,0.78988,0.78966,0.78988,0.79048,0.78988,0.78966,0.78988,0.79048,0.78988,0.78966,0.78988,0.79048,0.78988,0.78966,0.78988,0.79048,0.78988,0.78966,0.78988,0.79048,0.78988,0.78966,0.78988,0.79048,0.78988,0.78966,0.78988,0.79048,0.78988,0.78966,0.78988,0.79048,0.78988,0.78966,0.78988,0.79048,0.78988,0.78966,0.78988,0.79048,0.78988,0.78966,0.78988,0.79048,0.78988,0.78966,0.78988,0.79048,0.78988,0.78966,0.78988,0.79048,0.78988,0.78966,0.78988,0.79048,0.78988,0.78966,0.78988,0.79048,0.78988,0.78966,0.78988,0.79048,0.78988,0.78966,0.78988,0.79048,0.78988,0.78966,0.79077,0.79048,0.78802,0.79509,0.78477,0.79048,0.80105,0.76888,0.81095,0.79048,0.74603,0.89526,0.6171
0.83561,0.89997,0.77778,0.86318,0.83561,0.82098,0.84956,0.82823,0.83561,0.83843,0.83231,0.83656,0.83561,0.83498,0.83474,0.83498,0.83561,0.83498,0.83474,0.83498,0.83561,0.83498,0.83474,0.83498,0.83561,0.83498,0.83474,0.83498,0.83561,0.83498,0.83474,0.83498,0.83561,0.83498,0.83474,0.83498,0.83561,0.83498,0.83474,0.83498,0.83561,0.83498,0.83474,0.83498,0.83561,0.83498,0.83474,0.83498,0.83561,0.83498,0.83474,0.83498,0.83561,0.83498,0.83474,0.83498,0.83561,0.83498,0.83474,0.83498,0.83561,0.83498,0.83474,0.83498,0.83561,0.83498,0.83474,0.83498,0.83561,0.83498,0.83474,0.83498,0.83561,0.83498,0.83474,0.83498,0.83561,0.83498,0.83474,0.83498,0.83561,0.83498,0.83474,0.83498,0.83561,0.83498,0.83474,0.83498,0.83561,0.83498,0.83474,0.83498,0.83561,0.83498,0.83474,0.83498,0.83561,0.83498,0.83474,0.83498,0.83561,0.83498,0.83474,0.83498,0.83561,0.83498,0.83474,0.83498,0.83561,0.83498,0.83474,0.83498,0.83561,0.83498,0.83474,0.83498,0.83561,0.83498,0.83474,0.83498,0.83561,0.83498,0.83474,0.83498,0.83561,0.83498,0.83474,0.83498,0.83561,0.83498,0.83474,0.83498,0.83561,0.83498,0.83474,0.83498,0.83561,0.83498,0.83474,0.83498,0.83561,0.83498,0.83474,0.83498,0.83561,0.83498,0.83474,0.83498,0.83561,0.83498,0.83474,0.83498,0.83561,0.83498,0.83474,0.83498,0.83561,0.83498,0.83474,0.83498,0.83561,0.83498,0.83474,0.83498,0.83561,0.83498,0.83474,0.83498,0.83561,0.83498,0.83474,0.83498,0.83561,0.83498,0.83474,0.83498,0.83561,0.83498,0.83474,0.83498,0.83561,0.83498,0.83474,0.83498,0.83561,0.83498,0.83474,0.83498,0.83561,0.83498,0.83474,0.83498,0.83561,0.83498,0.83474,0.83498,0.83561,0.83498,0.83474,0.83498,0.83561,0.83498,0.83474,0.83498,0.83561,0.83498,0.83474,0.83498,0.83561,0.83498,0.83474,0.83498,0.83561,0.83498,0.83474,0.83498,0.83561,0.83498,0.83474,0.83498,0.83561,0.83498,0.83474,0.83498,0.83561,0.83498,0.83474,0.83498,0.83561,0.83498,0.83474,0.83498,0.83561,0.83498,0.83474,0.83498,0.83561,0.83498,0.83474,0.83498,0.83561,0.83498,0.83474,0.83592,0.83561,0.83301,0.84049,0.82957,0.83561,0.84679,0.81277,0.85725,0.83561,0.78862,0.94637,0.65233
0.50224,0.54092,0.46749,0.51881,0.50224,0.49345,0.51063,0.49781,0.50224,0.50394,0.50026,0.50282,0.50224,0.50186,0.50172,0.50186,0.50224,0.50186,0.50172,0.50186,0.50224,0.50186,0.50172,0.50186,0.50224,0.50186,0.50172,0.50186,0.50224,0.50186,0.50172,0.50186,0.50224,0.50186,0.50172,0.50186,0.50224,0.50186,0.50172,0.50186,0.50224,0.50186,0.50172,0.50186,0.50224,0.50186,0.50172,0.50186,0.50224,0.50186,0.50172,0.50186,0.50224,0.50186,0.50172,0.50186,0.50224,0.50186,0.50172,0.50186,0.50224,0.50186,0.50172,0.50186,0.50224,0.50186,0.50172,0.50186,0.50224,0.50186,0.50172,0.50186,0.50224,0.50186,0.50172,0.50186,0.50224,0.50186,0.50172,0.50186,0.50224,0.50186,0.50172,0.50186,0.50224,0.50186,0.50172,0.50186,0.50224,0.50186,0.50172,0.50186,0.50224,0.50186,0.50172,0.50186,0.50224,0.50186,0.50172,0.50186,0.50224,0.50186,0.50172,0.50186,0.50224,0.50186,0.50172,0.50186,0.50224,0.50186,0.50172,0.50186,0.50224,0.50186,0.50172,0.5016,0.50224,0.50241,0.50011,0.50338,0.50224,0.49855,0.50789,0.49561,0.50224,0.51487,0.47039,0.55312,0.73677,0.75445,0.72002,0.74413,0.73677,0.73228,0.74017,0.73432,0.73677,0.73718,0.73532,0.73666,0.73677,0.73621,0.73601,0.73621,0.73677,0.73621,0.73601,0.73621,0.73677,0.73621,0.73601,0.73621,0.73677,0.73621,0.73601,0.73621,0.73677,0.73621,0.73601,0.73621,0.73677,0.73621,0.73601,0.73621,0.73677,0.73621,0.73601,0.73621,0.73677,0.73621,0.73601,0.73621,0.73677,0.73621,0.73601,0.73621,0.73677,0.73621,0.73601,0.73621,0.73677,0.73621,0.73601,0.73621,0.73677,0.73621,0.73601,0.73621,0.73677,0.73621,0.73601,0.73621,0.73677,0.73621,0.73601,0.73621,0.73677,0.73621,0.73601,0.73621,0.73677,0.73621,0.73601,0.73621,0.73677,0.73621,0.73601,0.73621,0.73677,0.73621,0.73601,0.73621,0.73677,0.73621,0.73601,0.73621,0.73677,0.73621,0.73601,0.73621,0.73677,0.73621,0.73601,0.73621,0.73677,0.73621,0.73601,0.73621,0.73677,0.73621,0.73601,0.73621,0.73677,0.73621,0.73601,0.73621,0.73677,0.73621,0.73601,0.73621,0.73677,0.73621,0.73601,0.73704,0.73677,0.73448,0.74107,0.73145,0.73677,0.74662,0.71664,0.75585,0.73677,0.69534,0.83443,0.57517
0.85086,0.9164,0.79198,0.87894,0.85086,0.83597,0.86507,0.84335,0.85086,0.85374,0.8475,0.85184,0.85086,0.85022,0.84998,0.85022,0.85086,0.85022,0.84998,0.85022,0.85086,0.85022,0.84998,0.85022,0.85086,0.85022,0.84998,0.85022,0.85086,0.85022,0.84998,0.85022,0.85086,0.85022,0.84998,0.85022,0.85086,0.85022,0.84998,0.85022,0.85086,0.85022,0.84998,0.85022,0.85086,0.85022,0.84998,0.85022,0.85086,0.85022,0.84998,0.85022,0.85086,0.85022,0.84998,0.85022,0.85086,0.85022,0.84998,0.85022,0.85086,0.85022,0.84998,0.85022,0.85086,0.85022,0.84998,0.85022,0.85086,0.85022,0.84998,0.85022,0.85086,0.85022,0.84998,0.85022,0.85086,0.85022,0.84998,0.85022,0.85086,0.85022,0.84998,0.85022,0.85086,0.85022,0.84998,0.85022,0.85086,0.85022,0.84998,0.85022,0.85086,0.85022,0.84998,0.85022,0.85086,0.85022,0.84998,0.85022,0.85086,0.85022,0.84998,0.85022,0.85086,0.85022,0.84998,0.85022,0.85086,0.85022,0.84998,0.85022,0.85086,0.85022,0.84998,0.85022,0.85086,0.85022,0.84998,0.85022,0.85086,0.85022,0.84998,0.85022,0.85086,0.85022,0.84998,0.85022,0.85086,0.85022,0.84998,0.85022,0.85086,0.85022,0.84998,0.85022,0.85086,0.85022,0.84998,0.85022,0.85086,0.85022,0.84998,0.85022,0.85086,0.85022,0.84998,0.85022,0.85086,0.85022,0.84998,0.85022,0.85086,0.85022,0.84998,0.85022,0.85086,0.85022,0.84998,0.85022,0.85086,0.85022,0.84998,0.85022,0.85086,0.85022,0.84998,0.85022,0.85086,0.85022,0.84998,0.85022,0.85086,0.85022,0.84998,0.85022,0.85086,0.85022,0.84998,0.85022,0.85086,0.85022,0.84998,0.85022,0.85086,0.85022,0.84998,0.85022,0.85086,0.85022,0.84998,0.85022,0.85086,0.85022,0.84998,0.85022,0.85086,0.85022,0.84998,0.85022,0.85086,0.85022,0.84998,0.85022,0.85086,0.85022,0.84998,0.85022,0.85086,0.85022,0.84998,0.85022,0.85086,0.85022,0.84998,0.85022,0.85086,0.85022,0.84998,0.85022,0.85086,0.85022,0.84998,0.85022,0.85086,0.85022,0.84998,0.85022,0.85086,0.85022,0.84998,0.85022,0.85086,0.85022,0.84998,0.85022,0.85086,0.85022,0.84998,0.85022,0.85086,0.85022,0.84998,0.85118,0.85086,0.84822,0.85583,0.84472,0.85086,0.86225,0.82761,0.8729,0.85086,0.80302,0.96365,0.66424
0.62362,0.67165,0.58046,0.64419,0.62362,0.6127,0.63403,0.61811,0.62362,0.62572,0.62116,0.62433,0.62362,0.62315,0.62297,0.62315,0.62362,0.62315,0.62297,0.62315,0.62362,0.62315,0.62297,0.62315,0.62362,0.62315,0.62297,0.62315,0.62362,0.62315,0.62297,0.62315,0.62362,0.62315,0.62297,0.62315,0.62362,0.62315,0.62297,0.62315,0.62362,0.62315,0.62297,0.62315,0.62362,0.62315,0.62297,0.62315,0.62362,0.62315,0.62297,0.62315,0.62362,0.62315,0.62297,0.62315,0.62362,0.62315,0.62297,0.62315,0.62362,0.62315,0.62297,0.62315,0.62362,0.62315,0.62297,0.62315,0.62362,0.62315,0.62297,0.62315,0.62362,0.62315,0.62297,0.62315,0.62362,0.62315,0.62297,0.62315,0.62362,0.62315,0.62297,0.62315,0.62362,0.62315,0.62297,0.62315,0.62362,0.62315,0.62297,0.62315,0.62362,0.62315,0.62297,0.62315,0.62362,0.62315,0.62297,0.62315,0.62362,0.62315,0.62297,0.62315,0.62362,0.62315,0.62297,0.62315,0.62362,0.62315,0.62297,0.62315,0.62362,0.62315,0.62297,0.62301,0.62362,0.62343,0.62214,0.62393,0.62362,0.62143,0.62616,0.61992,0.62362,0.62987,0.60677,0.64965,0.74486,0.75373,0.73583,0.74839,0.74486,0.74227,0.74624,0.74332,0.74486,0.7448,0.74374,0.74453,0.74486,0.7443,0.74409,0.7443,0.74486,0.7443,0.74409,0.7443,0.74486,0.7443,0.74409,0.7443,0.74486,0.7443,0.74409,0.7443,0.74486,0.7443,0.74409,0.7443,0.74486,0.7443,0.74409,0.7443,0.74486,0.7443,0.74409,0.7443,0.74486,0.7443,0.74409,0.7443,0.74486,0.7443,0.74409,0.7443,0.74486,0.7443,0.74409,0.7443,0.74486,0.7443,0.74409,0.7443,0.74486,0.7443,0.74409,0.7443,0.74486,0.7443,0.74409,0.7443,0.74486,0.7443,0.74409,0.7443,0.74486,0.7443,0.74409,0.7443,0.74486,0.7443,0.74409,0.7443,0.74486,0.7443,0.74409,0.7443,0.74486,0.7443,0.74409,0.7443,0.74486,0.7443,0.74409,0.7443,0.74486,0.7443,0.74409,0.7443,0.74486,0.7443,0.74409,0.7443,0.74486,0.7443,0.74409,0.7443,0.74486,0.7443,0.74409,0.7443,0.74486,0.7443,0.74409,0.7443,0.74486,0.7443,0.74409,0.7443,0.74486,0.7443,0.74409,0.74514,0.74486,0.74255,0.74921,0.73948,0.74486,0.75483,0.72451,0.76415,0.74486,0.70298,0.8436,0.58149
0.81971,0.88285,0.76299,0.84676,0.81971,0.80537,0.8334,0.81248,0.81971,0.82248,0.81648,0.82065,0.81971,0.81909,0.81886,0.81909,0.81971,0.81909,0.81886,0.81909,0.81971,0.81909,0.81886,0.81909,0.81971,0.81909,0.81886,0.81909,0.81971,0.81909,0.81886,0.81909,0.81971,0.81909,0.81886,0.81909,0.81971,0.81909,0.81886,0.81909,0.81971,0.81909,0.81886,0.81909,0.81971,0.81909,0.81886,0.81909,0.81971,0.81909,0.81886,0.81909,0.81971,0.81909,0.81886,0.81909,0.81971,0.81909,0.81886,0.81909,0.81971,0.81909,0.81886,0.81909,0.81971,0.81909,0.81886,0.81909,0.81971,0.81909,0.81886,0.81909,0.81971,0.81909,0.81886,0.81909,0.81971,0.81909,0.81886,0.81909,0.81971,0.81909,0.81886,0.81909,0.81971,0.81909,0.81886,0.81909,0.81971,0.81909,0.81886,0.81909,0.81971,0.81909,0.81886,0.81909,0.81971,0.81909,0.81886,0.81909,0.81971,0.81909,0.81886,0.81909,0.81971,0.81909,0.81886,0.81909,0.81971,0.81909,0.81886,0.81909,0.81971,0.81909,0.81886,0.81909,0.81971,0.81909,0.81886,0.81909,0.81971,0.81909,0.81886,0.81909,0.81971,0.81909,0.81886,0.81909,0.81971,0.81909,0.81886,0.81909,0.81971,0.81909,0.81886,0.81909,0.81971,0.81909,0.81886,0.81909,0.81971,0.81909,0.81886,0.81909,0.81971,0.81909,0.81886,0.81909,0.81971,0.81909,0.81886,0.81909,0.81971,0.81909,0.81886,0.81909,0.81971,0.81909,0.81886,0.81909,0.81971,0.81909,0.81886,0.81909,0.81971,0.81909,0.81886,0.81909,0.81971,0.81909,0.81886,0.81909,0.81971,0.81909,0.81886,0.81909,0.81971,0.81909,0.81886,0.81909,0.81971,0.81909,0.81886,0.81909,0.81971,0.81909,0.81886,0.81909,0.81971,0.81909,0.81886,0.81909,0.81971,0.81909,0.81886,0.81909,0.81971,0.81909,0.81886,0.81909,0.81971,0.81909,0.81886,0.81909,0.81971,0.81909,0.81886,0.81909,0.81971,0.81909,0.81886,0.81909,0.81971,0.81909,0.81886,0.81909,0.81971,0.81909,0.81886,0.81909,0.81971,0.81909,0.81886,0.81909,0.81971,0.81909,0.81886,0.81909,0.81971,0.81909,0.81886,0.81909,0.81971,0.81909,0.81886,0.81909,0.81971,0.81909,0.81886,0.81909,0.81971,0.81909,0.81886,0.82002,0.81971,0.81717,0.8245,0.81379,0.81971,0.83068,0.79731,0.84094,0.81971,0.77362,0.92837,0.63992
0.79801,0.85948,0.74279,0.82434,0.79801,0.78405,0.81134,0.79097,0.79801,0.80071,0.79486,0.79893,0.79801,0.79741,0.79719,0.79741,0.79801,0.79741,0.79719,0.79741,0.79801,0.79741,0.79719,0.79741,0.79801,0.79741,0.79719,0.79741,0.79801,0.79741,0.79719,0.79741,0.79801,0.79741,0.79719,0.79741,0.79801,0.79741,0.79719,0.79741,0.79801,0.79741,0.79719,0.79741,0.79801,0.79741,0.79719,0.79741,0.79801,0.79741,0.79719,0.79741,0.79801,0.79741,0.79719,0.79741,0.79801,0.79741,0.79719,0.79741,0.79801,0.79741,0.79719,0.79741,0.79801,0.79741,0.79719,0.79741,0.79801,0.79741,0.79719,0.79741,0.79801,0.79741,0.79719,0.79741,0.79801,0.79741,0.79719,0.79741,0.79801,0.79741,0.79719,0.79741,0.79801,0.79741,0.79719,0.79741,0.79801,0.79741,0.79719,0.79741,0.79801,0.79741,0.79719,0.79741,0.79801,0.79741,0.79719,0.79741,0.79801,0.79741,0.79719,0.79741,0.79801,0.79741,0.79719,0.79741,0.79801,0.79741,0.79719,0.79741,0.79801,0.79741,0.79719,0.79741,0.79801,0.79741,0.79719,0.79741,0.79801,0.79741,0.79719,0.79741,0.79801,0.79741,0.79719,0.79741,0.79801,0.79741,0.79719,0.79741,0.79801,0.79741,0.79719,0.79741,0.79801,0.79741,0.79719,0.79741,0.79801,0.79741,0.79719,0.79741,0.79801,0.79741,0.79719,0.79741,0.79801,0.79741,0.79719,0.79741,0.79801,0.79741,0.79719,0.79741,0.79801,0.79741,0.79719,0.79741,0.79801,0.79741,0.79719,0.79741,0.79801,0.79741,0.79719,0.79741,0.79801,0.79741,0.79719,0.79741,0.79801,0.79741,0.79719,0.79741,0.79801,0.79741,0.79719,0.79741,0.79801,0.79741,0.79719,0.79741,0.79801,0.79741,0.79719,0.79741,0.79801,0.79741,0.79719,0.79741,0.79801,0.79741,0.79719,0.79741,0.79801,0.79741,0.79719,0.79741,0.79801,0.79741,0.79719,0.79741,0.79801,0.79741,0.79719,0.79741,0.79801,0.79741,0.79719,0.79741,0.79801,0.79741,0.79719,0.79741,0.79801,0.79741,0.79719,0.79741,0.79801,0.79741,0.79719,0.79741,0.79801,0.79741,0.79719,0.79741,0.79801,0.79741,0.79719,0.79741,0.79801,0.79741,0.79719,0.79741,0.79801,0.79741,0.79719,0.79741,0.79801,0.79741,0.79719,0.79831,0.79801,0.79554,0.80267,0.79225,0.79801,0.80869,0.77621,0.81868,0.79801,0.75314,0.9038,0.62299
0.84798,0.9133,0.7893,0.87596,0.84798,0.83314,0.86214,0.8405,0.84798,0.85085,0.84464,0.84895,0.84798,0.84734,0.84711,0.84734,0.84798,0.84734,0.84711,0.84734,0.84798,0.84734,0.84711,0.84734,0.84798,0.84734,0.84711,0.84734,0.84798,0.84734,0.84711,0.84734,0.84798,0.84734,0.84711,0.84734,0.84798,0.84734,0.84711,0.84734,0.84798,0.84734,0.84711,0.84734,0.84798,0.84734,0.84711,0.84734,0.84798,0.84734,0.84711,0.84734,0.84798,0.84734,0.84711,0.84734,0.84798,0.84734,0.84711,0.84734,0.84798,0.84734,0.84711,0.84734,0.84798,0.84734,0.84711,0.84734,0.84798,0.84734,0.84711,0.84734,0.84798,0.84734,0.84711,0.84734,0.84798,0.84734,0.84711,0.84734,0.84798,0.84734,0.84711,0.84734,0.84798,0.84734,0.84711,0.84734,0.84798,0.84734,0.84711,0.84734,0.84798,0.84734,0.84711,0.84734,0.84798,0.84734,0.84711,0.84734,0.84798,0.84734,0.84711,0.84734,0.84798,0.84734,0.84711,0.84734,0.84798,0.84734,0.84711,0.84734,0.84798,0.84734,0.84711,0.84753,0.84798,0.84696,0.84822,0.8463,0.84798,0.84963,0.84284,0.85166,0.84798,0.83835,0.86876,0.81192,0.6859,0.67278,0.69624,0.67992,0.6859,0.6881,0.68232,0.68669,0.6859,0.68472,0.68567,0.68508,0.6859,0.68539,0.68519,0.68539,0.6859,0.68539,0.68519,0.68539,0.6859,0.68539,0.68519,0.68539,0.6859,0.68539,0.68519,0.68539,0.6859,0.68539,0.68519,0.68539,0.6859,0.68539,0.68519,0.68539,0.6859,0.68539,0.68519,0.68539,0.6859,0.68539,0.68519,0.68539,0.6859,0.68539,0.68519,0.68539,0.6859,0.68539,0.68519,0.68539,0.6859,0.68539,0.68519,0.68539,0.6859,0.68539,0.68519,0.68539,0.6859,0.68539,0.68519,0.68539,0.6859,0.68539,0.68519,0.68539,0.6859,0.68539,0.68519,0.68539,0.6859,0.68539,0.68519,0.68539,0.6859,0.68539,0.68519,0.68539,0.6859,0.68539,0.68519,0.68539,0.6859,0.68539,0.68519,0.68539,0.6859,0.68539,0.68519,0.68539,0.6859,0.68539,0.68519,0.68539,0.6859,0.68539,0.68519,0.68539,0.6859,0.68539,0.68519,0.68539,0.6859,0.68539,0.68519,0.68539,0.6859,0.68539,0.68519,0.68539,0.6859,0.68539,0.68519,0.68616,0.6859,0.68377,0.68991,0.68095,0.6859,0.69508,0.66716,0.70366,0.6859,0.64733,0.77682,0.53546
0.613,0.66022,0.57058,0.63323,0.613,0.60228,0.62324,0.60759,0.613,0.61508,0.61058,0.61371,0.613,0.61254,0.61237,0.61254,0.613,0.61254,0.61237,0.61254,0.613,0.61254,0.61237,0.61254,0.613,0.61254,0.61237,0.61254,0.613,0.61254,0.61237,0.61254,0.613,0.61254,0.61237,0.61254,0.613,0.61254,0.61237,0.61254,0.613,0.61254,0.61237,0.61254,0.613,0.61254,0.61237,0.61254,0.613,0.61254,0.61237,0.61254,0.613,0.61254,0.61237,0.61254,0.613,0.61254,0.61237,0.61254,0.613,0.61254,0.61237,0.61254,0.613,0.61254,0.61237,0.61254,0.613,0.61254,0.61237,0.61254,0.613,0.61254,0.61237,0.61254,0.613,0.61254,0.61237,0.61254,0.613,0.61254,0.61237,0.61254,0.613,0.61254,0.61237,0.61254,0.613,0.61254,0.61237,0.61254,0.613,0.61254,0.61237,0.61254,0.613,0.61254,0.61237,0.61254,0.613,0.61254,0.61237,0.61254,0.613,0.61254,0.61237,0.61254,0.613,0.61254,0.61237,0.61254,0.613,0.61254,0.61237,0.61225,0.613,0.61315,0.61058,0.61422,0.613,0.60886,0.61921,0.60561,0.613,0.62698,0.57761,0.66942,0.87323,0.89281,0.85459,0.88135,0.87323,0.86821,0.87694,0.87047,0.87323,0.87365,0.87157,0.87306,0.87323,0.87257,0.87233,0.87257,0.87323,0.87257,0.87233,0.87257,0.87323,0.87257,0.87233,0.87257,0.87323,0.87257,0.87233,0.87257,0.87323,0.87257,0.87233,0.87257,0.87323,0.87257,0.87233,0.87257,0.87323,0.87257,0.87233,0.87257,0.87323,0.87257,0.87233,0.87257,0.87323,0.87257,0.87233,0.87257,0.87323,0.87257,0.87233,0.87257,0.87323,0.87257,0.87233,0.87257,0.87323,0.87257,0.87233,0.87257,0.87323,0.87257,0.87233,0.87257,0.87323,0.87257,0.87233,0.87257,0.87323,0.87257,0.87233,0.87257,0.87323,0.87257,0.87233,0.87257,0.87323,0.87257,0.87233,0.87257,0.87323,0.87257,0.87233,0.87257,0.87323,0.87257,0.87233,0.87257,0.87323,0.87257,0.87233,0.87257,0.87323,0.87257,0.87233,0.87257,0.87323,0.87257,0.87233,0.87257,0.87323,0.87257,0.87233,0.87257,0.87323,0.87257,0.87233,0.87257,0.87323,0.87257,0.87233,0.87257,0.87323,0.87257,0.87233,0.87356,0.87323,0.87052,0.87833,0.86692,0.87323,0.88491,0.84937,0.89584,0.87323,0.82413,0.98898,0.6817
0.17051,0.18364,0.15871,0.17614,0.17051,0.16753,0.17336,0.169,0.17051,0.17109,0.16984,0.17071,0.17051,0.17038,0.17033,0.17038,0.17051,0.17038,0.17033,0.17038,0.17051,0.17038,0.17033,0.17038,0.17051,0.17038,0.17033,0.17038,0.17051,0.17038,0.17033,0.17038,0.17051,0.17038,0.17033,0.17038,0.17051,0.17038,0.17033,0.17038,0.17051,0.17038,0.17033,0.17038,0.17051,0.17038,0.17033,0.17038,0.17051,0.17038,0.17033,0.17038,0.17051,0.17038,0.17033,0.17038,0.17051,0.17038,0.17033,0.17038,0.17051,0.17038,0.17033,0.17038,0.17051,0.17038,0.17033,0.17038,0.17051,0.17038,0.17033,0.17038,0.17051,0.17038,0.17033,0.17038,0.17051,0.17038,0.17033,0.17038,0.17051,0.17038,0.17033,0.17038,0.17051,0.17038,0.17033,0.17038,0.17051,0.17038,0.17033,0.17038,0.17051,0.17038,0.17033,0.17038,0.17051,0.17038,0.17033,0.17038,0.17051,0.17038,0.17033,0.17038,0.17051,0.17038,0.17033,0.17038,0.17051,0.17038,0.17033,0.17038,0.17051,0.17038,0.17033,0.1696,0.17051,0.17202,0.16555,0.17488,0.17051,0.16054,0.18863,0.15183,0.17051,0.209,0.077345,0.32253,0.86658,0.92007,0.81824,0.88942,0.86658,0.85427,0.87803,0.86031,0.86658,0.86881,0.86366,0.86725,0.86658,0.86593,0.86569,0.86593,0.86658,0.86593,0.86569,0.86593,0.86658,0.86593,0.86569,0.86593,0.86658,0.86593,0.86569,0.86593,0.86658,0.86593,0.86569,0.86593,0.86658,0.86593,0.86569,0.86593,0.86658,0.86593,0.86569,0.86593,0.86658,0.86593,0.86569,0.86593,0.86658,0.86593,0.86569,0.86593,0.86658,0.86593,0.86569,0.86593,0.86658,0.86593,0.86569,0.86593,0.86658,0.86593,0.86569,0.86593,0.86658,0.86593,0.86569,0.86593,0.86658,0.86593,0.86569,0.86593,0.86658,0.86593,0.86569,0.86593,0.86658,0.86593,0.86569,0.86593,0.86658,0.86593,0.86569,0.86593,0.86658,0.86593,0.86569,0.86593,0.86658,0.86593,0.86569,0.86593,0.86658,0.86593,0.86569,0.86593,0.86658,0.86593,0.86569,0.86593,0.86658,0.86593,0.86569,0.86593,0.86658,0.86593,0.86569,0.86593,0.86658,0.86593,0.86569,0.86593,0.86658,0.86593,0.86569,0.86593,0.86658,0.86593,0.86569,0.86691,0.86658,0.86389,0.87164,0.86033,0.86658,0.87818,0.8429,0.88902,0.86658,0.81786,0.98146,0.67652
0.71719,0.77243,0.66756,0.74086,0.71719,0.70464,0.72917,0.71086,0.71719,0.71961,0.71436,0.71801,0.71719,0.71665,0.71645,0.71665,0.71719,0.71665,0.71645,0.71665,0.71719,0.71665,0.71645,0.71665,0.71719,0.71665,0.71645,0.71665,0.71719,0.71665,0.71645,0.71665,0.71719,0.71665,0.71645,0.71665,0.71719,0.71665,0.71645,0.71665,0.71719,0.71665,0.71645,0.71665,0.71719,0.71665,0.71645,0.71665,0.71719,0.71665,0.71645,0.71665,0.71719,0.71665,0.71645,0.71665,0.71719,0.71665,0.71645,0.71665,0.71719,0.71665,0.71645,0.71665,0.71719,0.71665,0.71645,0.71665,0.71719,0.71665,0.71645,0.71665,0.71719,0.71665,0.71645,0.71665,0.71719,0.71665,0.71645,0.71665,0.71719,0.71665,0.71645,0.71665,0.71719,0.71665,0.71645,0.71665,0.71719,0.71665,0.71645,0.71665,0.71719,0.71665,0.71645,0.71665,0.71719,0.71665,0.71645,0.71665,0.71719,0.71665,0.71645,0.71665,0.71719,0.71665,0.71645,0.71665,0.71719,0.71665,0.71645,0.71665,0.71719,0.71665,0.71645,0.71686,0.71719,0.71622,0.71772,0.71546,0.71719,0.71926,0.7116,0.72157,0.71719,0.70641,0.7411,0.67632,0.53269,0.51794,0.54472,0.52606,0.53269,0.53538,0.52887,0.53378,0.53269,0.53153,0.53268,0.53194,0.53269,0.53229,0.53214,0.53229,0.53269,0.53229,0.53214,0.53229,0.53269,0.53229,0.53214,0.53229,0.53269,0.53229,0.53214,0.53229,0.53269,0.53229,0.53214,0.53229,0.53269,0.53229,0.53214,0.53229,0.53269,0.53229,0.53214,0.53229,0.53269,0.53229,0.53214,0.53229,0.53269,0.53229,0.53214,0.53229,0.53269,0.53229,0.53214,0.53229,0.53269,0.53229,0.53214,0.53229,0.53269,0.53229,0.53214,0.53229,0.53269,0.53229,0.53214,0.53229,0.53269,0.53229,0.53214,0.53229,0.53269,0.53229,0.53214,0.53229,0.53269,0.53229,0.53214,0.53229,0.53269,0.53229,0.53214,0.53229,0.53269,0.53229,0.53214,0.53229,0.53269,0.53229,0.53214,0.53229,0.53269,0.53229,0.53214,0.53229,0.53269,0.53229,0.53214,0.53229,0.53269,0.53229,0.53214,0.53229,0.53269,0.53229,0.53214,0.53229,0.53269,0.53229,0.53214,0.53229,0.53269,0.53229,0.53214,0.53229,0.53269,0.53229,0.53214,0.53289,0.53269,0.53104,0.5358,0.52885,0.53269,0.53982,0.51814,0.54649,0.53269,0.50274,0.60331,0.41586
0.78613,0.84668,0.73173,0.81207,0.78613,0.77237,0.79926,0.77919,0.78613,0.78879,0.78303,0.78703,0.78613,0.78554,0.78532,0.78554,0.78613,0.78554,0.78532,0.78554,0.78613,0.78554,0.78532,0.78554,0.78613,0.78554,0.78532,0.78554,0.78613,0.78554,0.78532,0.78554,0.78613,0.78554,0.78532,0.78554,0.78613,0.78554,0.78532,0.78554,0.78613,0.78554,0.78532,0.78554,0.78613,0.78554,0.78532,0.78554,0.78613,0.78554,0.78532,0.78554,0.78613,0.78554,0.78532,0.78554,0.78613,0.78554,0.78532,0.78554,0.78613,0.78554,0.78532,0.78554,0.78613,0.78554,0.78532,0.78554,0.78613,0.78554,0.78532,0.78554,0.78613,0.78554,0.78532,0.78554,0.78613,0.78554,0.78532,0.78554,0.78613,0.78554,0.78532,0.78554,0.78613,0.78554,0.78532,0.78554,0.78613,0.78554,0.78532,0.78554,0.78613,0.78554,0.78532,0.78554,0.78613,0.78554,0.78532,0.78554,0.78613,0.78554,0.78532,0.78554,0.78613,0.78554,0.78532,0.78554,0.78613,0.78554,0.78532,0.78554,0.78613,0.78554,0.78532,0.7861,0.78613,0.78436,0.78877,0.78229,0.78613,0.79263,0.77211,0.79892,0.78613,0.75768,0.8524,0.67577,0.28395,0.24468,0.31789,0.26679,0.28395,0.29215,0.27475,0.28779,0.28395,0.28166,0.28512,0.28278,0.28395,0.28374,0.28366,0.28374,0.28395,0.28374,0.28366,0.28374,0.28395,0.28374,0.28366,0.28374,0.28395,0.28374,0.28366,0.28374,0.28395,0.28374,0.28366,0.28374,0.28395,0.28374,0.28366,0.28374,0.28395,0.28374,0.28366,0.28374,0.28395,0.28374,0.28366,0.28374,0.28395,0.28374,0.28366,0.28374,0.28395,0.28374,0.28366,0.28374,0.28395,0.28374,0.28366,0.28374,0.28395,0.28374,0.28366,0.28374,0.28395,0.28374,0.28366,0.28374,0.28395,0.28374,0.28366,0.28374,0.28395,0.28374,0.28366,0.28374,0.28395,0.28374,0.28366,0.28374,0.28395,0.28374,0.28366,0.28374,0.28395,0.28374,0.28366,0.28374,0.28395,0.28374,0.28366,0.28374,0.28395,0.28374,0.28366,0.28374,0.28395,0.28374,0.28366,0.28374,0.28395,0.28374,0.28366,0.28374,0.28395,0.28374,0.28366,0.28374,0.28395,0.28374,0.28366,0.28374,0.28395,0.28374,0.28366,0.28374,0.28395,0.28374,0.28366,0.28406,0.28395,0.28307,0.28561,0.2819,0.28395,0.28775,0.27619,0.2913,0.28395,0.26798,0.32159,0.22167
0.17826,0.19199,0.16593,0.18415,0.17826,0.17514,0.18124,0.17669,0.17826,0.17887,0.17756,0.17847,0.17826,0.17813,0.17808,0.17813,0.17826,0.17813,0.17808,0.17813,0.17826,0.17813,0.17808,0.17813,0.17826,0.17813,0.17808,0.17813,0.17826,0.17813,0.17808,0.17813,0.17826,0.17813,0.17808,0.17813,0.17826,0.17813,0.17808,0.17813,0.17826,0.17813,0.17808,0.17813,0.17826,0.17813,0.17808,0.17813,0.17826,0.17813,0.17808,0.17813,0.17826,0.17813,0.17808,0.17813,0.17826,0.17813,0.17808,0.17813,0.17826,0.17813,0.17808,0.17813,0.17826,0.17813,0.17808,0.17813,0.17826,0.17813,0.17808,0.17813,0.17826,0.17813,0.17808,0.17813,0.17826,0.17813,0.17808,0.17813,0.17826,0.17813,0.17808,0.17813,0.17826,0.17813,0.17808,0.17813,0.17826,0.17813,0.17808,0.17813,0.17826,0.17813,0.17808,0.17813,0.17826,0.17813,0.17808,0.17813,0.17826,0.17813,0.17808,0.17813,0.17826,0.17813,0.17808,0.17813,0.17826,0.17813,0.17808,0.17813,0.17826,0.17813,0.17808,0.17737,0.17826,0.17972,0.17343,0.1825,0.17826,0.16858,0.19585,0.16011,0.17826,0.21563,0.087775,0.32588,0.85425,0.90618,0.80728,0.87642,0.85425,0.84228,0.86535,0.84814,0.85425,0.85639,0.85139,0.85489,0.85425,0.8536,0.85336,0.8536,0.85425,0.8536,0.85336,0.8536,0.85425,0.8536,0.85336,0.8536,0.85425,0.8536,0.85336,0.8536,0.85425,0.8536,0.85336,0.8536,0.85425,0.8536,0.85336,0.8536,0.85425,0.8536,0.85336,0.8536,0.85425,0.8536,0.85336,0.8536,0.85425,0.8536,0.85336,0.8536,0.85425,0.8536,0.85336,0.8536,0.85425,0.8536,0.85336,0.8536,0.85425,0.8536,0.85336,0.8536,0.85425,0.8536,0.85336,0.8536,0.85425,0.8536,0.85336,0.8536,0.85425,0.8536,0.85336,0.8536,0.85425,0.8536,0.85336,0.8536,0.85425,0.8536,0.85336,0.8536,0.85425,0.8536,0.85336,0.8536,0.85425,0.8536,0.85336,0.8536,0.85425,0.8536,0.85336,0.8536,0.85425,0.8536,0.85336,0.8536,0.85425,0.8536,0.85336,0.8536,0.85425,0.8536,0.85336,0.8536,0.85425,0.8536,0.85336,0.8536,0.85425,0.8536,0.85336,0.8536,0.85425,0.8536,0.85336,0.85457,0.85425,0.85159,0.85923,0.84808,0.85425,0.86567,0.8309,0.87637,0.85425,0.80621,0.96748,0.66688
0.7857,0.84622,0.73133,0.81162,0.7857,0.77195,0.79882,0.77876,0.7857,0.78835,0.7826,0.7866,0.7857,0.7851,0.78489,0.7851,0.7857,0.7851,0.78489,0.7851,0.7857,0.7851,0.78489,0.7851,0.7857,0.7851,0.78489,0.7851,0.7857,0.7851,0.78489,0.7851,0.7857,0.7851,0.78489,0.7851,0.7857,0.7851,0.78489,0.7851,0.7857,0.7851,0.78489,0.7851,0.7857,0.7851,0.78489,0.7851,0.7857,0.7851,0.78489,0.7851,0.7857,0.7851,0.78489,0.7851,0.7857,0.7851,0.78489,0.7851,0.7857,0.7851,0.78489,0.7851,0.7857,0.7851,0.78489,0.7851,0.7857,0.7851,0.78489,0.7851,0.7857,0.7851,0.78489,0.7851,0.7857,0.7851,0.78489,0.7851,0.7857,0.7851,0.78489,0.7851,0.7857,0.7851,0.78489,0.7851,0.7857,0.7851,0.78489,0.7851,0.7857,0.7851,0.78489,0.7851,0.7857,0.7851,0.78489,0.7851,0.7857,0.7851,0.78489,0.7851,0.7857,0.7851,0.78489,0.7851,0.7857,0.7851,0.78489,0.7851,0.7857,0.7851,0.78489,0.7857,0.7857,0.78387,0.78849,0.78172,0.7857,0.79251,0.77111,0.79907,0.7857,0.75604,0.85488,0.67059,0.26179,0.22084,0.29723,0.24391,0.26179,0.27036,0.25222,0.26582,0.26179,0.25942,0.26304,0.26059,0.26179,0.26159,0.26151,0.26159,0.26179,0.26159,0.26151,0.26159,0.26179,0.26159,0.26151,0.26159,0.26179,0.26159,0.26151,0.26159,0.26179,0.26159,0.26151,0.26159,0.26179,0.26159,0.26151,0.26159,0.26179,0.26159,0.26151,0.26159,0.26179,0.26159,0.26151,0.26159,0.26179,0.26159,0.26151,0.26159,0.26179,0.26159,0.26151,0.26159,0.26179,0.26159,0.26151,0.26159,0.26179,0.26159,0.26151,0.26159,0.26179,0.26159,0.26151,0.26159,0.26179,0.26159,0.26151,0.26159,0.26179,0.26159,0.26151,0.26159,0.26179,0.26159,0.26151,0.26159,0.26179,0.26159,0.26151,0.26159,0.26179,0.26159,0.26151,0.26159,0.26179,0.26159,0.26151,0.26159,0.26179,0.26159,0.26151,0.26159,0.26179,0.26159,0.26151,0.26159,0.26179,0.26159,0.26151,0.26159,0.26179,0.26159,0.26151,0.26159,0.26179,0.26159,0.26151,0.26159,0.26179,0.26159,0.26151,0.26159,0.26179,0.26159,0.26151,0.26188,0.26179,0.26097,0.26331,0.2599,0.26179,0.26529,0.25463,0.26856,0.26179,0.24706,0.29649,0.20437
0.79321,0.85431,0.73832,0.81939,0.79321,0.77933,0.80646,0.78621,0.79321,0.79589,0.79008,0.79412,0.79321,0.79262,0.79239,0.79262,0.79321,0.79262,0.79239,0.79262,0.79321,0.79262,0.79239,0.79262,0.79321,0.79262,0.79239,0.79262,0.79321,0.79262,0.79239,0.79262,0.79321,0.79262,0.79239,0.79262,0.79321,0.79262,0.79239,0.79262,0.79321,0.79262,0.79239,0.79262,0.79321,0.79262,0.79239,0.79262,0.79321,0.79262,0.79239,0.79262,0.79321,0.79262,0.79239,0.79262,0.79321,0.79262,0.79239,0.79262,0.79321,0.79262,0.79239,0.79262,0.79321,0.79262,0.79239,0.79262,0.79321,0.79262,0.79239,0.79262,0.79321,0.79262,0.79239,0.79262,0.79321,0.79262,0.79239,0.79262,0.79321,0.79262,0.79239,0.79262,0.79321,0.79262,0.79239,0.79262,0.79321,0.79262,0.79239,0.79262,0.79321,0.79262,0.79239,0.79262,0.79321,0.79262,0.79239,0.79262,0.79321,0.79262,0.79239,0.79262,0.79321,0.79262,0.79239,0.79262,0.79321,0.79262,0.79239,0.79262,0.79321,0.79262,0.79239,0.79284,0.79321,0.79214,0.79378,0.79131,0.79321,0.79547,0.78708,0.79801,0.79321,0.78139,0.81942,0.7484,0.59092,0.57474,0.6041,0.58365,0.59092,0.59386,0.58672,0.59211,0.59092,0.58964,0.5909,0.59009,0.59092,0.59047,0.59031,0.59047,0.59092,0.59047,0.59031,0.59047,0.59092,0.59047,0.59031,0.59047,0.59092,0.59047,0.59031,0.59047,0.59092,0.59047,0.59031,0.59047,0.59092,0.59047,0.59031,0.59047,0.59092,0.59047,0.59031,0.59047,0.59092,0.59047,0.59031,0.59047,0.59092,0.59047,0.59031,0.59047,0.59092,0.59047,0.59031,0.59047,0.59092,0.59047,0.59031,0.59047,0.59092,0.59047,0.59031,0.59047,0.59092,0.59047,0.59031,0.59047,0.59092,0.59047,0.59031,0.59047,0.59092,0.59047,0.59031,0.59047,0.59092,0.59047,0.59031,0.59047,0.59092,0.59047,0.59031,0.59047,0.59092,0.59047,0.59031,0.59047,0.59092,0.59047,0.59031,0.59047,0.59092,0.59047,0.59031,0.59047,0.59092,0.59047,0.59031,0.59047,0.59092,0.59047,0.59031,0.59047,0.59092,0.59047,0.59031,0.59047,0.59092,0.59047,0.59031,0.59047,0.59092,0.59047,0.59031,0.59047,0.59092,0.59047,0.59031,0.59114,0.59092,0.58909,0.59437,0.58665,0.59092,0.59883,0.57477,0.60622,0.59092,0.55769,0.66925,0.46131
0.58346,0.62841,0.54309,0.60272,0.58346,0.57325,0.59321,0.57831,0.58346,0.58544,0.58116,0.58413,0.58346,0.58302,0.58286,0.58302,0.58346,0.58302,0.58286,0.58302,0.58346,0.58302,0.58286,0.58302,0.58346,0.58302,0.58286,0.58302,0.58346,0.58302,0.58286,0.58302,0.58346,0.58302,0.58286,0.58302,0.58346,0.58302,0.58286,0.58302,0.58346,0.58302,0.58286,0.58302,0.58346,0.58302,0.58286,0.58302,0.58346,0.58302,0.58286,0.58302,0.58346,0.58302,0.58286,0.58302,0.58346,0.58302,0.58286,0.58302,0.58346,0.58302,0.58286,0.58302,0.58346,0.58302,0.58286,0.58302,0.58346,0.58302,0.58286,0.58302,0.58346,0.58302,0.58286,0.58302,0.58346,0.58302,0.58286,0.58302,0.58346,0.58302,0.58286,0.58302,0.58346,0.58302,0.58286,0.58302,0.58346,0.58302,0.58286,0.58302,0.58346,0.58302,0.58286,0.58302,0.58346,0.58302,0.58286,0.58302,0.58346,0.58302,0.58286,0.58302,0.58346,0.58302,0.58286,0.58302,0.58346,0.58302,0.58286,0.58302,0.58346,0.58302,0.58286,0.58283,0.58346,0.58343,0.58168,0.58414,0.58346,0.58059,0.58738,0.57844,0.58346,0.59257,0.55988,0.62063,0.7555,0.76831,0.74299,0.76074,0.7555,0.75205,0.75777,0.75354,0.7555,0.75564,0.75422,0.75526,0.7555,0.75493,0.75472,0.75493,0.7555,0.75493,0.75472,0.75493,0.7555,0.75493,0.75472,0.75493,0.7555,0.75493,0.75472,0.75493,0.7555,0.75493,0.75472,0.75493,0.7555,0.75493,0.75472,0.75493,0.7555,0.75493,0.75472,0.75493,0.7555,0.75493,0.75472,0.75493,0.7555,0.75493,0.75472,0.75493,0.7555,0.75493,0.75472,0.75493,0.7555,0.75493,0.75472,0.75493,0.7555,0.75493,0.75472,0.75493,0.7555,0.75493,0.75472,0.75493,0.7555,0.75493,0.75472,0.75493,0.7555,0.75493,0.75472,0.75493,0.7555,0.75493,0.75472,0.75493,0.7555,0.75493,0.75472,0.75493,0.7555,0.75493,0.75472,0.75493,0.7555,0.75493,0.75472,0.75493,0.7555,0.75493,0.75472,0.75493,0.7555,0.75493,0.75472,0.75493,0.7555,0.75493,0.75472,0.75493,0.7555,0.75493,0.75472,0.75493,0.7555,0.75493,0.75472,0.75493,0.7555,0.75493,0.75472,0.75493,0.7555,0.75493,0.75472,0.75578,0.7555,0.75315,0.75991,0.75005,0.7555,0.76561,0.73486,0.77506,0.7555,0.71302,0.85565,0.5898
0.76573,0.82471,0.71275,0.791,0.76573,0.75233,0.77852,0.75897,0.76573,0.76832,0.76271,0.76661,0.76573,0.76516,0.76494,0.76516,0.76573,0.76516,0.76494,0.76516,0.76573,0.76516,0.76494,0.76516,0.76573,0.76516,0.76494,0.76516,0.76573,0.76516,0.76494,0.76516,0.76573,0.76516,0.76494,0.76516,0.76573,0.76516,0.76494,0.76516,0.76573,0.76516,0.76494,0.76516,0.76573,0.76516,0.76494,0.76516,0.76573,0.76516,0.76494,0.76516,0.76573,0.76516,0.76494,0.76516,0.76573,0.76516,0.76494,0.76516,0.76573,0.76516,0.76494,0.76516,0.76573,0.76516,0.76494,0.76516,0.76573,0.76516,0.76494,0.76516,0.76573,0.76516,0.76494,0.76516,0.76573,0.76516,0.76494,0.76516,0.76573,0.76516,0.76494,0.76516,0.76573,0.76516,0.76494,0.76516,0.76573,0.76516,0.76494,0.76516,0.76573,0.76516,0.76494,0.76516,0.76573,0.76516,0.76494,0.76516,0.76573,0.76516,0.76494,0.76516,0.76573,0.76516,0.76494,0.76516,0.76573,0.76516,0.76494,0.76516,0.76573,0.76516,0.76494,0.76533,0.76573,0.7648,0.76599,0.76417,0.76573,0.7673,0.76095,0.76921,0.76573,0.75672,0.78525,0.73193,0.61371,0.60143,0.62344,0.60812,0.61371,0.6158,0.61038,0.61448,0.61371,0.61262,0.61352,0.61296,0.61371,0.61325,0.61308,0.61325,0.61371,0.61325,0.61308,0.61325,0.61371,0.61325,0.61308,0.61325,0.61371,0.61325,0.61308,0.61325,0.61371,0.61325,0.61308,0.61325,0.61371,0.61325,0.61308,0.61325,0.61371,0.61325,0.61308,0.61325,0.61371,0.61325,0.61308,0.61325,0.61371,0.61325,0.61308,0.61325,0.61371,0.61325,0.61308,0.61325,0.61371,0.61325,0.61308,0.61325,0.61371,0.61325,0.61308,0.61325,0.61371,0.61325,0.61308,0.61325,0.61371,0.61325,0.61308,0.61325,0.61371,0.61325,0.61308,0.61325,0.61371,0.61325,0.61308,0.61325,0.61371,0.61325,0.61308,0.61325,0.61371,0.61325,0.61308,0.61325,0.61371,0.61325,0.61308,0.61325,0.61371,0.61325,0.61308,0.61325,0.61371,0.61325,0.61308,0.61325,0.61371,0.61325,0.61308,0.61325,0.61371,0.61325,0.61308,0.61325,0.61371,0.61325,0.61308,0.61325,0.61371,0.61325,0.61308,0.61325,0.61371,0.61325,0.61308,0.61394,0.61371,0.61181,0.61729,0.60928,0.61371,0.62192,0.59694,0.6296,0.61371,0.5792,0.69506,0.47911
0.7564,0.81466,0.70406,0.78136,0.7564,0.74317,0.76903,0.74973,0.7564,0.75896,0.75342,0.75727,0.7564,0.75583,0.75562,0.75583,0.7564,0.75583,0.75562,0.75583,0.7564,0.75583,0.75562,0.75583,0.7564,0.75583,0.75562,0.75583,0.7564,0.75583,0.75562,0.75583,0.7564,0.75583,0.75562,0.75583,0.7564,0.75583,0.75562,0.75583,0.7564,0.75583,0.75562,0.75583,0.7564,0.75583,0.75562,0.75583,0.7564,0.75583,0.75562,0.75583,0.7564,0.75583,0.75562,0.75583,0.7564,0.75583,0.75562,0.75583,0.7564,0.75583,0.75562,0.75583,0.7564,0.75583,0.75562,0.75583,0.7564,0.75583,0.75562,0.75583,0.7564,0.75583,0.75562,0.75583,0.7564,0.75583,0.75562,0.75583,0.7564,0.75583,0.75562,0.75583,0.7564,0.75583,0.75562,0.75583,0.7564,0.75583,0.75562,0.75583,0.7564,0.75583,0.75562,0.75583,0.7564,0.75583,0.75562,0.75583,0.7564,0.75583,0.75562,0.75583,0.7564,0.75583,0.75562,0.75583,0.7564,0.75583,0.75562,0.75583,0.7564,0.75583,0.75562,0.75637,0.7564,0.75471,0.75891,0.75274,0.7564,0.76259,0.74305,0.76857,0.7564,0.72931,0.8195,0.65132,0.27826,0.24086,0.31056,0.26191,0.27826,0.28605,0.26949,0.28191,0.27826,0.27607,0.27936,0.27714,0.27826,0.27805,0.27797,0.27805,0.27826,0.27805,0.27797,0.27805,0.27826,0.27805,0.27797,0.27805,0.27826,0.27805,0.27797,0.27805,0.27826,0.27805,0.27797,0.27805,0.27826,0.27805,0.27797,0.27805,0.27826,0.27805,0.27797,0.27805,0.27826,0.27805,0.27797,0.27805,0.27826,0.27805,0.27797,0.27805,0.27826,0.27805,0.27797,0.27805,0.27826,0.27805,0.27797,0.27805,0.27826,0.27805,0.27797,0.27805,0.27826,0.27805,0.27797,0.27805,0.27826,0.27805,0.27797,0.27805,0.27826,0.27805,0.27797,0.27805,0.27826,0.27805,0.27797,0.27805,0.27826,0.27805,0.27797,0.27805,0.27826,0.27805,0.27797,0.27805,0.27826,0.27805,0.27797,0.27805,0.27826,0.27805,0.27797,0.27805,0.27826,0.27805,0.27797,0.27805,0.27826,0.27805,0.27797,0.27805,0.27826,0.27805,0.27797,0.27805,0.27826,0.27805,0.27797,0.27805,0.27826,0.27805,0.27797,0.27805,0.27826,0.27805,0.27797,0.27836,0.27826,0.27739,0.27988,0.27625,0.27826,0.28198,0.27065,0.28546,0.27826,0.26261,0.31514,0.21723
0.66615,0.71746,0.62005,0.68813,0.66615,0.65449,0.67727,0.66027,0.66615,0.6684,0.66352,0.66691,0.66615,0.66565,0.66546,0.66565,0.66615,0.66565,0.66546,0.66565,0.66615,0.66565,0.66546,0.66565,0.66615,0.66565,0.66546,0.66565,0.66615,0.66565,0.66546,0.66565,0.66615,0.66565,0.66546,0.66565,0.66615,0.66565,0.66546,0.66565,0.66615,0.66565,0.66546,0.66565,0.66615,0.66565,0.66546,0.66565,0.66615,0.66565,0.66546,0.66565,0.66615,0.66565,0.66546,0.66565,0.66615,0.66565,0.66546,0.66565,0.66615,0.66565,0.66546,0.66565,0.66615,0.66565,0.66546,0.66565,0.66615,0.66565,0.66546,0.66565,0.66615,0.66565,0.66546,0.66565,0.66615,0.66565,0.66546,0.66565,0.66615,0.66565,0.66546,0.66565,0.66615,0.66565,0.66546,0.66565,0.66615,0.66565,0.66546,0.66565,0.66615,0.66565,0.66546,0.66565,0.66615,0.66565,0.66546,0.66565,0.66615,0.66565,0.66546,0.66565,0.66615,0.66565,0.66546,0.66565,0.66615,0.66565,0.66546,0.66565,0.66615,0.66565,0.66546,0.66565,0.66615,0.66565,0.66546,0.66565,0.66615,0.66565,0.66546,0.66565,0.66615,0.66565,0.66546,0.66565,0.66615,0.66565,0.66546,0.66565,0.66615,0.66565,0.66546,0.66565,0.66615,0.66565,0.66546,0.66565,0.66615,0.66565,0.66546,0.66565,0.66615,0.66565,0.66546,0.66565,0.66615,0.66565,0.66546,0.66565,0.66615,0.66565,0.66546,0.66565,0.66615,0.66565,0.66546,0.66565,0.66615,0.66565,0.66546,0.66565,0.66615,0.66565,0.66546,0.66565,0.66615,0.66565,0.66546,0.66565,0.66615,0.66565,0.66546,0.66565,0.66615,0.66565,0.66546,0.66565,0.66615,0.66565,0.66546,0.66565,0.66615,0.66565,0.66546,0.66565,0.66615,0.66565,0.66546,0.66565,0.66615,0.66565,0.66546,0.66565,0.66615,0.66565,0.66546,0.66565,0.66615,0.66565,0.66546,0.66565,0.66615,0.66565,0.66546,0.66565,0.66615,0.66565,0.66546,0.66565,0.66615,0.66565,0.66546,0.66565,0.66615,0.66565,0.66546,0.66565,0.66615,0.66565,0.66546,0.66565,0.66615,0.66565,0.66546,0.66565,0.66615,0.66565,0.66546,0.66565,0.66615,0.66565,0.66546,0.66565,0.66615,0.66565,0.66546,0.66565,0.66615,0.66565,0.66546,0.6664,0.66615,0.66408,0.67004,0.66134,0.66615,0.67506,0.64795,0.6834,0.66615,0.62869,0.75445,0.52004
0.75995,0.81849,0.70736,0.78503,0.75995,0.74665,0.77264,0.75324,0.75995,0.76252,0.75695,0.76082,0.75995,0.75938,0.75917,0.75938,0.75995,0.75938,0.75917,0.75938,0.75995,0.75938,0.75917,0.75938,0.75995,0.75938,0.75917,0.75938,0.75995,0.75938,0.75917,0.75938,0.75995,0.75938,0.75917,0.75938,0.75995,0.75938,0.75917,0.75938,0.75995,0.75938,0.75917,0.75938,0.75995,0.75938,0.75917,0.75938,0.75995,0.75938,0.75917,0.75938,0.75995,0.75938,0.75917,0.75938,0.75995,0.75938,0.75917,0.75938,0.75995,0.75938,0.75917,0.75938,0.75995,0.75938,0.75917,0.75938,0.75995,0.75938,0.75917,0.75938,0.75995,0.75938,0.75917,0.75938,0.75995,0.75938,0.75917,0.75938,0.75995,0.75938,0.75917,0.75938,0.75995,0.75938,0.75917,0.75938,0.75995,0.75938,0.75917,0.75938,0.75995,0.75938,0.75917,0.75938,0.75995,0.75938,0.75917,0.75938,0.75995,0.75938,0.75917,0.75938,0.75995,0.75938,0.75917,0.75938,0.75995,0.75938,0.75917,0.75938,0.75995,0.75938,0.75917,0.75984,0.75995,0.75842,0.76196,0.75675,0.75995,0.76512,0.74849,0.7702,0.75995,0.73685,0.81341,0.67063,0.35394,0.32209,0.38125,0.33997,0.35394,0.36047,0.34637,0.35695,0.35394,0.35199,0.35475,0.3529,0.35394,0.35367,0.35357,0.35367,0.35394,0.35367,0.35357,0.35367,0.35394,0.35367,0.35357,0.35367,0.35394,0.35367,0.35357,0.35367,0.35394,0.35367,0.35357,0.35367,0.35394,0.35367,0.35357,0.35367,0.35394,0.35367,0.35357,0.35367,0.35394,0.35367,0.35357,0.35367,0.35394,0.35367,0.35357,0.35367,0.35394,0.35367,0.35357,0.35367,0.35394,0.35367,0.35357,0.35367,0.35394,0.35367,0.35357,0.35367,0.35394,0.35367,0.35357,0.35367,0.35394,0.35367,0.35357,0.35367,0.35394,0.35367,0.35357,0.35367,0.35394,0.35367,0.35357,0.35367,0.35394,0.35367,0.35357,0.35367,0.35394,0.35367,0.35357,0.35367,0.35394,0.35367,0.35357,0.35367,0.35394,0.35367,0.35357,0.35367,0.35394,0.35367,0.35357,0.35367,0.35394,0.35367,0.35357,0.35367,0.35394,0.35367,0.35357,0.35367,0.35394,0.35367,0.35357,0.35367,0.35394,0.35367,0.35357,0.35367,0.35394,0.35367,0.35357,0.35407,0.35394,0.35284,0.356,0.35138,0.35394,0.35867,0.34426,0.3631,0.35394,0.33403,0.40085,0.27631
0.82311,0.88651,0.76615,0.85027,0.82311,0.8087,0.83685,0.81584,0.82311,0.82589,0.81986,0.82405,0.82311,0.82249,0.82226,0.82249,0.82311,0.82249,0.82226,0.82249,0.82311,0.82249,0.82226,0.82249,0.82311,0.82249,0.82226,0.82249,0.82311,0.82249,0.82226,0.82249,0.82311,0.82249,0.82226,0.82249,0.82311,0.82249,0.82226,0.82249,0.82311,0.82249,0.82226,0.82249,0.82311,0.82249,0.82226,0.82249,0.82311,0.82249,0.82226,0.82249,0.82311,0.82249,0.82226,0.82249,0.82311,0.82249,0.82226,0.82249,0.82311,0.82249,0.82226,0.82249,0.82311,0.82249,0.82226,0.82249,0.82311,0.82249,0.82226,0.82249,0.82311,0.82249,0.82226,0.82249,0.82311,0.82249,0.82226,0.82249,0.82311,0.82249,0.82226,0.82249,0.82311,0.82249,0.82226,0.82249,0.82311,0.82249,0.82226,0.82249,0.82311,0.82249,0.82226,0.82249,0.82311,0.82249,0.82226,0.82249,0.82311,0.82249,0.82226,0.82249,0.82311,0.82249,0.82226,0.82249,0.82311,0.82249,0.82226,0.82249,0.82311,0.82249,0.82226,0.82249,0.82311,0.82249,0.82226,0.82249,0.82311,0.82249,0.82226,0.82249,0.82311,0.82249,0.82226,0.82249,0.82311,0.82249,0.82226,0.82249,0.82311,0.82249,0.82226,0.82249,0.82311,0.82249,0.82226,0.82249,0.82311,0.82249,0.82226,0.82249,0.82311,0.82249,0.82226,0.82249,0.82311,0.82249,0.82226,0.82249,0.82311,0.82249,0.82226,0.82249,0.82311,0.82249,0.82226,0.82249,0.82311,0.82249,0.82226,0.82249,0.82311,0.82249,0.82226,0.82249,0.82311,0.82249,0.82226,0.82249,0.82311,0.82249,0.82226,0.82249,0.82311,0.82249,0.82226,0.82249,0.82311,0.82249,0.82226,0.82249,0.82311,0.82249,0.82226,0.82249,0.82311,0.82249,0.82226,0.82249,0.82311,0.82249,0.82226,0.82249,0.82311,0.82249,0.82226,0.82249,0.82311,0.82249,0.82226,0.82249,0.82311,0.82249,0.82226,0.82249,0.82311,0.82249,0.82226,0.82249,0.82311,0.82249,0.82226,0.82249,0.82311,0.82249,0.82226,0.82249,0.82311,0.82249,0.82226,0.82249,0.82311,0.82249,0.82226,0.82249,0.82311,0.82249,0.82226,0.82249,0.82311,0.82249,0.82226,0.82249,0.82311,0.82249,0.82226,0.82249,0.82311,0.82249,0.82226,0.82342,0.82311,0.82055,0.82791,0.81717,0.82311,0.83412,0.80062,0.84442,0.82311,0.77682,0.93222,0.64258
0.44914,0.48374,0.41806,0.46396,0.44914,0.44128,0.45664,0.44518,0.44914,0.45066,0.44737,0.44966,0.44914,0.44881,0.44868,0.44881,0.44914,0.44881,0.44868,0.44881,0.44914,0.44881,0.44868,0.44881,0.44914,0.44881,0.44868,0.44881,0.44914,0.44881,0.44868,0.44881,0.44914,0.44881,0.44868,0.44881,0.44914,0.44881,0.44868,0.44881,0.44914,0.44881,0.44868,0.44881,0.44914,0.44881,0.44868,0.44881,0.44914,0.44881,0.44868,0.44881,0.44914,0.44881,0.44868,0.44881,0.44914,0.44881,0.44868,0.44881,0.44914,0.44881,0.44868,0.44881,0.44914,0.44881,0.44868,0.44881,0.44914,0.44881,0.44868,0.44881,0.44914,0.44881,0.44868,0.44881,0.44914,0.44881,0.44868,0.44881,0.44914,0.44881,0.44868,0.44881,0.44914,0.44881,0.44868,0.44881,0.44914,0.44881,0.44868,0.44881,0.44914,0.44881,0.44868,0.44881,0.44914,0.44881,0.44868,0.44881,0.44914,0.44881,0.44868,0.44881,0.44914,0.44881,0.44868,0.44881,0.44914,0.44881,0.44868,0.44881,0.44914,0.44881,0.44868,0.44848,0.44914,0.44949,0.44669,0.45068,0.44914,0.44471,0.45629,0.44109,0.44914,0.46487,0.41,0.51209,0.73866,0.76062,0.71816,0.74787,0.73866,0.73325,0.74303,0.73576,0.73866,0.7393,0.73705,0.73865,0.73866,0.7381,0.73789,0.7381,0.73866,0.7381,0.73789,0.7381,0.73866,0.7381,0.73789,0.7381,0.73866,0.7381,0.73789,0.7381,0.73866,0.7381,0.73789,0.7381,0.73866,0.7381,0.73789,0.7381,0.73866,0.7381,0.73789,0.7381,0.73866,0.7381,0.73789,0.7381,0.73866,0.7381,0.73789,0.7381,0.73866,0.7381,0.73789,0.7381,0.73866,0.7381,0.73789,0.7381,0.73866,0.7381,0.73789,0.7381,0.73866,0.7381,0.73789,0.7381,0.73866,0.7381,0.73789,0.7381,0.73866,0.7381,0.73789,0.7381,0.73866,0.7381,0.73789,0.7381,0.73866,0.7381,0.73789,0.7381,0.73866,0.7381,0.73789,0.7381,0.73866,0.7381,0.73789,0.7381,0.73866,0.7381,0.73789,0.7381,0.73866,0.7381,0.73789,0.7381,0.73866,0.7381,0.73789,0.7381,0.73866,0.7381,0.73789,0.7381,0.73866,0.7381,0.73789,0.7381,0.73866,0.7381,0.73789,0.7381,0.73866,0.7381,0.73789,0.73893,0.73866,0.73636,0.74297,0.73332,0.73866,0.74854,0.71847,0.75778,0.73866,0.69712,0.83657,0.57665
0.79446,0.85566,0.73949,0.82068,0.79446,0.78056,0.80773,0.78745,0.79446,0.79715,0.79133,0.79537,0.79446,0.79386,0.79364,0.79386,0.79446,0.79386,0.79364,0.79386,0.79446,0.79386,0.79364,0.79386,0.79446,0.79386,0.79364,0.79386,0.79446,0.79386,0.79364,0.79386,0.79446,0.79386,0.79364,0.79386,0.79446,0.79386,0.79364,0.79386,0.79446,0.79386,0.79364,0.79386,0.79446,0.79386,0.79364,0.79386,0.79446,0.79386,0.79364,0.79386,0.79446,0.79386,0.79364,0.79386,0.79446,0.79386,0.79364,0.79386,0.79446,0.79386,0.79364,0.79386,0.79446,0.79386,0.79364,0.79386,0.79446,0.79386,0.79364,0.79386,0.79446,0.79386,0.79364,0.79386,0.79446,0.79386,0.79364,0.79386,0.79446,0.79386,0.79364,0.79386,0.79446,0.79386,0.79364,0.79386,0.79446,0.79386,0.79364,0.79386,0.79446,0.79386,0.79364,0.79386,0.79446,0.79386,0.79364,0.79386,0.79446,0.79386,0.79364,0.79386,0.79446,0.79386,0.79364,0.79386,0.79446,0.79386,0.79364,0.79386,0.79446,0.79386,0.79364,0.79386,0.79446,0.79386,0.79364,0.79386,0.79446,0.79386,0.79364,0.79386,0.79446,0.79386,0.79364,0.79386,0.79446,0.79386,0.79364,0.79386,0.79446,0.79386,0.79364,0.79386,0.79446,0.79386,0.79364,0.79386,0.79446,0.79386,0.79364,0.79386,0.79446,0.79386,0.79364,0.79386,0.79446,0.79386,0.79364,0.79386,0.79446,0.79386,0.79364,0.79386,0.79446,0.79386,0.79364,0.79386,0.79446,0.79386,0.79364,0.79386,0.79446,0.79386,0.79364,0.79386,0.79446,0.79386,0.79364,0.79386,0.79446,0.79386,0.79364,0.79386,0.79446,0.79386,0.79364,0.79386,0.79446,0.79386,0.79364,0.79386,0.79446,0.79386,0.79364,0.79386,0.79446,0.79386,0.79364,0.79386,0.79446,0.79386,0.79364,0.79386,0.79446,0.79386,0.79364,0.79386,0.79446,0.79386,0.79364,0.79386,0.79446,0.79386,0.79364,0.79386,0.79446,0.79386,0.79364,0.79386,0.79446,0.79386,0.79364,0.79386,0.79446,0.79386,0.79364,0.79386,0.79446,0.79386,0.79364,0.79386,0.79446,0.79386,0.79364,0.79386,0.79446,0.79386,0.79364,0.79386,0.79446,0.79386,0.79364,0.79386,0.79446,0.79386,0.79364,0.79386,0.79446,0.79386,0.79364,0.79476,0.79446,0.792,0.7991,0.78873,0.79446,0.80509,0.77275,0.81504,0.79446,0.74979,0.89977,0.62021
0.1413,0.15218,0.13152,0.14596,0.1413,0.13882,0.14365,0.14005,0.1413,0.14177,0.14074,0.14146,0.1413,0.14119,0.14115,0.14119,0.1413,0.14119,0.14115,0.14119,0.1413,0.14119,0.14115,0.14119,0.1413,0.14119,0.14115,0.14119,0.1413,0.14119,0.14115,0.14119,0.1413,0.14119,0.14115,0.14119,0.1413,0.14119,0.14115,0.14119,0.1413,0.14119,0.14115,0.14119,0.1413,0.14119,0.14115,0.14119,0.1413,0.14119,0.14115,0.14119,0.1413,0.14119,0.14115,0.14119,0.1413,0.14119,0.14115,0.14119,0.1413,0.14119,0.14115,0.14119,0.1413,0.14119,0.14115,0.14119,0.1413,0.14119,0.14115,0.14119,0.1413,0.14119,0.14115,0.14119,0.1413,0.14119,0.14115,0.14119,0.1413,0.14119,0.14115,0.14119,0.1413,0.14119,0.14115,0.14119,0.1413,0.14119,0.14115,0.14119,0.1413,0.14119,0.14115,0.14119,0.1413,0.14119,0.14115,0.14119,0.1413,0.14119,0.14115,0.14119,0.1413,0.14119,0.14115,0.14119,0.1413,0.14119,0.14115,0.14119,0.1413,0.14119,0.14115,0.14047,0.1413,0.14268,0.13677,0.14531,0.1413,0.13219,0.15789,0.12421,0.1413,0.17652,0.056061,0.28041,0.77823,0.82718,0.73401,0.79914,0.77823,0.76698,0.78872,0.7725,0.77823,0.78027,0.77557,0.77885,0.77823,0.77764,0.77742,0.77764,0.77823,0.77764,0.77742,0.77764,0.77823,0.77764,0.77742,0.77764,0.77823,0.77764,0.77742,0.77764,0.77823,0.77764,0.77742,0.77764,0.77823,0.77764,0.77742,0.77764,0.77823,0.77764,0.77742,0.77764,0.77823,0.77764,0.77742,0.77764,0.77823,0.77764,0.77742,0.77764,0.77823,0.77764,0.77742,0.77764,0.77823,0.77764,0.77742,0.77764,0.77823,0.77764,0.77742,0.77764,0.77823,0.77764,0.77742,0.77764,0.77823,0.77764,0.77742,0.77764,0.77823,0.77764,0.77742,0.77764,0.77823,0.77764,0.77742,0.77764,0.77823,0.77764,0.77742,0.77764,0.77823,0.77764,0.77742,0.77764,0.77823,0.77764,0.77742,0.77764,0.77823,0.77764,0.77742,0.77764,0.77823,0.77764,0.77742,0.77764,0.77823,0.77764,0.77742,0.77764,0.77823,0.77764,0.77742,0.77764,0.77823,0.77764,0.77742,0.77764,0.77823,0.77764,0.77742,0.77764,0.77823,0.77764,0.77742,0.77852,0.77823,0.77581,0.78277,0.77261,0.77823,0.78864,0.75696,0.79838,0.77823,0.73447,0.88139,0.60754
0.83002,0.89395,0.77258,0.8574,0.83002,0.81549,0.84388,0.82269,0.83002,0.83282,0.82674,0.83097,0.83002,0.82939,0.82916,0.82939,0.83002,0.82939,0.82916,0.82939,0.83002,0.82939,0.82916,0.82939,0.83002,0.82939,0.82916,0.82939,0.83002,0.82939,0.82916,0.82939,0.83002,0.82939,0.82916,0.82939,0.83002,0.82939,0.82916,0.82939,0.83002,0.82939,0.82916,0.82939,0.83002,0.82939,0.82916,0.82939,0.83002,0.82939,0.82916,0.82939,0.83002,0.82939,0.82916,0.82939,0.83002,0.82939,0.82916,0.82939,0.83002,0.82939,0.82916,0.82939,0.83002,0.82939,0.82916,0.82939,0.83002,0.82939,0.82916,0.82939,0.83002,0.82939,0.82916,0.82939,0.83002,0.82939,0.82916,0.82939,0.83002,0.82939,0.82916,0.82939,0.83002,0.82939,0.82916,0.82939,0.83002,0.82939,0.82916,0.82939,0.83002,0.82939,0.82916,0.82939,0.83002,0.82939,0.82916,0.82939,0.83002,0.82939,0.82916,0.82939,0.83002,0.82939,0.82916,0.82939,0.83002,0.82939,0.82916,0.82939,0.83002,0.82939,0.82916,0.82955,0.83002,0.82906,0.83013,0.82848,0.83002,0.83138,0.82545,0.83315,0.83002,0.82156,0.848,0.79856,0.68896,0.67747,0.69786,0.68368,0.68896,0.6908,0.68574,0.68958,0.68896,0.68785,0.68866,0.68817,0.68896,0.68844,0.68824,0.68844,0.68896,0.68844,0.68824,0.68844,0.68896,0.68844,0.68824,0.68844,0.68896,0.68844,0.68824,0.68844,0.68896,0.68844,0.68824,0.68844,0.68896,0.68844,0.68824,0.68844,0.68896,0.68844,0.68824,0.68844,0.68896,0.68844,0.68824,0.68844,0.68896,0.68844,0.68824,0.68844,0.68896,0.68844,0.68824,0.68844,0.68896,0.68844,0.68824,0.68844,0.68896,0.68844,0.68824,0.68844,0.68896,0.68844,0.68824,0.68844,0.68896,0.68844,0.68824,0.68844,0.68896,0.68844,0.68824,0.68844,0.68896,0.68844,0.68824,0.68844,0.68896,0.68844,0.68824,0.68844,0.68896,0.68844,0.68824,0.68844,0.68896,0.68844,0.68824,0.68844,0.68896,0.68844,0.68824,0.68844,0.68896,0.68844,0.68824,0.68844,0.68896,0.68844,0.68824,0.68844,0.68896,0.68844,0.68824,0.68844,0.68896,0.68844,0.68824,0.68844,0.68896,0.68844,0.68824,0.68844,0.68896,0.68844,0.68824,0.68922,0.68896,0.68682,0.69298,0.68398,0.68896,0.69817,0.67013,0.7068,0.68896,0.65022,0.78028,0.53785
0.10856,0.11692,0.10104,0.11214,0.10856,0.10666,0.11037,0.1076,0.10856,0.10892,0.10813,0.10868,0.10856,0.10847,0.10844,0.10847,0.10856,0.10847,0.10844,0.10847,0.10856,0.10847,0.10844,0.10847,0.10856,0.10847,0.10844,0.10847,0.10856,0.10847,0.10844,0.10847,0.10856,0.10847,0.10844,0.10847,0.10856,0.10847,0.10844,0.10847,0.10856,0.10847,0.10844,0.10847,0.10856,0.10847,0.10844,0.10847,0.10856,0.10847,0.10844,0.10847,0.10856,0.10847,0.10844,0.10847,0.10856,0.10847,0.10844,0.10847,0.10856,0.10847,0.10844,0.10847,0.10856,0.10847,0.10844,0.10847,0.10856,0.10847,0.10844,0.10847,0.10856,0.10847,0.10844,0.10847,0.10856,0.10847,0.10844,0.10847,0.10856,0.10847,0.10844,0.10847,0.10856,0.10847,0.10844,0.10847,0.10856,0.10847,0.10844,0.10847,0.10856,0.10847,0.10844,0.10847,0.10856,0.10847,0.10844,0.10847,0.10856,0.10847,0.10844,0.10847,0.10856,0.10847,0.10844,0.10847,0.10856,0.10847,0.10844,0.10847,0.10856,0.10847,0.10844,0.10758,0.10856,0.11034,0.10299,0.11361,0.10856,0.09725,0.12932,0.087309,0.10856,0.15253,0.0023513,0.28206,0.90271,0.9638,0.84764,0.92883,0.90271,0.88873,0.91586,0.89562,0.90271,0.90531,0.89946,0.90354,0.90271,0.90203,0.90178,0.90203,0.90271,0.90203,0.90178,0.90203,0.90271,0.90203,0.90178,0.90203,0.90271,0.90203,0.90178,0.90203,0.90271,0.90203,0.90178,0.90203,0.90271,0.90203,0.90178,0.90203,0.90271,0.90203,0.90178,0.90203,0.90271,0.90203,0.90178,0.90203,0.90271,0.90203,0.90178,0.90203,0.90271,0.90203,0.90178,0.90203,0.90271,0.90203,0.90178,0.90203,0.90271,0.90203,0.90178,0.90203,0.90271,0.90203,0.90178,0.90203,0.90271,0.90203,0.90178,0.90203,0.90271,0.90203,0.90178,0.90203,0.90271,0.90203,0.90178,0.90203,0.90271,0.90203,0.90178,0.90203,0.90271,0.90203,0.90178,0.90203,0.90271,0.90203,0.90178,0.90203,0.90271,0.90203,0.90178,0.90203,0.90271,0.90203,0.90178,0.90203,0.90271,0.90203,0.90178,0.90203,0.90271,0.90203,0.90178,0.90203,0.90271,0.90203,0.90178,0.90203,0.90271,0.90203,0.90178,0.90203,0.90271,0.90203,0.90178,0.90305,0.90271,0.89991,0.90798,0.89619,0.90271,0.91479,0.87804,0.92609,0.90271,0.85195,1.0224,0.70472
0.66676,0.71812,0.62062,0.68876,0.66676,0.65509,0.6779,0.66088,0.66676,0.66902,0.66413,0.66753,0.66676,0.66626,0.66607,0.66626,0.66676,0.66626,0.66607,0.66626,0.66676,0.66626,0.66607,0.66626,0.66676,0.66626,0.66607,0.66626,0.66676,0.66626,0.66612,0.66622,0.66676,0.66638,0.66585,0.6665,0.66676,0.66581,0.66699,0.66535,0.66676,0.66882,0.65529,0.64212,0.64517,0.64559,0.64358,0.64513,0.64517,0.64444,0.64472,0.64456,0.64517,0.64472,0.64445,0.64468,0.64517,0.64468,0.6445,0.64468,0.64517,0.64468,0.6445,0.64468,0.64517,0.64468,0.6445,0.64468,0.64517,0.64468,0.6445,0.64468,0.64517,0.64479,0.64434,0.64491,0.64517,0.64423,0.64549,0.64374,0.64517,0.64656,0.64069,0.64902,0.64517,0.60109,0.58126,0.59198,0.58933,0.58739,0.59018,0.58809,0.58933,0.58924,0.58833,0.58901,0.58933,0.58882,0.58872,0.58888,0.58933,0.58888,0.58872,0.58888,0.58933,0.58888,0.58872,0.58888,0.58933,0.58888,0.58872,0.58888,0.58933,0.58888,0.58872,0.58875,0.58933,0.58916,0.58791,0.58964,0.58933,0.58722,0.59181,0.58574,0.58933,0.59541,0.573,0.6146,0.707,0.71562,0.69825,0.71044,0.707,0.7045,0.70836,0.70552,0.707,0.70695,0.70593,0.70669,0.707,0.70647,0.70627,0.70647,0.707,0.70647,0.70627,0.70647,0.707,0.70647,0.70627,0.70647,0.707,0.70647,0.70627,0.70647,0.707,0.70647,0.70636,0.70639,0.707,0.7067,0.70585,0.70692,0.707,0.70563,0.70799,0.70475,0.707,0.71128,0.68597,0.66105,0.66636,0.66758,0.66395,0.6667,0.66636,0.66541,0.66609,0.66563,0.66636,0.66593,0.66559,0.66586,0.66636,0.66586,0.66568,0.66586,0.66636,0.66586,0.66568,0.66586,0.66636,0.66586,0.66568,0.66586,0.66636,0.66586,0.66568,0.66586,0.66636,0.66571,0.66591,0.66553,0.66636,0.66651,0.66425,0.66721,0.66636,0.66314,0.67117,0.6596,0.66636,0.72875,0.7569,0.74188,0.74692,0.7485,0.74403,0.74749,0.74692,0.74583,0.7467,0.74616,0.74692,0.74644,0.74614,0.74635,0.74692,0.74635,0.74614,0.74635,0.74692,0.74635,0.74614,0.74635,0.74692,0.74635,0.74614,0.74635,0.74692,0.74635,0.74614,0.7472,0.74692,0.7446,0.75128,0.74152,0.74692,0.75691,0.72651,0.76626,0.74692,0.70492,0.84592,0.58309
0.60523,0.65185,0.56335,0.6252,0.60523,0.59464,0.61534,0.59989,0.60523,0.60727,0.60284,0.60592,0.60523,0.60477,0.6046,0.60477,0.60523,0.60477,0.6046,0.60477,0.60523,0.60477,0.6046,0.60477,0.60523,0.60477,0.6046,0.60477,0.60523,0.60477,0.6046,0.60477,0.60523,0.60477,0.6046,0.60477,0.60523,0.60477,0.6046,0.60477,0.60523,0.60477,0.6046,0.60477,0.60523,0.60477,0.6046,0.60477,0.60523,0.60477,0.6046,0.60477,0.60523,0.60477,0.6046,0.60477,0.60523,0.60477,0.6046,0.60477,0.60523,0.60477,0.6046,0.60477,0.60523,0.60477,0.6046,0.60477,0.60523,0.60477,0.6046,0.60477,0.60523,0.60477,0.6046,0.60477,0.60523,0.60477,0.6046,0.60477,0.60523,0.60477,0.6046,0.60477,0.60523,0.60477,0.6046,0.60477,0.60523,0.60477,0.6046,0.60477,0.60523,0.60477,0.6046,0.60477,0.60523,0.60477,0.6046,0.60477,0.60523,0.60477,0.6046,0.60477,0.60523,0.60477,0.6046,0.60477,0.60523,0.60477,0.6046,0.60477,0.60523,0.60477,0.6046,0.60457,0.60523,0.6052,0.60335,0.60595,0.60523,0.6022,0.60939,0.59992,0.60523,0.61488,0.58026,0.6446,0.78745,0.80103,0.77421,0.793,0.78745,0.7838,0.78987,0.78538,0.78745,0.78761,0.7861,0.7872,0.78745,0.78685,0.78663,0.78685,0.78745,0.78685,0.78663,0.78685,0.78745,0.78685,0.78663,0.78685,0.78745,0.78685,0.78663,0.78685,0.78745,0.78685,0.78663,0.78685,0.78745,0.78685,0.78663,0.78685,0.78745,0.78685,0.78663,0.78685,0.78745,0.78685,0.78663,0.78685,0.78745,0.78685,0.78663,0.78685,0.78745,0.78685,0.78663,0.78685,0.78745,0.78685,0.78663,0.78685,0.78745,0.78685,0.78663,0.78685,0.78745,0.78685,0.78663,0.78685,0.78745,0.78685,0.78663,0.78685,0.78745,0.78685,0.78663,0.78685,0.78745,0.78685,0.78663,0.78685,0.78745,0.78685,0.78663,0.78685,0.78745,0.78685,0.78663,0.78685,0.78745,0.78685,0.78663,0.78685,0.78745,0.78685,0.78663,0.78685,0.78745,0.78685,0.78663,0.78685,0.78745,0.78685,0.78663,0.78685,0.78745,0.78685,0.78663,0.78685,0.78745,0.78685,0.78663,0.78685,0.78745,0.78685,0.78663,0.78685,0.78745,0.78685,0.78663,0.78774,0.78745,0.785,0.79204,0.78176,0.78745,0.79798,0.76593,0.80784,0.78745,0.74317,0.89183,0.61474
0.83795,0.9025,0.77997,0.8656,0.83795,0.82329,0.85195,0.83056,0.83795,0.84079,0.83465,0.83891,0.83795,0.83732,0.83709,0.83732,0.83795,0.83732,0.83709,0.83732,0.83795,0.83732,0.83709,0.83732,0.83795,0.83732,0.83709,0.83732,0.83795,0.83732,0.83709,0.83732,0.83795,0.83732,0.83709,0.83732,0.83795,0.83732,0.83709,0.83732,0.83795,0.83732,0.83709,0.83732,0.83795,0.83732,0.83709,0.83732,0.83795,0.83732,0.83709,0.83732,0.83795,0.83732,0.83709,0.83732,0.83795,0.83732,0.83709,0.83732,0.83795,0.83732,0.83709,0.83732,0.83795,0.83732,0.83709,0.83732,0.83795,0.83732,0.83709,0.83732,0.83795,0.83732,0.83709,0.83732,0.83795,0.83732,0.83709,0.83732,0.83795,0.83732,0.83709,0.83732,0.83795,0.83732,0.83709,0.83732,0.83795,0.83732,0.83709,0.83732,0.83795,0.83732,0.83709,0.83732,0.83795,0.83732,0.83709,0.83732,0.83795,0.83732,0.83709,0.83732,0.83795,0.83732,0.83709,0.83732,0.83795,0.83732,0.83709,0.83732,0.83795,0.83732,0.83709,0.83809,0.83795,0.83572,0.84177,0.83292,0.83795,0.84694,0.81919,0.85546,0.83795,0.79955,0.92803,0.68852,0.15717,0.1041,0.20342,0.13408,0.15717,0.16845,0.14494,0.16255,0.15717,0.15424,0.15899,0.15576,0.15717,0.15705,0.15701,0.15705,0.15717,0.15705,0.15701,0.15705,0.15717,0.15705,0.15701,0.15705,0.15717,0.15705,0.15701,0.15705,0.15717,0.15705,0.15701,0.15705,0.15717,0.15705,0.15701,0.15705,0.15717,0.15705,0.15701,0.15705,0.15717,0.15705,0.15701,0.15705,0.15717,0.15705,0.15701,0.15705,0.15717,0.15705,0.15701,0.15705,0.15717,0.15705,0.15701,0.15705,0.15717,0.15705,0.15701,0.15705,0.15717,0.15705,0.15701,0.15705,0.15717,0.15705,0.15701,0.15705,0.15717,0.15705,0.15701,0.15705,0.15717,0.15705,0.15701,0.15705,0.15717,0.15705,0.15701,0.15705,0.15717,0.15705,0.15701,0.15705,0.15717,0.15705,0.15701,0.15705,0.15717,0.15705,0.15701,0.15705,0.15717,0.15705,0.15701,0.15705,0.15717,0.15705,0.15701,0.15705,0.15717,0.15705,0.15701,0.15705,0.15717,0.15705,0.15701,0.15705,0.15717,0.15705,0.15701,0.15705,0.15717,0.15705,0.15701,0.15723,0.15717,0.15668,0.15809,0.15604,0.15717,0.15927,0.15288,0.16124,0.15717,0.14833,0.17801,0.1227
0.82569,0.88928,0.76855,0.85293,0.82569,0.81124,0.83947,0.8184,0.82569,0.82848,0.82243,0.82663,0.82569,0.82506,0.82483,0.82506,0.82569,0.82506,0.82483,0.82506,0.82569,0.82506,0.82483,0.82506,0.82569,0.82506,0.82483,0.82506,0.82569,0.82506,0.82483,0.82506,0.82569,0.82506,0.82483,0.82506,0.82569,0.82506,0.82483,0.82506,0.82569,0.82506,0.82483,0.82506,0.82569,0.82506,0.82483,0.82506,0.82569,0.82506,0.82483,0.82506,0.82569,0.82506,0.82483,0.82506,0.82569,0.82506,0.82483,0.82506,0.82569,0.82506,0.82483,0.82506,0.82569,0.82506,0.82483,0.82506,0.82569,0.82506,0.82483,0.82506,0.82569,0.82506,0.82483,0.82506,0.82569,0.82506,0.82483,0.82506,0.82569,0.82506,0.82483,0.82506,0.82569,0.82506,0.82483,0.82506,0.82569,0.82506,0.82483,0.82506,0.82569,0.82506,0.82483,0.82506,0.82569,0.82506,0.82483,0.82506,0.82569,0.82506,0.82483,0.82506,0.82569,0.82506,0.82483,0.82506,0.82569,0.82506,0.82483,0.82506,0.82569,0.82506,0.82483,0.82506,0.82569,0.82506,0.82483,0.82506,0.82569,0.82506,0.82483,0.82506,0.82569,0.82506,0.82483,0.82506,0.82569,0.82506,0.82483,0.82506,0.82569,0.82506,0.82483,0.82506,0.82569,0.82506,0.82483,0.82506,0.82569,0.82506,0.82483,0.82506,0.82569,0.82506,0.82483,0.82506,0.82569,0.82506,0.82483,0.82506,0.82569,0.82506,0.82483,0.82506,0.82569,0.82506,0.82483,0.82506,0.82569,0.82506,0.82483,0.82506,0.82569,0.82506,0.82483,0.82506,0.82569,0.82506,0.82483,0.82506,0.82569,0.82506,0.82483,0.82506,0.82569,0.82506,0.82483,0.82506,0.82569,0.82506,0.82483,0.82506,0.82569,0.82506,0.82483,0.82506,0.82569,0.82506,0.82483,0.82506,0.82569,0.82506,0.82483,0.82506,0.82569,0.82506,0.82483,0.82506,0.82569,0.82506,0.82483,0.82506,0.82569,0.82506,0.82483,0.82506,0.82569,0.82506,0.82483,0.82506,0.82569,0.82506,0.82483,0.82506,0.82569,0.82506,0.82483,0.82506,0.82569,0.82506,0.82483,0.82506,0.82569,0.82506,0.82483,0.82506,0.82569,0.82506,0.82483,0.82506,0.82569,0.82506,0.82483,0.82506,0.82569,0.82506,0.82483,0.82506,0.82569,0.82506,0.82483,0.826,0.82569,0.82312,0.83051,0.81972,0.82569,0.83673,0.80312,0.84707,0.82569,0.77926,0.93514,0.64459
0.67888,0.73117,0.6319,0.70128,0.67888,0.667,0.69022,0.67289,0.67888,0.68118,0.6762,0.67966,0.67888,0.67837,0.67818,0.67837,0.67888,0.67837,0.67818,0.67837,0.67888,0.67837,0.67818,0.67837,0.67888,0.67837,0.67818,0.67837,0.67888,0.67837,0.67818,0.67837,0.67888,0.67837,0.67818,0.67837,0.67888,0.67837,0.67818,0.67837,0.67888,0.67837,0.67818,0.67837,0.67888,0.67837,0.67818,0.67837,0.67888,0.67837,0.67818,0.67837,0.67888,0.67837,0.67818,0.67837,0.67888,0.67837,0.67818,0.67837,0.67888,0.67837,0.67818,0.67837,0.67888,0.67837,0.67818,0.67837,0.67888,0.67837,0.67818,0.67837,0.67888,0.67837,0.67818,0.67837,0.67888,0.67837,0.67818,0.67837,0.67888,0.67837,0.67818,0.67837,0.67888,0.67837,0.67818,0.67837,0.67888,0.67837,0.67818,0.67837,0.67888,0.67837,0.67818,0.67837,0.67888,0.67837,0.67818,0.67837,0.67888,0.67837,0.67818,0.67837,0.67888,0.67837,0.67818,0.67837,0.67888,0.67837,0.67818,0.67837,0.67888,0.67837,0.67818,0.67821,0.67888,0.6787,0.67722,0.67927,0.67888,0.67639,0.68186,0.67464,0.67888,0.68613,0.6595,0.70893,0.8187,0.82896,0.80832,0.8228,0.8187,0.81574,0.82033,0.81695,0.8187,0.81866,0.81745,0.81835,0.8187,0.81808,0.81786,0.81808,0.8187,0.81808,0.81786,0.81808,0.8187,0.81808,0.81786,0.81808,0.8187,0.81808,0.81786,0.81808,0.8187,0.81808,0.81786,0.81808,0.8187,0.81808,0.81786,0.81808,0.8187,0.81808,0.81786,0.81808,0.8187,0.81808,0.81786,0.81808,0.8187,0.81808,0.81786,0.81808,0.8187,0.81808,0.81786,0.81808,0.8187,0.81808,0.81786,0.81808,0.8187,0.81808,0.81786,0.81808,0.8187,0.81808,0.81786,0.81808,0.8187,0.81808,0.81786,0.81808,0.8187,0.81808,0.81786,0.81808,0.8187,0.81808,0.81786,0.81808,0.8187,0.81808,0.81786,0.81808,0.8187,0.81808,0.81786,0.81808,0.8187,0.81808,0.81786,0.81808,0.8187,0.81808,0.81786,0.81808,0.8187,0.81808,0.81786,0.81808,0.8187,0.81808,0.81786,0.81808,0.8187,0.81808,0.81786,0.81808,0.8187,0.81808,0.81786,0.81808,0.8187,0.81808,0.81786,0.81808,0.8187,0.81808,0.81786,0.81901,0.8187,0.81616,0.82348,0.81279,0.8187,0.82965,0.79633,0.8399,0.8187,0.77267,0.92723,0.63914
0.54079,0.58245,0.50337,0.55864,0.54079,0.53133,0.54982,0.53602,0.54079,0.54262,0.53866,0.54141,0.54079,0.54038,0.54023,0.54038,0.54079,0.54038,0.54023,0.54038,0.54079,0.54038,0.54023,0.54038,0.54079,0.54038,0.54023,0.54038,0.54079,0.54038,0.54023,0.54038,0.54079,0.54038,0.54023,0.54038,0.54079,0.54038,0.54023,0.54038,0.54079,0.54038,0.54023,0.54038,0.54079,0.54038,0.54023,0.54038,0.54079,0.54038,0.54023,0.54038,0.54079,0.54038,0.54023,0.54038,0.54079,0.54038,0.54023,0.54038,0.54079,0.54038,0.54023,0.54038,0.54079,0.54038,0.54023,0.54038,0.54079,0.54038,0.54023,0.54038,0.54079,0.54038,0.54023,0.54038,0.54079,0.54038,0.54023,0.54038,0.54079,0.54038,0.54023,0.54038,0.54079,0.54038,0.54023,0.54038,0.54079,0.54038,0.54023,0.54038,0.54079,0.54038,0.54023,0.54038,0.54079,0.54038,0.54023,0.54038,0.54079,0.54038,0.54023,0.54038,0.54079,0.54038,0.54023,0.54038,0.54079,0.54038,0.54023,0.54038,0.54079,0.54038,0.54023,0.54005,0.54079,0.54109,0.53818,0.54232,0.54079,0.53616,0.5481,0.53241,0.54079,0.55698,0.50026,0.60579,0.84001,0.86265,0.81875,0.84947,0.84001,0.83437,0.84445,0.83696,0.84001,0.84061,0.83827,0.83994,0.84001,0.83938,0.83914,0.83938,0.84001,0.83938,0.83914,0.83938,0.84001,0.83938,0.83914,0.83938,0.84001,0.83938,0.83914,0.83938,0.84001,0.83938,0.83914,0.83938,0.84001,0.83938,0.83914,0.83938,0.84001,0.83938,0.83914,0.83938,0.84001,0.83938,0.83914,0.83938,0.84001,0.83938,0.83914,0.83938,0.84001,0.83938,0.83914,0.83938,0.84001,0.83938,0.83914,0.83938,0.84001,0.83938,0.83914,0.83938,0.84001,0.83938,0.83914,0.83938,0.84001,0.83938,0.83914,0.83938,0.84001,0.83938,0.83914,0.83938,0.84001,0.83938,0.83914,0.83938,0.84001,0.83938,0.83914,0.83938,0.84001,0.83938,0.83914,0.83938,0.84001,0.83938,0.83914,0.83938,0.84001,0.83938,0.83914,0.83938,0.84001,0.83938,0.83914,0.83938,0.84001,0.83938,0.83914,0.83938,0.84001,0.83938,0.83914,0.83938,0.84001,0.83938,0.83914,0.83938,0.84001,0.83938,0.83914,0.83938,0.84001,0.83938,0.83914,0.84033,0.84001,0.8374,0.84491,0.83395,0.84001,0.85125,0.81706,0.86176,0.84001,0.79278,0.95136,0.65577
0.85508,0.92094,0.79591,0.88329,0.85508,0.84012,0.86936,0.84753,0.85508,0.85797,0.85171,0.85606,0.85508,0.85444,0.8542,0.85444,0.85508,0.85444,0.8542,0.85444,0.85508,0.85444,0.8542,0.85444,0.85508,0.85444,0.8542,0.85444,0.85508,0.85444,0.8542,0.85444,0.85508,0.85444,0.8542,0.85444,0.85508,0.85444,0.8542,0.85444,0.85508,0.85444,0.8542,0.85444,0.85508,0.85444,0.8542,0.85444,0.85508,0.85444,0.8542,0.85444,0.85508,0.85444,0.8542,0.85444,0.85508,0.85444,0.8542,0.85444,0.85508,0.85444,0.8542,0.85444,0.85508,0.85444,0.8542,0.85444,0.85508,0.85444,0.8542,0.85444,0.85508,0.85444,0.8542,0.85444,0.85508,0.85444,0.8542,0.85444,0.85508,0.85444,0.8542,0.85444,0.85508,0.85444,0.8542,0.85444,0.85508,0.85444,0.8542,0.85444,0.85508,0.85444,0.8542,0.85444,0.85508,0.85444,0.8542,0.85444,0.85508,0.85444,0.8542,0.85444,0.85508,0.85444,0.8542,0.85444,0.85508,0.85444,0.8542,0.85444,0.85508,0.85444,0.8542,0.85444,0.85508,0.85444,0.8542,0.85444,0.85508,0.85444,0.8542,0.85444,0.85508,0.85444,0.8542,0.85444,0.85508,0.85444,0.8542,0.85444,0.85508,0.85444,0.8542,0.85444,0.85508,0.85444,0.8542,0.85444,0.85508,0.85444,0.8542,0.85444,0.85508,0.85444,0.8542,0.85444,0.85508,0.85444,0.8542,0.85444,0.85508,0.85444,0.8542,0.85444,0.85508,0.85444,0.8542,0.85444,0.85508,0.85444,0.8542,0.85444,0.85508,0.85444,0.8542,0.85444,0.85508,0.85444,0.8542,0.85444,0.85508,0.85444,0.8542,0.85444,0.85508,0.85444,0.8542,0.85444,0.85508,0.85444,0.8542,0.85444,0.85508,0.85444,0.8542,0.85444,0.85508,0.85444,0.8542,0.85444,0.85508,0.85444,0.8542,0.85444,0.85508,0.85444,0.8542,0.85444,0.85508,0.85444,0.8542,0.85444,0.85508,0.85444,0.8542,0.85444,0.85508,0.85444,0.8542,0.85444,0.85508,0.85444,0.8542,0.85444,0.85508,0.85444,0.8542,0.85444,0.85508,0.85444,0.8542,0.85444,0.85508,0.85444,0.8542,0.85444,0.85508,0.85444,0.8542,0.85444,0.85508,0.85444,0.8542,0.85444,0.85508,0.85444,0.8542,0.85444,0.85508,0.85444,0.8542,0.8554,0.85508,0.85243,0.86007,0.84891,0.85508,0.86652,0.83172,0.87722,0.85508,0.807,0.96843,0.66754
0.85794,0.92402,0.79857,0.88625,0.85794,0.84293,0.87227,0.85037,0.85794,0.86084,0.85455,0.85892,0.85794,0.85729,0.85705,0.85729,0.85794,0.85729,0.85705,0.85729,0.85794,0.85729,0.85705,0.85729,0.85794,0.85729,0.85705,0.85729,0.85794,0.85729,0.85705,0.85729,0.85794,0.85729,0.85705,0.85729,0.85794,0.85729,0.85705,0.85729,0.85794,0.85729,0.85705,0.85729,0.85794,0.85729,0.85705,0.85729,0.85794,0.85729,0.85705,0.85729,0.85794,0.85729,0.85705,0.85729,0.85794,0.85729,0.85705,0.85729,0.85794,0.85729,0.85705,0.85729,0.85794,0.85729,0.85705,0.85729,0.85794,0.85729,0.85705,0.85729,0.85794,0.85729,0.85705,0.85729,0.85794,0.85729,0.85705,0.85729,0.85794,0.85729,0.85705,0.85729,0.85794,0.85729,0.85705,0.85729,0.85794,0.85729,0.85705,0.85729,0.85794,0.85729,0.85705,0.85729,0.85794,0.85729,0.85705,0.85729,0.85794,0.85729,0.85705,0.85729,0.85794,0.85729,0.85705,0.85729,0.85794,0.85729,0.85705,0.85729,0.85794,0.85729,0.85705,0.85729,0.85794,0.85729,0.85705,0.85729,0.85794,0.85729,0.85705,0.85729,0.85794,0.85729,0.85705,0.85729,0.85794,0.85729,0.85705,0.85729,0.85794,0.85729,0.85705,0.85729,0.85794,0.85729,0.85705,0.85729,0.85794,0.85729,0.85705,0.85729,0.85794,0.85729,0.85705,0.85729,0.85794,0.85729,0.85705,0.85729,0.85794,0.85729,0.85705,0.85729,0.85794,0.85729,0.85705,0.85729,0.85794,0.85729,0.85705,0.85729,0.85794,0.85729,0.85705,0.85729,0.85794,0.85729,0.85705,0.85729,0.85794,0.85729,0.85705,0.85729,0.85794,0.85729,0.85705,0.85729,0.85794,0.85729,0.85705,0.85729,0.85794,0.85729,0.85705,0.85729,0.85794,0.85729,0.85705,0.85729,0.85794,0.85729,0.85705,0.85729,0.85794,0.85729,0.85705,0.85729,0.85794,0.85729,0.85705,0.85729,0.85794,0.85729,0.85705,0.85729,0.85794,0.85729,0.85705,0.85729,0.85794,0.85729,0.85705,0.85729,0.85794,0.85729,0.85705,0.85729,0.85794,0.85729,0.85705,0.85729,0.85794,0.85729,0.85705,0.85729,0.85794,0.85729,0.85705,0.85729,0.85794,0.85729,0.85705,0.85729,0.85794,0.85729,0.85705,0.85729,0.85794,0.85729,0.85705,0.85826,0.85794,0.85528,0.86295,0.85175,0.85794,0.86942,0.8345,0.88016,0.85794,0.8097,0.97167,0.66977
0.83639,0.90081,0.77851,0.86399,0.83639,0.82175,0.85036,0.82901,0.83639,0.83922,0.83309,0.83735,0.83639,0.83576,0.83552,0.83576,0.83639,0.83576,0.83552,0.83576,0.83639,0.83576,0.83552,0.83576,0.83639,0.83576,0.83552,0.83576,0.83639,0.83576,0.83552,0.83576,0.83639,0.83576,0.83552,0.83576,0.83639,0.83576,0.83552,0.83576,0.83639,0.83576,0.83552,0.83576,0.83639,0.83576,0.83552,0.83576,0.83639,0.83576,0.83552,0.83576,0.83639,0.83576,0.83552,0.83576,0.83639,0.83576,0.83552,0.83576,0.83639,0.83576,0.83552,0.83576,0.83639,0.83576,0.83552,0.83576,0.83639,0.83576,0.83552,0.83576,0.83639,0.83576,0.83552,0.83576,0.83639,0.83576,0.83552,0.83576,0.83639,0.83576,0.83552,0.83576,0.83639,0.83576,0.83552,0.83576,0.83639,0.83576,0.83552,0.83576,0.83639,0.83576,0.83552,0.83576,0.83639,0.83576,0.83552,0.83576,0.83639,0.83576,0.83552,0.83576,0.83639,0.83576,0.83552,0.83576,0.83639,0.83576,0.83552,0.83576,0.83639,0.83576,0.83552,0.83576,0.83639,0.83576,0.83552,0.83576,0.83639,0.83576,0.83552,0.83576,0.83639,0.83576,0.83552,0.83576,0.83639,0.83576,0.83552,0.83576,0.83639,0.83576,0.83552,0.83576,0.83639,0.83576,0.83552,0.83576,0.83639,0.83576,0.83552,0.83576,0.83639,0.83576,0.83552,0.83576,0.83639,0.83576,0.83552,0.83576,0.83639,0.83576,0.83552,0.83576,0.83639,0.83576,0.83552,0.83576,0.83639,0.83576,0.83552,0.83576,0.83639,0.83576,0.83552,0.83576,0.83639,0.83576,0.83552,0.83576,0.83639,0.83576,0.83552,0.83576,0.83639,0.83576,0.83552,0.83576,0.83639,0.83576,0.83552,0.83576,0.83639,0.83576,0.83552,0.83576,0.83639,0.83576,0.83552,0.83576,0.83639,0.83576,0.83552,0.83576,0.83639,0.83576,0.83552,0.83576,0.83639,0.83576,0.83552,0.83576,0.83639,0.83576,0.83552,0.83576,0.83639,0.83576,0.83552,0.83576,0.83639,0.83576,0.83552,0.83576,0.83639,0.83576,0.83552,0.83576,0.83639,0.83576,0.83552,0.83576,0.83639,0.83576,0.83552,0.83576,0.83639,0.83576,0.83552,0.83576,0.83639,0.83576,0.83552,0.83576,0.83639,0.83576,0.83552,0.83576,0.83639,0.83576,0.83552,0.8367,0.83639,0.83379,0.84127,0.83035,0.83639,0.84758,0.81353,0.85805,0.83639,0.78936,0.94726,0.65294
0.47387,0.52036,0.41787,0.52537,0.62133,0.61679,0.63707,0.59361,0.50155,0.49604,0.49962,0.51217,0.55371,0.55165,0.56568,0.52957,0.45856,0.46187,0.43685,0.5001,0.65446,0.66493,0.6535,0.63657,0.5394,0.52581,0.5519,0.52953,0.51043,0.50516,0.52096,0.49492,0.4665,0.47501,0.44043,0.50867,0.64862,0.6542,0.65576,0.62064,0.49761,0.48421,0.50624,0.49632,0.51195,0.51043,0.51932,0.49697,0.45746,0.46191,0.43817,0.49238,0.62468,0.63628,0.61701,0.61966,0.5645,0.55116,0.58343,0.53984,0.46371,0.45443,0.4741,0.45528,0.46531,0.47876,0.43483,0.5091,0.6418,0.64454,0.65328,0.60908,0.47777,0.46617,0.48112,0.48576,0.53424,0.53541,0.54038,0.5178,0.46733,0.47059,0.44851,0.50272,0.63548,0.64526,0.63253,0.6231,0.54748,0.53504,0.56117,0.53277,0.49006,0.48161,0.50384,0.4729,0.44928,0.461,0.41694,0.50064,0.67048,0.67842,0.67643,0.64094,0.50189,0.48427,0.51748,0.49234,0.48992,0.49021,0.49093,0.48588,0.48,0.48438,0.46622,0.50282,0.59173,0.60159,0.58078,0.59669,0.58156,0.57048,0.6023,0.54945,0.442,0.43113,0.45031,0.44074,0.48107,0.49667,0.45092,0.52064,0.63213,0.63279,0.6444,0.60139,0.4855,0.47709,0.48419,0.49878,0.55953,0.56042,0.56776,0.53897,0.47387,0.4763,0.45472,0.51113,0.65132,0.66099,0.65028,0.6343,0.53764,0.52195,0.55552,0.519,0.47128,0.46473,0.48018,0.46217,0.46719,0.4816,0.43272,0.51879,0.68158,0.6873,0.69093,0.64849,0.50499,0.48963,0.5149,0.50408,0.52586,0.52539,0.53229,0.51089,0.46623,0.46866,0.45051,0.49676,0.62103,0.63468,0.60738,0.62607,0.60455,0.59295,0.62465,0.57404,0.46866,0.45525,0.48358,0.45684,0.46423,0.47904,0.43087,0.51248,0.66115,0.66579,0.6705,0.63002,0.49946,0.48682,0.50514,0.50364,0.53767,0.53686,0.54643,0.51841,0.46041,0.46308,0.44214,0.49589,0.63429,0.64669,0.62625,0.62847,0.56639,0.55133,0.58818,0.53782,0.44937,0.439,0.46051,0.44125,0.45661,0.47171,0.42316,0.50509,0.65778,0.66445,0.66298,0.632,0.51015,0.49394,0.52546,0.49906,0.48874,0.48876,0.48866,0.48759,0.49314,0.49826,0.47949,0.51546,0.60142,0.61146,0.59008,0.60945,0.61532,0.61056,0.62766,0.5876,0.43894,0.40075,0.50907,0.33681
0.73328,0.78976,0.68253,0.75747,0.73328,0.72044,0.74552,0.7268,0.73328,0.73575,0.73038,0.73412,0.73328,0.73272,0.73252,0.73272,0.73328,0.73272,0.73252,0.73272,0.73328,0.73272,0.73252,0.73272,0.73328,0.73272,0.73252,0.73272,0.73328,0.73272,0.73252,0.73272,0.73328,0.73272,0.73252,0.73272,0.73328,0.73272,0.73252,0.73272,0.73328,0.73272,0.73252,0.73272,0.73328,0.73272,0.73252,0.73272,0.73328,0.73272,0.73252,0.73272,0.73328,0.73272,0.73252,0.73272,0.73328,0.73272,0.73252,0.73272,0.73328,0.73272,0.73252,0.73272,0.73328,0.73272,0.73252,0.73272,0.73328,0.73272,0.73252,0.73272,0.73328,0.73272,0.73252,0.73272,0.73328,0.73272,0.73252,0.73272,0.73328,0.73272,0.73252,0.73272,0.73328,0.73272,0.73252,0.73272,0.73328,0.73272,0.73252,0.73272,0.73328,0.73272,0.73252,0.73272,0.73328,0.73272,0.73252,0.73272,0.73328,0.73272,0.73252,0.73272,0.73328,0.73272,0.73252,0.73272,0.73328,0.73272,0.73252,0.73272,0.73328,0.73272,0.73252,0.73312,0.73328,0.7319,0.73492,0.73046,0.73328,0.73767,0.72331,0.74205,0.73328,0.7133,0.77929,0.6562,0.38317,0.35565,0.40664,0.37106,0.38317,0.38874,0.37656,0.3857,0.38317,0.38143,0.38379,0.38221,0.38317,0.38288,0.38277,0.38288,0.38317,0.38288,0.38277,0.38288,0.38317,0.38288,0.38277,0.38288,0.38317,0.38288,0.38277,0.38288,0.38317,0.38288,0.38277,0.38288,0.38317,0.38288,0.38277,0.38288,0.38317,0.38288,0.38277,0.38288,0.38317,0.38288,0.38277,0.38288,0.38317,0.38288,0.38277,0.38288,0.38317,0.38288,0.38277,0.38288,0.38317,0.38288,0.38277,0.38288,0.38317,0.38288,0.38277,0.38288,0.38317,0.38288,0.38277,0.38288,0.38317,0.38288,0.38277,0.38288,0.38317,0.38288,0.38277,0.38288,0.38317,0.38288,0.38277,0.38288,0.38317,0.38288,0.38277,0.38288,0.38317,0.38288,0.38277,0.38288,0.38317,0.38288,0.38277,0.38288,0.38317,0.38288,0.38277,0.38288,0.38317,0.38288,0.38277,0.38288,0.38317,0.38288,0.38277,0.38288,0.38317,0.38288,0.38277,0.38288,0.38317,0.38288,0.38277,0.38288,0.38317,0.38288,0.38277,0.38288,0.38317,0.38288,0.38277,0.38331,0.38317,0.38198,0.3854,0.3804,0.38317,0.38829,0.3727,0.39309,0.38317,0.36162,0.43396,0.29913
0.83186,0.89593,0.77429,0.85931,0.83186,0.8173,0.84575,0.82451,0.83186,0.83467,0.82857,0.83281,0.83186,0.83123,0.831,0.83123,0.83186,0.83123,0.831,0.83123,0.83186,0.83123,0.831,0.83123,0.83186,0.83123,0.831,0.83123,0.83186,0.83123,0.831,0.83123,0.83186,0.83123,0.831,0.83123,0.83186,0.83123,0.831,0.83123,0.83186,0.83123,0.831,0.83123,0.83186,0.83123,0.831,0.83123,0.83186,0.83123,0.831,0.83123,0.83186,0.83123,0.831,0.83123,0.83186,0.83123,0.831,0.83123,0.83186,0.83123,0.831,0.83123,0.83186,0.83123,0.831,0.83123,0.83186,0.83123,0.831,0.83123,0.83186,0.83123,0.831,0.83123,0.83186,0.83123,0.831,0.83123,0.83186,0.83123,0.831,0.83123,0.83186,0.83123,0.831,0.83123,0.83186,0.83123,0.831,0.83123,0.83186,0.83123,0.831,0.83123,0.83186,0.83123,0.831,0.83123,0.83186,0.83123,0.831,0.83123,0.83186,0.83123,0.831,0.83123,0.83186,0.83123,0.831,0.83123,0.83186,0.83123,0.831,0.83159,0.83186,0.83048,0.8332,0.82915,0.83186,0.83577,0.82255,0.83979,0.83186,0.81341,0.8739,0.76103,0.51068,0.48531,0.53205,0.49946,0.51068,0.51567,0.50446,0.51289,0.51068,0.50897,0.51109,0.50969,0.51068,0.5103,0.51015,0.5103,0.51068,0.5103,0.51015,0.5103,0.51068,0.5103,0.51015,0.5103,0.51068,0.5103,0.51015,0.5103,0.51068,0.5103,0.51015,0.5103,0.51068,0.5103,0.51015,0.5103,0.51068,0.5103,0.51015,0.5103,0.51068,0.5103,0.51015,0.5103,0.51068,0.5103,0.51015,0.5103,0.51068,0.5103,0.51015,0.5103,0.51068,0.5103,0.51015,0.5103,0.51068,0.5103,0.51015,0.5103,0.51068,0.5103,0.51015,0.5103,0.51068,0.5103,0.51015,0.5103,0.51068,0.5103,0.51015,0.5103,0.51068,0.5103,0.51015,0.5103,0.51068,0.5103,0.51015,0.5103,0.51068,0.5103,0.51015,0.5103,0.51068,0.5103,0.51015,0.5103,0.51068,0.5103,0.51015,0.5103,0.51068,0.5103,0.51015,0.5103,0.51068,0.5103,0.51015,0.5103,0.51068,0.5103,0.51015,0.5103,0.51068,0.5103,0.51015,0.5103,0.51068,0.5103,0.51015,0.5103,0.51068,0.5103,0.51015,0.51087,0.51068,0.5091,0.51366,0.50699,0.51068,0.51751,0.49673,0.5239,0.51068,0.48196,0.57837,0.39867
0.86031,0.92658,0.80078,0.8887,0.86031,0.84526,0.87468,0.85272,0.86031,0.86322,0.85692,0.8613,0.86031,0.85966,0.85942,0.85966,0.86031,0.85966,0.85942,0.85966,0.86031,0.85966,0.85942,0.85966,0.86031,0.85966,0.85942,0.85966,0.86031,0.85966,0.85942,0.85966,0.86031,0.85966,0.85942,0.85966,0.86031,0.85966,0.85942,0.85966,0.86031,0.85966,0.85942,0.85966,0.86031,0.85966,0.85942,0.85966,0.86031,0.85966,0.85942,0.85966,0.86031,0.85966,0.85942,0.85966,0.86031,0.85966,0.85942,0.85966,0.86031,0.85966,0.85942,0.85966,0.86031,0.85966,0.85942,0.85966,0.86031,0.85966,0.85942,0.85966,0.86031,0.85966,0.85942,0.85966,0.86031,0.85966,0.85942,0.85966,0.86031,0.85966,0.85942,0.85966,0.86031,0.85966,0.85942,0.85966,0.86031,0.85966,0.85942,0.85966,0.86031,0.85966,0.85942,0.85966,0.86031,0.85966,0.85942,0.85966,0.86031,0.85966,0.85942,0.85966,0.86031,0.85966,0.85942,0.85966,0.86031,0.85966,0.85942,0.85966,0.86031,0.85966,0.85942,0.86005,0.86031,0.85886,0.86176,0.85747,0.86031,0.86447,0.85049,0.86872,0.86031,0.84081,0.90483,0.78537,0.5204,0.49357,0.54303,0.50854,0.5204,0.5257,0.51384,0.52275,0.5204,0.5186,0.52085,0.51936,0.5204,0.52001,0.51986,0.52001,0.5204,0.52001,0.51986,0.52001,0.5204,0.52001,0.51986,0.52001,0.5204,0.52001,0.51986,0.52001,0.5204,0.52001,0.51986,0.52001,0.5204,0.52001,0.51986,0.52001,0.5204,0.52001,0.51986,0.52001,0.5204,0.52001,0.51986,0.52001,0.5204,0.52001,0.51986,0.52001,0.5204,0.52001,0.51986,0.52001,0.5204,0.52001,0.51986,0.52001,0.5204,0.52001,0.51986,0.52001,0.5204,0.52001,0.51986,0.52001,0.5204,0.52001,0.51986,0.52001,0.5204,0.52001,0.51986,0.52001,0.5204,0.52001,0.51986,0.52001,0.5204,0.52001,0.51986,0.52001,0.5204,0.52001,0.51986,0.52001,0.5204,0.52001,0.51986,0.52001,0.5204,0.52001,0.51986,0.52001,0.5204,0.52001,0.51986,0.52001,0.5204,0.52001,0.51986,0.52001,0.5204,0.52001,0.51986,0.52001,0.5204,0.52001,0.51986,0.52001,0.5204,0.52001,0.51986,0.52001,0.5204,0.52001,0.51986,0.5206,0.5204,0.51879,0.52344,0.51665,0.5204,0.52736,0.50618,0.53388,0.5204,0.49114,0.58938,0.40626
0.16017,0.17251,0.14908,0.16545,0.16017,0.15737,0.16284,0.15875,0.16017,0.16071,0.15954,0.16035,0.16017,0.16005,0.16,0.16005,0.16017,0.16005,0.16,0.16005,0.16017,0.16005,0.16,0.16005,0.16017,0.16005,0.16,0.16005,0.16017,0.16005,0.16,0.16005,0.16017,0.16005,0.16,0.16005,0.16017,0.16005,0.16,0.16005,0.16017,0.16005,0.16,0.16005,0.16017,0.16005,0.16,0.16005,0.16017,0.16005,0.16,0.16005,0.16017,0.16005,0.16,0.16005,0.16017,0.16005,0.16,0.16005,0.16017,0.16005,0.16,0.16005,0.16017,0.16005,0.16,0.16005,0.16017,0.16005,0.16,0.16005,0.16017,0.16005,0.16,0.16005,0.16017,0.16005,0.16,0.16005,0.16017,0.16005,0.16,0.16005,0.16017,0.16005,0.16,0.16005,0.16017,0.16005,0.16,0.16005,0.16017,0.16005,0.16,0.16005,0.16017,0.16005,0.16,0.16005,0.16017,0.16005,0.16,0.16005,0.16017,0.16005,0.16,0.16005,0.16017,0.16005,0.16,0.16005,0.16017,0.16005,0.16,0.15921,0.16017,0.16178,0.15493,0.16482,0.16017,0.14962,0.1794,0.14039,0.16017,0.20097,0.061458,0.32128,0.89783,0.95453,0.84662,0.92205,0.89783,0.8848,0.90998,0.8912,0.89783,0.9002,0.89476,0.89856,0.89783,0.89716,0.8969,0.89716,0.89783,0.89716,0.8969,0.89716,0.89783,0.89716,0.8969,0.89716,0.89783,0.89716,0.8969,0.89716,0.89783,0.89716,0.8969,0.89716,0.89783,0.89716,0.8969,0.89716,0.89783,0.89716,0.8969,0.89716,0.89783,0.89716,0.8969,0.89716,0.89783,0.89716,0.8969,0.89716,0.89783,0.89716,0.8969,0.89716,0.89783,0.89716,0.8969,0.89716,0.89783,0.89716,0.8969,0.89716,0.89783,0.89716,0.8969,0.89716,0.89783,0.89716,0.8969,0.89716,0.89783,0.89716,0.8969,0.89716,0.89783,0.89716,0.8969,0.89716,0.89783,0.89716,0.8969,0.89716,0.89783,0.89716,0.8969,0.89716,0.89783,0.89716,0.8969,0.89716,0.89783,0.89716,0.8969,0.89716,0.89783,0.89716,0.8969,0.89716,0.89783,0.89716,0.8969,0.89716,0.89783,0.89716,0.8969,0.89716,0.89783,0.89716,0.8969,0.89716,0.89783,0.89716,0.8969,0.89716,0.89783,0.89716,0.8969,0.89817,0.89783,0.89505,0.90307,0.89135,0.89783,0.90984,0.8733,0.92108,0.89783,0.84735,1.0168,0.70091
0.84871,0.91409,0.78998,0.87672,0.84871,0.83386,0.86289,0.84122,0.84871,0.85158,0.84536,0.84969,0.84871,0.84807,0.84784,0.84807,0.84871,0.84807,0.84784,0.84807,0.84871,0.84807,0.84784,0.84807,0.84871,0.84807,0.84784,0.84807,0.84871,0.84807,0.84784,0.84807,0.84871,0.84807,0.84784,0.84807,0.84871,0.84807,0.84784,0.84807,0.84871,0.84807,0.84784,0.84807,0.84871,0.84807,0.84784,0.84807,0.84871,0.84807,0.84784,0.84807,0.84871,0.84807,0.84784,0.84807,0.84871,0.84807,0.84784,0.84807,0.84871,0.84807,0.84784,0.84807,0.84871,0.84807,0.84784,0.84807,0.84871,0.84807,0.84784,0.84807,0.84871,0.84807,0.84784,0.84807,0.84871,0.84807,0.84784,0.84807,0.84871,0.84807,0.84784,0.84807,0.84871,0.84807,0.84784,0.84807,0.84871,0.84807,0.84784,0.84807,0.84871,0.84807,0.84784,0.84807,0.84871,0.84807,0.84784,0.84807,0.84871,0.84807,0.84784,0.84807,0.84871,0.84807,0.84784,0.84807,0.84871,0.84807,0.84784,0.84807,0.84871,0.84807,0.84784,0.84807,0.84871,0.84807,0.84784,0.84807,0.84871,0.84807,0.84784,0.84807,0.84871,0.84807,0.84784,0.84807,0.84871,0.84807,0.84784,0.84807,0.84871,0.84807,0.84784,0.84807,0.84871,0.84807,0.84784,0.84807,0.84871,0.84807,0.84784,0.84807,0.84871,0.84807,0.84784,0.84807,0.84871,0.84807,0.84784,0.84807,0.84871,0.84807,0.84784,0.84807,0.84871,0.84807,0.84784,0.84807,0.84871,0.84807,0.84784,0.84807,0.84871,0.84807,0.84784,0.84807,0.84871,0.84807,0.84784,0.84807,0.84871,0.84807,0.84784,0.84807,0.84871,0.84807,0.84784,0.84807,0.84871,0.84807,0.84784,0.84807,0.84871,0.84807,0.84784,0.84807,0.84871,0.84807,0.84784,0.84807,0.84871,0.84807,0.84784,0.84807,0.84871,0.84807,0.84784,0.84807,0.84871,0.84807,0.84784,0.84807,0.84871,0.84807,0.84784,0.84807,0.84871,0.84807,0.84784,0.84807,0.84871,0.84807,0.84784,0.84807,0.84871,0.84807,0.84784,0.84807,0.84871,0.84807,0.84784,0.84807,0.84871,0.84807,0.84784,0.84807,0.84871,0.84807,0.84784,0.84807,0.84871,0.84807,0.84784,0.84807,0.84871,0.84807,0.84784,0.84807,0.84871,0.84807,0.84784,0.84903,0.84871,0.84608,0.85367,0.84259,0.84871,0.86007,0.82552,0.87069,0.84871,0.80099,0.96122,0.66257
0.66656,0.71791,0.62044,0.68856,0.66656,0.6549,0.67769,0.66068,0.66656,0.66882,0.66393,0.66733,0.66656,0.66606,0.66588,0.66606,0.66656,0.66606,0.66588,0.66606,0.66656,0.66606,0.66588,0.66606,0.66656,0.66606,0.66588,0.66606,0.66656,0.66606,0.66588,0.66606,0.66656,0.66606,0.66588,0.66606,0.66656,0.66606,0.66588,0.66606,0.66656,0.66606,0.66588,0.66606,0.66656,0.66606,0.66588,0.66606,0.66656,0.66606,0.66588,0.66606,0.66656,0.66606,0.66588,0.66606,0.66656,0.66606,0.66588,0.66606,0.66656,0.66606,0.66588,0.66606,0.66656,0.66606,0.66588,0.66606,0.66656,0.66606,0.66588,0.66606,0.66656,0.66606,0.66588,0.66606,0.66656,0.66606,0.66588,0.66606,0.66656,0.66606,0.66588,0.66606,0.66656,0.66606,0.66588,0.66606,0.66656,0.66606,0.66588,0.66606,0.66656,0.66606,0.66588,0.66606,0.66656,0.66606,0.66588,0.66606,0.66656,0.66606,0.66588,0.66606,0.66656,0.66606,0.66588,0.66606,0.66656,0.66606,0.66588,0.66606,0.66656,0.66606,0.66588,0.6659,0.66656,0.66639,0.6649,0.66698,0.66656,0.66406,0.6696,0.66229,0.66656,0.67392,0.64696,0.69701,0.80816,0.81857,0.79768,0.81233,0.80816,0.80518,0.80984,0.80641,0.80816,0.80814,0.80692,0.80782,0.80816,0.80755,0.80733,0.80755,0.80816,0.80755,0.80733,0.80755,0.80816,0.80755,0.80733,0.80755,0.80816,0.80755,0.80733,0.80755,0.80816,0.80755,0.80733,0.80755,0.80816,0.80755,0.80733,0.80755,0.80816,0.80755,0.80733,0.80755,0.80816,0.80755,0.80733,0.80755,0.80816,0.80755,0.80733,0.80755,0.80816,0.80755,0.80733,0.80755,0.80816,0.80755,0.80733,0.80755,0.80816,0.80755,0.80733,0.80755,0.80816,0.80755,0.80733,0.80755,0.80816,0.80755,0.80733,0.80755,0.80816,0.80755,0.80733,0.80755,0.80816,0.80755,0.80733,0.80755,0.80816,0.80755,0.80733,0.80755,0.80816,0.80755,0.80733,0.80755,0.80816,0.80755,0.80733,0.80755,0.80816,0.80755,0.80733,0.80755,0.80816,0.80755,0.80733,0.80755,0.80816,0.80755,0.80733,0.80755,0.80816,0.80755,0.80733,0.80755,0.80816,0.80755,0.80733,0.80755,0.80816,0.80755,0.80733,0.80755,0.80816,0.80755,0.80733,0.80847,0.80816,0.80566,0.81288,0.80233,0.80816,0.81898,0.78608,0.82909,0.80816,0.76272,0.91529,0.63091
0.15319,0.16499,0.14259,0.15825,0.15319,0.15051,0.15575,0.15184,0.15319,0.15371,0.15259,0.15337,0.15319,0.15307,0.15303,0.15307,0.15319,0.15307,0.15303,0.15307,0.15319,0.15307,0.15303,0.15307,0.15319,0.15307,0.15303,0.15307,0.15319,0.15307,0.15303,0.15307,0.15319,0.15307,0.15303,0.15307,0.15319,0.15307,0.15303,0.15307,0.15319,0.15307,0.15303,0.15307,0.15319,0.15307,0.15303,0.15307,0.15319,0.15307,0.15303,0.15307,0.15319,0.15307,0.15303,0.15307,0.15319,0.15307,0.15303,0.15307,0.15319,0.15307,0.15303,0.15307,0.15319,0.15307,0.15303,0.15307,0.15319,0.15307,0.15303,0.15307,0.15319,0.15307,0.15303,0.15307,0.15319,0.15307,0.15303,0.15307,0.15319,0.15307,0.15303,0.15307,0.15319,0.15307,0.15303,0.15307,0.15319,0.15307,0.15303,0.15307,0.15319,0.15307,0.15303,0.15307,0.15319,0.15307,0.15303,0.15307,0.15319,0.15307,0.15303,0.15307,0.15319,0.15307,0.15303,0.15307,0.15319,0.15307,0.15303,0.15307,0.15319,0.15307,0.15303,0.15228,0.15319,0.15474,0.14817,0.15765,0.15319,0.14307,0.17164,0.13422,0.15319,0.19233,0.0585,0.30774,0.86082,0.9152,0.81169,0.88405,0.86082,0.84832,0.87247,0.85445,0.86082,0.86309,0.85786,0.86151,0.86082,0.86017,0.85993,0.86017,0.86082,0.86017,0.85993,0.86017,0.86082,0.86017,0.85993,0.86017,0.86082,0.86017,0.85993,0.86017,0.86082,0.86017,0.85993,0.86017,0.86082,0.86017,0.85993,0.86017,0.86082,0.86017,0.85993,0.86017,0.86082,0.86017,0.85993,0.86017,0.86082,0.86017,0.85993,0.86017,0.86082,0.86017,0.85993,0.86017,0.86082,0.86017,0.85993,0.86017,0.86082,0.86017,0.85993,0.86017,0.86082,0.86017,0.85993,0.86017,0.86082,0.86017,0.85993,0.86017,0.86082,0.86017,0.85993,0.86017,0.86082,0.86017,0.85993,0.86017,0.86082,0.86017,0.85993,0.86017,0.86082,0.86017,0.85993,0.86017,0.86082,0.86017,0.85993,0.86017,0.86082,0.86017,0.85993,0.86017,0.86082,0.86017,0.85993,0.86017,0.86082,0.86017,0.85993,0.86017,0.86082,0.86017,0.85993,0.86017,0.86082,0.86017,0.85993,0.86017,0.86082,0.86017,0.85993,0.86017,0.86082,0.86017,0.85993,0.86114,0.86082,0.85814,0.86584,0.8546,0.86082,0.87233,0.83729,0.88311,0.86082,0.81241,0.97492,0.67201
0.85659,0.92257,0.79732,0.88486,0.85659,0.8416,0.8709,0.84903,0.85659,0.85949,0.85321,0.85757,0.85659,0.85595,0.85571,0.85595,0.85659,0.85595,0.85571,0.85595,0.85659,0.85595,0.85571,0.85595,0.85659,0.85595,0.85571,0.85595,0.85659,0.85595,0.85571,0.85595,0.85659,0.85595,0.85571,0.85595,0.85659,0.85595,0.85571,0.85595,0.85659,0.85595,0.85571,0.85595,0.85659,0.85595,0.85571,0.85595,0.85659,0.85595,0.85571,0.85595,0.85659,0.85595,0.85571,0.85595,0.85659,0.85595,0.85571,0.85595,0.85659,0.85595,0.85571,0.85595,0.85659,0.85595,0.85571,0.85595,0.85659,0.85595,0.85571,0.85595,0.85659,0.85595,0.85571,0.85595,0.85659,0.85595,0.85571,0.85595,0.85659,0.85595,0.85571,0.85595,0.85659,0.85595,0.85571,0.85595,0.85659,0.85595,0.85571,0.85595,0.85659,0.85595,0.85571,0.85595,0.85659,0.85595,0.85571,0.85595,0.85659,0.85595,0.85571,0.85595,0.85659,0.85595,0.85571,0.85595,0.85659,0.85595,0.85571,0.85595,0.85659,0.85595,0.85571,0.85595,0.85659,0.85595,0.85571,0.85595,0.85659,0.85595,0.85571,0.85595,0.85659,0.85595,0.85571,0.85595,0.85659,0.85595,0.85571,0.85595,0.85659,0.85595,0.85571,0.85595,0.85659,0.85595,0.85571,0.85595,0.85659,0.85595,0.85571,0.85595,0.85659,0.85595,0.85571,0.85595,0.85659,0.85595,0.85571,0.85595,0.85659,0.85595,0.85571,0.85595,0.85659,0.85595,0.85571,0.85595,0.85659,0.85595,0.85571,0.85595,0.85659,0.85595,0.85571,0.85595,0.85659,0.85595,0.85571,0.85595,0.85659,0.85595,0.85571,0.85595,0.85659,0.85595,0.85571,0.85595,0.85659,0.85595,0.85571,0.85595,0.85659,0.85595,0.85571,0.85595,0.85659,0.85595,0.85571,0.85595,0.85659,0.85595,0.85571,0.85595,0.85659,0.85595,0.85571,0.85595,0.85659,0.85595,0.85571,0.85595,0.85659,0.85595,0.85571,0.85595,0.85659,0.85595,0.85571,0.85595,0.85659,0.85595,0.85571,0.85595,0.85659,0.85595,0.85571,0.85595,0.85659,0.85595,0.85571,0.85595,0.85659,0.85595,0.85571,0.85595,0.85659,0.85595,0.85571,0.85595,0.85659,0.85595,0.85571,0.85595,0.85659,0.85595,0.85571,0.85595,0.85659,0.85595,0.85571,0.85691,0.85659,0.85393,0.86159,0.85041,0.85659,0.86805,0.83319,0.87877,0.85659,0.80843,0.97014,0.66872
0.7139,0.76889,0.6645,0.73746,0.7139,0.70141,0.72582,0.7076,0.7139,0.71632,0.71109,0.71472,0.7139,0.71336,0.71317,0.71336,0.7139,0.71336,0.71317,0.71336,0.7139,0.71336,0.71317,0.71336,0.7139,0.71336,0.71317,0.71336,0.7139,0.71336,0.71317,0.71336,0.7139,0.71336,0.71317,0.71336,0.7139,0.71336,0.71317,0.71336,0.7139,0.71336,0.71317,0.71336,0.7139,0.71336,0.71317,0.71336,0.7139,0.71336,0.71317,0.71336,0.7139,0.71336,0.71317,0.71336,0.7139,0.71336,0.71317,0.71336,0.7139,0.71336,0.71317,0.71336,0.7139,0.71336,0.71317,0.71336,0.7139,0.71336,0.71317,0.71336,0.7139,0.71336,0.71317,0.71336,0.7139,0.71336,0.71317,0.71336,0.7139,0.71336,0.71317,0.71336,0.7139,0.71336,0.71317,0.71336,0.7139,0.71336,0.71317,0.71336,0.7139,0.71336,0.71317,0.71336,0.7139,0.71336,0.71317,0.71336,0.7139,0.71336,0.71317,0.71336,0.7139,0.71336,0.71317,0.71336,0.7139,0.71336,0.71317,0.71336,0.7139,0.71336,0.71317,0.71336,0.7139,0.71336,0.71317,0.71336,0.7139,0.71336,0.71317,0.71336,0.7139,0.71336,0.71317,0.71336,0.7139,0.71336,0.71317,0.71336,0.7139,0.71336,0.71317,0.71336,0.7139,0.71336,0.71317,0.71336,0.7139,0.71336,0.71317,0.71336,0.7139,0.71336,0.71317,0.71336,0.7139,0.71336,0.71317,0.71336,0.7139,0.71336,0.71317,0.71336,0.7139,0.71336,0.71317,0.71336,0.7139,0.71336,0.71317,0.71336,0.7139,0.71336,0.71317,0.71336,0.7139,0.71336,0.71317,0.71336,0.7139,0.71336,0.71317,0.71336,0.7139,0.71336,0.71317,0.71336,0.7139,0.71336,0.71317,0.71336,0.7139,0.71336,0.71317,0.71336,0.7139,0.71336,0.71317,0.71336,0.7139,0.71336,0.71317,0.71336,0.7139,0.71336,0.71317,0.71336,0.7139,0.71336,0.71317,0.71336,0.7139,0.71336,0.71317,0.71336,0.7139,0.71336,0.71317,0.71336,0.7139,0.71336,0.71317,0.71336,0.7139,0.71336,0.71317,0.71336,0.7139,0.71336,0.71317,0.71336,0.7139,0.71336,0.71317,0.71336,0.7139,0.71336,0.71317,0.71336,0.7139,0.71336,0.71317,0.71336,0.7139,0.71336,0.71317,0.71336,0.7139,0.71336,0.71317,0.71417,0.7139,0.71169,0.71807,0.70875,0.7139,0.72345,0.6944,0.73239,0.7139,0.67376,0.80854,0.55732
0.82673,0.89041,0.76952,0.85401,0.82673,0.81226,0.84053,0.81943,0.82673,0.82952,0.82346,0.82768,0.82673,0.8261,0.82587,0.8261,0.82673,0.8261,0.82587,0.8261,0.82673,0.8261,0.82587,0.8261,0.82673,0.8261,0.82587,0.8261,0.82673,0.8261,0.82587,0.8261,0.82673,0.8261,0.82587,0.8261,0.82673,0.8261,0.82587,0.8261,0.82673,0.8261,0.82587,0.8261,0.82673,0.8261,0.82587,0.8261,0.82673,0.8261,0.82587,0.8261,0.82673,0.8261,0.82587,0.8261,0.82673,0.8261,0.82587,0.8261,0.82673,0.8261,0.82587,0.8261,0.82673,0.8261,0.82587,0.8261,0.82673,0.8261,0.82587,0.8261,0.82673,0.8261,0.82587,0.8261,0.82673,0.8261,0.82587,0.8261,0.82673,0.8261,0.82587,0.8261,0.82673,0.8261,0.82587,0.8261,0.82673,0.8261,0.82587,0.8261,0.82673,0.8261,0.82587,0.8261,0.82673,0.8261,0.82587,0.8261,0.82673,0.8261,0.82587,0.8261,0.82673,0.8261,0.82587,0.8261,0.82673,0.8261,0.82587,0.8261,0.82673,0.8261,0.82587,0.8261,0.82673,0.8261,0.82587,0.8261,0.82673,0.8261,0.82587,0.8261,0.82673,0.8261,0.82587,0.8261,0.82673,0.8261,0.82587,0.8261,0.82673,0.8261,0.82587,0.8261,0.82673,0.8261,0.82587,0.8261,0.82673,0.8261,0.82587,0.8261,0.82673,0.8261,0.82587,0.8261,0.82673,0.8261,0.82587,0.8261,0.82673,0.8261,0.82587,0.8261,0.82673,0.8261,0.82587,0.8261,0.82673,0.8261,0.82587,0.8261,0.82673,0.8261,0.82587,0.8261,0.82673,0.8261,0.82587,0.8261,0.82673,0.8261,0.82587,0.8261,0.82673,0.8261,0.82587,0.8261,0.82673,0.8261,0.82587,0.8261,0.82673,0.8261,0.82587,0.8261,0.82673,0.8261,0.82587,0.8261,0.82673,0.8261,0.82587,0.8261,0.82673,0.8261,0.82587,0.8261,0.82673,0.8261,0.82587,0.8261,0.82673,0.8261,0.82587,0.8261,0.82673,0.8261,0.82587,0.8261,0.82673,0.8261,0.82587,0.8261,0.82673,0.8261,0.82587,0.8261,0.82673,0.8261,0.82587,0.8261,0.82673,0.8261,0.82587,0.8261,0.82673,0.8261,0.82587,0.8261,0.82673,0.8261,0.82587,0.8261,0.82673,0.8261,0.82587,0.8261,0.82673,0.8261,0.82587,0.82704,0.82673,0.82416,0.83155,0.82076,0.82673,0.83779,0.80414,0.84814,0.82673,0.78024,0.93632,0.6454
0.32014,0.34479,0.29798,0.3307,0.32014,0.31453,0.32548,0.31731,0.32014,0.32122,0.31887,0.3205,0.32014,0.31989,0.31981,0.31989,0.32014,0.31989,0.31981,0.31989,0.32014,0.31989,0.31981,0.31989,0.32014,0.31989,0.31981,0.31989,0.32014,0.31989,0.31981,0.31989,0.32014,0.31989,0.31981,0.31989,0.32014,0.31989,0.31981,0.31989,0.32014,0.31989,0.31981,0.31989,0.32014,0.31989,0.31981,0.31989,0.32014,0.31989,0.31981,0.31989,0.32014,0.31989,0.31981,0.31989,0.32014,0.31989,0.31981,0.31989,0.32014,0.31989,0.31981,0.31989,0.32014,0.31989,0.31981,0.31989,0.32014,0.31989,0.31981,0.31989,0.32014,0.31989,0.31981,0.31989,0.32014,0.31989,0.31981,0.31989,0.32014,0.31989,0.31981,0.31989,0.32014,0.31989,0.31981,0.31989,0.32014,0.31989,0.31981,0.31989,0.32014,0.31989,0.31981,0.31989,0.32014,0.31989,0.31981,0.31989,0.32014,0.31989,0.31981,0.31989,0.32014,0.31989,0.31981,0.31989,0.32014,0.31989,0.31981,0.31989,0.32014,0.31989,0.31981,0.31935,0.32014,0.32103,0.31649,0.32301,0.32014,0.31308,0.33249,0.30704,0.32014,0.34665,0.25537,0.42532,0.80247,0.83938,0.76877,0.81815,0.80247,0.79379,0.8102,0.79797,0.80247,0.80386,0.80024,0.80279,0.80247,0.80187,0.80164,0.80187,0.80247,0.80187,0.80164,0.80187,0.80247,0.80187,0.80164,0.80187,0.80247,0.80187,0.80164,0.80187,0.80247,0.80187,0.80164,0.80187,0.80247,0.80187,0.80164,0.80187,0.80247,0.80187,0.80164,0.80187,0.80247,0.80187,0.80164,0.80187,0.80247,0.80187,0.80164,0.80187,0.80247,0.80187,0.80164,0.80187,0.80247,0.80187,0.80164,0.80187,0.80247,0.80187,0.80164,0.80187,0.80247,0.80187,0.80164,0.80187,0.80247,0.80187,0.80164,0.80187,0.80247,0.80187,0.80164,0.80187,0.80247,0.80187,0.80164,0.80187,0.80247,0.80187,0.80164,0.80187,0.80247,0.80187,0.80164,0.80187,0.80247,0.80187,0.80164,0.80187,0.80247,0.80187,0.80164,0.80187,0.80247,0.80187,0.80164,0.80187,0.80247,0.80187,0.80164,0.80187,0.80247,0.80187,0.80164,0.80187,0.80247,0.80187,0.80164,0.80187,0.80247,0.80187,0.80164,0.80187,0.80247,0.80187,0.80164,0.80278,0.80247,0.79998,0.80716,0.79668,0.80247,0.81321,0.78055,0.82325,0.80247,0.75735,0.90885,0.62647
0.14077,0.15161,0.13103,0.14541,0.14077,0.1383,0.14312,0.13953,0.14077,0.14124,0.14021,0.14093,0.14077,0.14066,0.14062,0.14066,0.14077,0.14066,0.14062,0.14066,0.14077,0.14066,0.14062,0.14066,0.14077,0.14066,0.14062,0.14066,0.14077,0.14066,0.14062,0.14066,0.14077,0.14066,0.14062,0.14066,0.14077,0.14066,0.14062,0.14066,0.14077,0.14066,0.14062,0.14066,0.14077,0.14066,0.14062,0.14066,0.14077,0.14066,0.14062,0.14066,0.14077,0.14066,0.14062,0.14066,0.14077,0.14066,0.14062,0.14066,0.14077,0.14066,0.14062,0.14066,0.14077,0.14066,0.14062,0.14066,0.14077,0.14066,0.14062,0.14066,0.14077,0.14066,0.14062,0.14066,0.14077,0.14066,0.14062,0.14066,0.14077,0.14066,0.14062,0.14066,0.14077,0.14066,0.14062,0.14066,0.14077,0.14066,0.14062,0.14066,0.14077,0.14066,0.14062,0.14066,0.14077,0.14066,0.14062,0.14066,0.14077,0.14066,0.14062,0.14066,0.14077,0.14066,0.14062,0.14066,0.14077,0.14066,0.14062,0.14066,0.14077,0.14066,0.14062,0.13983,0.14077,0.14238,0.13559,0.1454,0.14077,0.1303,0.1599,0.12112,0.14077,0.18133,0.042687,0.3009,0.87387,0.93023,0.82299,0.89795,0.87387,0.86093,0.88596,0.86729,0.87387,0.87624,0.87083,0.8746,0.87387,0.87321,0.87296,0.87321,0.87387,0.87321,0.87296,0.87321,0.87387,0.87321,0.87296,0.87321,0.87387,0.87321,0.87296,0.87321,0.87387,0.87321,0.87296,0.87321,0.87387,0.87321,0.87296,0.87321,0.87387,0.87321,0.87296,0.87321,0.87387,0.87321,0.87296,0.87321,0.87387,0.87321,0.87296,0.87321,0.87387,0.87321,0.87296,0.87321,0.87387,0.87321,0.87296,0.87321,0.87387,0.87321,0.87296,0.87321,0.87387,0.87321,0.87296,0.87321,0.87387,0.87321,0.87296,0.87321,0.87387,0.87321,0.87296,0.87321,0.87387,0.87321,0.87296,0.87321,0.87387,0.87321,0.87296,0.87321,0.87387,0.87321,0.87296,0.87321,0.87387,0.87321,0.87296,0.87321,0.87387,0.87321,0.87296,0.87321,0.87387,0.87321,0.87296,0.87321,0.87387,0.87321,0.87296,0.87321,0.87387,0.87321,0.87296,0.87321,0.87387,0.87321,0.87296,0.87321,0.87387,0.87321,0.87296,0.87321,0.87387,0.87321,0.87296,0.8742,0.87387,0.87116,0.87897,0.86756,0.87387,0.88556,0.84999,0.8965,0.87387,0.82473,0.9897,0.6822
0.76675,0.82581,0.71369,0.79205,0.76675,0.75333,0.77955,0.75998,0.76675,0.76934,0.76372,0.76763,0.76675,0.76617,0.76596,0.76617,0.76675,0.76617,0.76596,0.76617,0.76675,0.76617,0.76596,0.76617,0.76675,0.76617,0.76596,0.76617,0.76675,0.76617,0.76596,0.76617,0.76675,0.76617,0.76596,0.76617,0.76675,0.76617,0.76596,0.76617,0.76675,0.76617,0.76596,0.76617,0.76675,0.76617,0.76596,0.76617,0.76675,0.76617,0.76596,0.76617,0.76675,0.76617,0.76596,0.76617,0.76675,0.76617,0.76596,0.76617,0.76675,0.76617,0.76596,0.76617,0.76675,0.76617,0.76596,0.76617,0.76675,0.76617,0.76596,0.76617,0.76675,0.76617,0.76596,0.76617,0.76675,0.76617,0.76596,0.76617,0.76675,0.76617,0.76596,0.76617,0.76675,0.76617,0.76596,0.76617,0.76675,0.76617,0.76596,0.76617,0.76675,0.76617,0.76596,0.76617,0.76675,0.76617,0.76596,0.76617,0.76675,0.76617,0.76596,0.76617,0.76675,0.76617,0.76596,0.76617,0.76675,0.76617,0.76596,0.76617,0.76675,0.76617,0.76596,0.76617,0.76675,0.76617,0.76596,0.76617,0.76675,0.76617,0.76596,0.76617,0.76675,0.76617,0.76596,0.76617,0.76675,0.76617,0.76596,0.76617,0.76675,0.76617,0.76596,0.76617,0.76675,0.76617,0.76596,0.76617,0.76675,0.76617,0.76596,0.76617,0.76675,0.76617,0.76596,0.76617,0.76675,0.76617,0.76596,0.76617,0.76675,0.76617,0.76596,0.76617,0.76675,0.76617,0.76596,0.76617,0.76675,0.76617,0.76596,0.76617,0.76675,0.76617,0.76596,0.76617,0.76675,0.76617,0.76596,0.76617,0.76675,0.76617,0.76596,0.76617,0.76675,0.76617,0.76596,0.76617,0.76675,0.76617,0.76596,0.76617,0.76675,0.76617,0.76596,0.76617,0.76675,0.76617,0.76596,0.76617,0.76675,0.76617,0.76596,0.76617,0.76675,0.76617,0.76596,0.76617,0.76675,0.76617,0.76596,0.76617,0.76675,0.76617,0.76596,0.76617,0.76675,0.76617,0.76596,0.76617,0.76675,0.76617,0.76596,0.76617,0.76675,0.76617,0.76596,0.76617,0.76675,0.76617,0.76596,0.76617,0.76675,0.76617,0.76596,0.76617,0.76675,0.76617,0.76596,0.76617,0.76675,0.76617,0.76596,0.76617,0.76675,0.76617,0.76596,0.76617,0.76675,0.76617,0.76596,0.76704,0.76675,0.76437,0.77123,0.76121,0.76675,0.77701,0.7458,0.7866,0.76675,0.72363,0.86839,0.59858
0.80881,0.87111,0.75284,0.8355,0.80881,0.79466,0.82232,0.80167,0.80881,0.81155,0.80562,0.80974,0.80881,0.8082,0.80798,0.8082,0.80881,0.8082,0.80798,0.8082,0.80881,0.8082,0.80798,0.8082,0.80881,0.8082,0.80798,0.8082,0.80881,0.8082,0.80798,0.8082,0.80881,0.8082,0.80798,0.8082,0.80881,0.8082,0.80798,0.8082,0.80881,0.8082,0.80798,0.8082,0.80881,0.8082,0.80798,0.8082,0.80881,0.8082,0.80798,0.8082,0.80881,0.8082,0.80798,0.8082,0.80881,0.8082,0.80798,0.8082,0.80881,0.8082,0.80798,0.8082,0.80881,0.8082,0.80798,0.8082,0.80881,0.8082,0.80798,0.8082,0.80881,0.8082,0.80798,0.8082,0.80881,0.8082,0.80798,0.8082,0.80881,0.8082,0.80798,0.8082,0.80881,0.8082,0.80798,0.8082,0.80881,0.8082,0.80798,0.8082,0.80881,0.8082,0.80798,0.8082,0.80881,0.8082,0.80798,0.8082,0.80881,0.8082,0.80798,0.8082,0.80881,0.8082,0.80798,0.8082,0.80881,0.8082,0.80798,0.8082,0.80881,0.8082,0.80798,0.8082,0.80881,0.8082,0.80798,0.8082,0.80881,0.8082,0.80798,0.8082,0.80881,0.8082,0.80798,0.8082,0.80881,0.8082,0.80798,0.8082,0.80881,0.8082,0.80798,0.8082,0.80881,0.8082,0.80798,0.8082,0.80881,0.8082,0.80798,0.8082,0.80881,0.8082,0.80798,0.8082,0.80881,0.8082,0.80798,0.8082,0.80881,0.8082,0.80798,0.8082,0.80881,0.8082,0.80798,0.8082,0.80881,0.8082,0.80798,0.8082,0.80881,0.8082,0.80798,0.8082,0.80881,0.8082,0.80798,0.8082,0.80881,0.8082,0.80798,0.8082,0.80881,0.8082,0.80798,0.8082,0.80881,0.8082,0.80798,0.8082,0.80881,0.8082,0.80798,0.8082,0.80881,0.8082,0.80798,0.8082,0.80881,0.8082,0.80798,0.8082,0.80881,0.8082,0.80798,0.8082,0.80881,0.8082,0.80798,0.8082,0.80881,0.8082,0.80798,0.8082,0.80881,0.8082,0.80798,0.8082,0.80881,0.8082,0.80798,0.8082,0.80881,0.8082,0.80798,0.8082,0.80881,0.8082,0.80798,0.8082,0.80881,0.8082,0.80798,0.8082,0.80881,0.8082,0.80798,0.8082,0.80881,0.8082,0.80798,0.8082,0.80881,0.8082,0.80798,0.8082,0.80881,0.8082,0.80798,0.80912,0.80881,0.8063,0.81353,0.80297,0.80881,0.81963,0.78671,0.82976,0.80881,0.76333,0.91603,0.63142
0.48065,0.51767,0.44739,0.49651,0.48065,0.47224,0.48868,0.47641,0.48065,0.48228,0.47875,0.4812,0.48065,0.48029,0.48015,0.48029,0.48065,0.48029,0.48015,0.48029,0.48065,0.48029,0.48015,0.48029,0.48065,0.48029,0.48015,0.48029,0.48065,0.48029,0.48015,0.48029,0.48065,0.48029,0.48015,0.48029,0.48065,0.48029,0.48015,0.48029,0.48065,0.48029,0.48015,0.48029,0.48065,0.48029,0.48015,0.48029,0.48065,0.48029,0.48015,0.48029,0.48065,0.48029,0.48015,0.48029,0.48065,0.48029,0.48015,0.48029,0.48065,0.48029,0.48015,0.48029,0.48065,0.48029,0.48015,0.48029,0.48065,0.48029,0.48015,0.48029,0.48065,0.48029,0.48015,0.48029,0.48065,0.48029,0.48015,0.48029,0.48065,0.48029,0.48015,0.48029,0.48065,0.48029,0.48015,0.48029,0.48065,0.48029,0.48015,0.48029,0.48065,0.48029,0.48015,0.48029,0.48065,0.48029,0.48015,0.48029,0.48065,0.48029,0.48015,0.48029,0.48065,0.48029,0.48015,0.48029,0.48065,0.48029,0.48015,0.48029,0.48065,0.48029,0.48015,0.47997,0.48065,0.48095,0.47822,0.4821,0.48065,0.47632,0.48754,0.47281,0.48065,0.49587,0.44264,0.54166,0.76145,0.78272,0.74152,0.77035,0.76145,0.75617,0.76564,0.75861,0.76145,0.76204,0.75985,0.76141,0.76145,0.76088,0.76066,0.76088,0.76145,0.76088,0.76066,0.76088,0.76145,0.76088,0.76066,0.76088,0.76145,0.76088,0.76066,0.76088,0.76145,0.76088,0.76066,0.76088,0.76145,0.76088,0.76066,0.76088,0.76145,0.76088,0.76066,0.76088,0.76145,0.76088,0.76066,0.76088,0.76145,0.76088,0.76066,0.76088,0.76145,0.76088,0.76066,0.76088,0.76145,0.76088,0.76066,0.76088,0.76145,0.76088,0.76066,0.76088,0.76145,0.76088,0.76066,0.76088,0.76145,0.76088,0.76066,0.76088,0.76145,0.76088,0.76066,0.76088,0.76145,0.76088,0.76066,0.76088,0.76145,0.76088,0.76066,0.76088,0.76145,0.76088,0.76066,0.76088,0.76145,0.76088,0.76066,0.76088,0.76145,0.76088,0.76066,0.76088,0.76145,0.76088,0.76066,0.76088,0.76145,0.76088,0.76066,0.76088,0.76145,0.76088,0.76066,0.76088,0.76145,0.76088,0.76066,0.76088,0.76145,0.76088,0.76066,0.76088,0.76145,0.76088,0.76066,0.76174,0.76145,0.75909,0.7659,0.75595,0.76145,0.77164,0.74064,0.78117,0.76145,0.71863,0.86239,0.59444
0.75491,0.81305,0.70267,0.77982,0.75491,0.7417,0.76751,0.74824,0.75491,0.75746,0.75193,0.75577,0.75491,0.75434,0.75413,0.75434,0.75491,0.75434,0.75413,0.75434,0.75491,0.75434,0.75413,0.75434,0.75491,0.75434,0.75413,0.75434,0.75491,0.75434,0.75413,0.75434,0.75491,0.75434,0.75413,0.75434,0.75491,0.75434,0.75413,0.75434,0.75491,0.75434,0.75413,0.75434,0.75491,0.75434,0.75413,0.75434,0.75491,0.75434,0.75413,0.75434,0.75491,0.75434,0.75413,0.75434,0.75491,0.75434,0.75413,0.75434,0.75491,0.75434,0.75413,0.75434,0.75491,0.75434,0.75413,0.75434,0.75491,0.75434,0.75413,0.75434,0.75491,0.75434,0.75413,0.75434,0.75491,0.75434,0.75413,0.75434,0.75491,0.75434,0.75413,0.75434,0.75491,0.75434,0.75413,0.75434,0.75491,0.75434,0.75413,0.75434,0.75491,0.75434,0.75413,0.75434,0.75491,0.75434,0.75413,0.75434,0.75491,0.75434,0.75413,0.75434,0.75491,0.75434,0.75413,0.75434,0.75491,0.75434,0.75413,0.75434,0.75491,0.75434,0.75413,0.75434,0.75491,0.75434,0.75413,0.75434,0.75491,0.75434,0.75413,0.75434,0.75491,0.75434,0.75413,0.75434,0.75491,0.75434,0.75413,0.75434,0.75491,0.75434,0.75413,0.75434,0.75491,0.75434,0.75413,0.75434,0.75491,0.75434,0.75413,0.75434,0.75491,0.75434,0.75413,0.75434,0.75491,0.75434,0.75413,0.75434,0.75491,0.75434,0.75413,0.75434,0.75491,0.75434,0.75413,0.75434,0.75491,0.75434,0.75413,0.75434,0.75491,0.75434,0.75413,0.75434,0.75491,0.75434,0.75413,0.75434,0.75491,0.75434,0.75413,0.75434,0.75491,0.75434,0.75413,0.75434,0.75491,0.75434,0.75413,0.75434,0.75491,0.75434,0.75413,0.75434,0.75491,0.75434,0.75413,0.75434,0.75491,0.75434,0.75413,0.75434,0.75491,0.75434,0.75413,0.75434,0.75491,0.75434,0.75413,0.75434,0.75491,0.75434,0.75413,0.75434,0.75491,0.75434,0.75413,0.75434,0.75491,0.75434,0.75413,0.75434,0.75491,0.75434,0.75413,0.75434,0.75491,0.75434,0.75413,0.75434,0.75491,0.75434,0.75413,0.75434,0.75491,0.75434,0.75413,0.75434,0.75491,0.75434,0.75413,0.75434,0.75491,0.75434,0.75413,0.75434,0.75491,0.75434,0.75413,0.75519,0.75491,0.75257,0.75932,0.74946,0.75491,0.76501,0.73428,0.77446,0.75491,0.71246,0.85498,0.58933
0.23733,0.25561,0.22091,0.24516,0.23733,0.23318,0.24129,0.23523,0.23733,0.23813,0.23639,0.2376,0.23733,0.23715,0.23708,0.23715,0.23733,0.23715,0.23708,0.23715,0.23733,0.23715,0.23708,0.23715,0.23733,0.23715,0.23708,0.23715,0.23733,0.23715,0.23708,0.23715,0.23733,0.23715,0.23708,0.23715,0.23733,0.23715,0.23708,0.23715,0.23733,0.23715,0.23708,0.23715,0.23733,0.23715,0.23708,0.23715,0.23733,0.23715,0.23708,0.23715,0.23733,0.23715,0.23708,0.23715,0.23733,0.23715,0.23708,0.23715,0.23733,0.23715,0.23708,0.23715,0.23733,0.23715,0.23708,0.23715,0.23733,0.23715,0.23708,0.23715,0.23733,0.23715,0.23708,0.23715,0.23733,0.23715,0.23708,0.23715,0.23733,0.23715,0.23708,0.23715,0.23733,0.23715,0.23708,0.23715,0.23733,0.23715,0.23708,0.23715,0.23733,0.23715,0.23708,0.23715,0.23733,0.23715,0.23708,0.23715,0.23733,0.23715,0.23708,0.23715,0.23733,0.23715,0.23708,0.23715,0.23733,0.23715,0.23708,0.23715,0.23733,0.23715,0.23708,0.23662,0.23733,0.23825,0.23386,0.24018,0.23733,0.23052,0.24943,0.22464,0.23733,0.26319,0.17437,0.33975,0.70675,0.74273,0.67402,0.72206,0.70675,0.69836,0.71435,0.70243,0.70675,0.70816,0.70465,0.70711,0.70675,0.70622,0.70602,0.70622,0.70675,0.70622,0.70602,0.70622,0.70675,0.70622,0.70602,0.70622,0.70675,0.70622,0.70602,0.70622,0.70675,0.70622,0.70602,0.70622,0.70675,0.70622,0.70602,0.70622,0.70675,0.70622,0.70602,0.70622,0.70675,0.70622,0.70602,0.70622,0.70675,0.70622,0.70602,0.70622,0.70675,0.70622,0.70602,0.70622,0.70675,0.70622,0.70602,0.70622,0.70675,0.70622,0.70602,0.70622,0.70675,0.70622,0.70602,0.70622,0.70675,0.70622,0.70602,0.70622,0.70675,0.70622,0.70602,0.70622,0.70675,0.70622,0.70602,0.70622,0.70675,0.70622,0.70602,0.70622,0.70675,0.70622,0.70602,0.70622,0.70675,0.70622,0.70602,0.70622,0.70675,0.70622,0.70602,0.70622,0.70675,0.70622,0.70602,0.70622,0.70675,0.70622,0.70602,0.70622,0.70675,0.70622,0.70602,0.70622,0.70675,0.70622,0.70602,0.70622,0.70675,0.70622,0.70602,0.70622,0.70675,0.70622,0.70602,0.70702,0.70675,0.70456,0.71088,0.70165,0.70675,0.71621,0.68744,0.72505,0.70675,0.66701,0.80044,0.55174
0.55407,0.59674,0.51573,0.57235,0.55407,0.54437,0.56332,0.54918,0.55407,0.55594,0.55188,0.5547,0.55407,0.55365,0.55349,0.55365,0.55407,0.55365,0.55349,0.55365,0.55407,0.55365,0.55349,0.55365,0.55407,0.55365,0.55349,0.55365,0.55407,0.55365,0.55349,0.55365,0.55407,0.55365,0.55349,0.55365,0.55407,0.55365,0.55349,0.55365,0.55407,0.55365,0.55349,0.55365,0.55407,0.55365,0.55349,0.55365,0.55407,0.55365,0.55349,0.55365,0.55407,0.55365,0.55349,0.55365,0.55407,0.55365,0.55349,0.55365,0.55407,0.55365,0.55349,0.55365,0.55407,0.55365,0.55349,0.55365,0.55407,0.55365,0.55349,0.55365,0.55407,0.55365,0.55349,0.55365,0.55407,0.55365,0.55349,0.55365,0.55407,0.55365,0.55349,0.55365,0.55407,0.55365,0.55349,0.55365,0.55407,0.55365,0.55349,0.55365,0.55407,0.55365,0.55349,0.55365,0.55407,0.55365,0.55349,0.55365,0.55407,0.55365,0.55349,0.55365,0.55407,0.55365,0.55349,0.55365,0.55407,0.55365,0.55349,0.55365,0.55407,0.55365,0.55349,0.55342,0.55407,0.55413,0.55209,0.55497,0.55407,0.55076,0.55887,0.5482,0.55407,0.56499,0.52619,0.59833,0.75847,0.7738,0.74375,0.7648,0.75847,0.75447,0.76131,0.75625,0.75847,0.75874,0.75709,0.75829,0.75847,0.7579,0.75769,0.7579,0.75847,0.7579,0.75769,0.7579,0.75847,0.7579,0.75769,0.7579,0.75847,0.7579,0.75769,0.7579,0.75847,0.7579,0.75769,0.7579,0.75847,0.7579,0.75769,0.7579,0.75847,0.7579,0.75769,0.7579,0.75847,0.7579,0.75769,0.7579,0.75847,0.7579,0.75769,0.7579,0.75847,0.7579,0.75769,0.7579,0.75847,0.7579,0.75769,0.7579,0.75847,0.7579,0.75769,0.7579,0.75847,0.7579,0.75769,0.7579,0.75847,0.7579,0.75769,0.7579,0.75847,0.7579,0.75769,0.7579,0.75847,0.7579,0.75769,0.7579,0.75847,0.7579,0.75769,0.7579,0.75847,0.7579,0.75769,0.7579,0.75847,0.7579,0.75769,0.7579,0.75847,0.7579,0.75769,0.7579,0.75847,0.7579,0.75769,0.7579,0.75847,0.7579,0.75769,0.7579,0.75847,0.7579,0.75769,0.7579,0.75847,0.7579,0.75769,0.7579,0.75847,0.7579,0.75769,0.7579,0.75847,0.7579,0.75769,0.75875,0.75847,0.75612,0.7629,0.75299,0.75847,0.76862,0.73774,0.77811,0.75847,0.71582,0.85901,0.59211
0.30041,0.32355,0.27962,0.31032,0.30041,0.29515,0.30543,0.29776,0.30041,0.30143,0.29922,0.30075,0.30041,0.30018,0.3001,0.30018,0.30041,0.30018,0.3001,0.30018,0.30041,0.30018,0.3001,0.30018,0.30041,0.30018,0.3001,0.30018,0.30041,0.30018,0.3001,0.30018,0.30041,0.30018,0.3001,0.30018,0.30041,0.30018,0.3001,0.30018,0.30041,0.30018,0.3001,0.30018,0.30041,0.30018,0.3001,0.30018,0.30041,0.30018,0.3001,0.30018,0.30041,0.30018,0.3001,0.30018,0.30041,0.30018,0.3001,0.30018,0.30041,0.30018,0.3001,0.30018,0.30041,0.30018,0.3001,0.30018,0.30041,0.30018,0.3001,0.30018,0.30041,0.30018,0.3001,0.30018,0.30041,0.30018,0.3001,0.30018,0.30041,0.30018,0.3001,0.30018,0.30041,0.30018,0.3001,0.30018,0.30041,0.30018,0.3001,0.30018,0.30041,0.30018,0.3001,0.30018,0.30041,0.30018,0.3001,0.30018,0.30041,0.30018,0.3001,0.30018,0.30041,0.30018,0.3001,0.30018,0.30041,0.30018,0.3001,0.30018,0.30041,0.30018,0.3001,0.29976,0.30041,0.30107,0.29751,0.30262,0.30041,0.29487,0.30999,0.29016,0.30041,0.32106,0.24984,0.38242,0.67666,0.70542,0.65032,0.68885,0.67666,0.66985,0.68264,0.67312,0.67666,0.67771,0.67487,0.67687,0.67666,0.67615,0.67596,0.67615,0.67666,0.67615,0.67596,0.67615,0.67666,0.67615,0.67596,0.67615,0.67666,0.67615,0.67596,0.67615,0.67666,0.67615,0.67596,0.67615,0.67666,0.67615,0.67596,0.67615,0.67666,0.67615,0.67596,0.67615,0.67666,0.67615,0.67596,0.67615,0.67666,0.67615,0.67596,0.67615,0.67666,0.67615,0.67596,0.67615,0.67666,0.67615,0.67596,0.67615,0.67666,0.67615,0.67596,0.67615,0.67666,0.67615,0.67596,0.67615,0.67666,0.67615,0.67596,0.67615,0.67666,0.67615,0.67596,0.67615,0.67666,0.67615,0.67596,0.67615,0.67666,0.67615,0.67596,0.67615,0.67666,0.67615,0.67596,0.67615,0.67666,0.67615,0.67596,0.67615,0.67666,0.67615,0.67596,0.67615,0.67666,0.67615,0.67596,0.67615,0.67666,0.67615,0.67596,0.67615,0.67666,0.67615,0.67596,0.67615,0.67666,0.67615,0.67596,0.67615,0.67666,0.67615,0.67596,0.67615,0.67666,0.67615,0.67596,0.67692,0.67666,0.67456,0.68061,0.67178,0.67666,0.68572,0.65817,0.69419,0.67666,0.63861,0.76636,0.52825
0.49506,0.53319,0.4608,0.5114,0.49506,0.4864,0.50333,0.49069,0.49506,0.49673,0.49311,0.49563,0.49506,0.49469,0.49455,0.49469,0.49506,0.49469,0.49455,0.49469,0.49506,0.49469,0.49455,0.49469,0.49506,0.49469,0.49455,0.49469,0.49506,0.49469,0.49455,0.49469,0.49506,0.49469,0.49455,0.49469,0.49506,0.49469,0.49455,0.49469,0.49506,0.49469,0.49455,0.49469,0.49506,0.49469,0.49455,0.49469,0.49506,0.49469,0.49455,0.49469,0.49506,0.49469,0.49455,0.49469,0.49506,0.49469,0.49455,0.49469,0.49506,0.49469,0.49455,0.49469,0.49506,0.49469,0.49455,0.49469,0.49506,0.49469,0.49455,0.49469,0.49506,0.49469,0.49455,0.49469,0.49506,0.49469,0.49455,0.49469,0.49506,0.49469,0.49455,0.49469,0.49506,0.49469,0.49455,0.49469,0.49506,0.49469,0.49455,0.49469,0.49506,0.49469,0.49455,0.49469,0.49506,0.49469,0.49455,0.49469,0.49506,0.49469,0.49455,0.49469,0.49506,0.49469,0.49455,0.49469,0.49506,0.49469,0.49455,0.49469,0.49506,0.49469,0.49455,0.49435,0.49506,0.49538,0.49252,0.49659,0.49506,0.49052,0.5023,0.48683,0.49506,0.51104,0.45518,0.5591,0.78976,0.81209,0.76886,0.79911,0.78976,0.78423,0.79417,0.78679,0.78976,0.79039,0.78809,0.78973,0.78976,0.78917,0.78895,0.78917,0.78976,0.78917,0.78895,0.78917,0.78976,0.78917,0.78895,0.78917,0.78976,0.78917,0.78895,0.78917,0.78976,0.78917,0.78895,0.78917,0.78976,0.78917,0.78895,0.78917,0.78976,0.78917,0.78895,0.78917,0.78976,0.78917,0.78895,0.78917,0.78976,0.78917,0.78895,0.78917,0.78976,0.78917,0.78895,0.78917,0.78976,0.78917,0.78895,0.78917,0.78976,0.78917,0.78895,0.78917,0.78976,0.78917,0.78895,0.78917,0.78976,0.78917,0.78895,0.78917,0.78976,0.78917,0.78895,0.78917,0.78976,0.78917,0.78895,0.78917,0.78976,0.78917,0.78895,0.78917,0.78976,0.78917,0.78895,0.78917,0.78976,0.78917,0.78895,0.78917,0.78976,0.78917,0.78895,0.78917,0.78976,0.78917,0.78895,0.78917,0.78976,0.78917,0.78895,0.78917,0.78976,0.78917,0.78895,0.78917,0.78976,0.78917,0.78895,0.78917,0.78976,0.78917,0.78895,0.78917,0.78976,0.78917,0.78895,0.79006,0.78976,0.78731,0.79437,0.78406,0.78976,0.80033,0.76818,0.81021,0.78976,0.74535,0.89445,0.61654
0.71275,0.76764,0.66342,0.73626,0.71275,0.70027,0.72465,0.70645,0.71275,0.71515,0.70993,0.71356,0.71275,0.71221,0.71201,0.71221,0.71275,0.71221,0.71201,0.71221,0.71275,0.71221,0.71201,0.71221,0.71275,0.71221,0.71201,0.71221,0.71275,0.71221,0.71201,0.71221,0.71275,0.71221,0.71201,0.71221,0.71275,0.71221,0.71201,0.71221,0.71275,0.71221,0.71201,0.71221,0.71275,0.71221,0.71201,0.71221,0.71275,0.71221,0.71201,0.71221,0.71275,0.71221,0.71201,0.71221,0.71275,0.71221,0.71201,0.71221,0.71275,0.71221,0.71201,0.71221,0.71275,0.71221,0.71201,0.71221,0.71275,0.71221,0.71201,0.71221,0.71275,0.71221,0.71201,0.71221,0.71275,0.71221,0.71201,0.71221,0.71275,0.71221,0.71201,0.71221,0.71275,0.71221,0.71201,0.71221,0.71275,0.71221,0.71201,0.71221,0.71275,0.71221,0.71201,0.71221,0.71275,0.71221,0.71201,0.71221,0.71275,0.71221,0.71201,0.71221,0.71275,0.71221,0.71201,0.71221,0.71275,0.71221,0.71201,0.71221,0.71275,0.71221,0.71201,0.71244,0.71275,0.71172,0.71344,0.71086,0.71275,0.71515,0.70653,0.71776,0.71275,0.70066,0.73982,0.6667,0.50453,0.48795,0.5182,0.49712,0.50453,0.50763,0.50031,0.50583,0.50453,0.50328,0.50461,0.50375,0.50453,0.50414,0.504,0.50414,0.50453,0.50414,0.504,0.50414,0.50453,0.50414,0.504,0.50414,0.50453,0.50414,0.504,0.50414,0.50453,0.50414,0.504,0.50414,0.50453,0.50414,0.504,0.50414,0.50453,0.50414,0.504,0.50414,0.50453,0.50414,0.504,0.50414,0.50453,0.50414,0.504,0.50414,0.50453,0.50414,0.504,0.50414,0.50453,0.50414,0.504,0.50414,0.50453,0.50414,0.504,0.50414,0.50453,0.50414,0.504,0.50414,0.50453,0.50414,0.504,0.50414,0.50453,0.50414,0.504,0.50414,0.50453,0.50414,0.504,0.50414,0.50453,0.50414,0.504,0.50414,0.50453,0.50414,0.504,0.50414,0.50453,0.50414,0.504,0.50414,0.50453,0.50414,0.504,0.50414,0.50453,0.50414,0.504,0.50414,0.50453,0.50414,0.504,0.50414,0.50453,0.50414,0.504,0.50414,0.50453,0.50414,0.504,0.50414,0.50453,0.50414,0.504,0.50414,0.50453,0.50414,0.504,0.50471,0.50453,0.50296,0.50747,0.50088,0.50453,0.51127,0.49074,0.51759,0.50453,0.47616,0.5714,0.39387
0.86289,0.92935,0.80317,0.89136,0.86289,0.84778,0.87729,0.85527,0.86289,0.8658,0.85948,0.86387,0.86289,0.86223,0.86199,0.86223,0.86289,0.86223,0.86199,0.86223,0.86289,0.86223,0.86199,0.86223,0.86289,0.86223,0.86199,0.86223,0.86289,0.86223,0.86199,0.86223,0.86289,0.86223,0.86199,0.86223,0.86289,0.86223,0.86199,0.86223,0.86289,0.86223,0.86199,0.86223,0.86289,0.86223,0.86199,0.86223,0.86289,0.86223,0.86199,0.86223,0.86289,0.86223,0.86199,0.86223,0.86289,0.86223,0.86199,0.86223,0.86289,0.86223,0.86199,0.86223,0.86289,0.86223,0.86199,0.86223,0.86289,0.86223,0.86199,0.86223,0.86289,0.86223,0.86199,0.86223,0.86289,0.86223,0.86199,0.86223,0.86289,0.86223,0.86199,0.86223,0.86289,0.86223,0.86199,0.86223,0.86289,0.86223,0.86199,0.86223,0.86289,0.86223,0.86199,0.86223,0.86289,0.86223,0.86199,0.86223,0.86289,0.86223,0.86199,0.86223,0.86289,0.86223,0.86199,0.86223,0.86289,0.86223,0.86199,0.86223,0.86289,0.86223,0.86199,0.86299,0.86289,0.86066,0.86659,0.85791,0.86289,0.8717,0.84439,0.88008,0.86289,0.82509,0.95144,0.71589,0.19336,0.14114,0.2388,0.17062,0.19336,0.20443,0.18129,0.19862,0.19336,0.19045,0.19511,0.19194,0.19336,0.19321,0.19316,0.19321,0.19336,0.19321,0.19316,0.19321,0.19336,0.19321,0.19316,0.19321,0.19336,0.19321,0.19316,0.19321,0.19336,0.19321,0.19316,0.19321,0.19336,0.19321,0.19316,0.19321,0.19336,0.19321,0.19316,0.19321,0.19336,0.19321,0.19316,0.19321,0.19336,0.19321,0.19316,0.19321,0.19336,0.19321,0.19316,0.19321,0.19336,0.19321,0.19316,0.19321,0.19336,0.19321,0.19316,0.19321,0.19336,0.19321,0.19316,0.19321,0.19336,0.19321,0.19316,0.19321,0.19336,0.19321,0.19316,0.19321,0.19336,0.19321,0.19316,0.19321,0.19336,0.19321,0.19316,0.19321,0.19336,0.19321,0.19316,0.19321,0.19336,0.19321,0.19316,0.19321,0.19336,0.19321,0.19316,0.19321,0.19336,0.19321,0.19316,0.19321,0.19336,0.19321,0.19316,0.19321,0.19336,0.19321,0.19316,0.19321,0.19336,0.19321,0.19316,0.19321,0.19336,0.19321,0.19316,0.19321,0.19336,0.19321,0.19316,0.19343,0.19336,0.19276,0.19449,0.19196,0.19336,0.19595,0.18808,0.19837,0.19336,0.18249,0.21899,0.15095
0.36875,0.39716,0.34324,0.38092,0.36875,0.3623,0.37491,0.3655,0.36875,0.37,0.3673,0.36918,0.36875,0.36848,0.36837,0.36848,0.36875,0.36848,0.36837,0.36848,0.36875,0.36848,0.36837,0.36848,0.36875,0.36848,0.36837,0.36848,0.36875,0.36848,0.36837,0.36848,0.36875,0.36848,0.36837,0.36848,0.36875,0.36848,0.36837,0.36848,0.36875,0.36848,0.36837,0.36848,0.36875,0.36848,0.36837,0.36848,0.36875,0.36848,0.36837,0.36848,0.36875,0.36848,0.36837,0.36848,0.36875,0.36848,0.36837,0.36848,0.36875,0.36848,0.36837,0.36848,0.36875,0.36848,0.36837,0.36848,0.36875,0.36848,0.36837,0.36848,0.36875,0.36848,0.36837,0.36848,0.36875,0.36848,0.36837,0.36848,0.36875,0.36848,0.36837,0.36848,0.36875,0.36848,0.36837,0.36848,0.36875,0.36848,0.36837,0.36848,0.36875,0.36848,0.36837,0.36848,0.36875,0.36848,0.36837,0.36848,0.36875,0.36848,0.36837,0.36848,0.36875,0.36848,0.36837,0.36848,0.36875,0.36848,0.36837,0.36848,0.36875,0.36848,0.36837,0.36809,0.36875,0.36928,0.36603,0.37068,0.36875,0.36366,0.37733,0.3594,0.36875,0.38738,0.32286,0.44295,0.70946,0.73542,0.6855,0.72042,0.70946,0.70322,0.71477,0.70617,0.70946,0.71033,0.70773,0.70957,0.70946,0.70892,0.70873,0.70892,0.70946,0.70892,0.70873,0.70892,0.70946,0.70892,0.70873,0.70892,0.70946,0.70892,0.70873,0.70892,0.70946,0.70892,0.70873,0.70892,0.70946,0.70892,0.70873,0.70892,0.70946,0.70892,0.70873,0.70892,0.70946,0.70892,0.70873,0.70892,0.70946,0.70892,0.70873,0.70892,0.70946,0.70892,0.70873,0.70892,0.70946,0.70892,0.70873,0.70892,0.70946,0.70892,0.70873,0.70892,0.70946,0.70892,0.70873,0.70892,0.70946,0.70892,0.70873,0.70892,0.70946,0.70892,0.70873,0.70892,0.70946,0.70892,0.70873,0.70892,0.70946,0.70892,0.70873,0.70892,0.70946,0.70892,0.70873,0.70892,0.70946,0.70892,0.70873,0.70892,0.70946,0.70892,0.70873,0.70892,0.70946,0.70892,0.70873,0.70892,0.70946,0.70892,0.70873,0.70892,0.70946,0.70892,0.70873,0.70892,0.70946,0.70892,0.70873,0.70892,0.70946,0.70892,0.70873,0.70892,0.70946,0.70892,0.70873,0.70972,0.70946,0.70726,0.7136,0.70434,0.70946,0.71895,0.69007,0.72783,0.70946,0.66956,0.8035,0.55385
0.75016,0.80794,0.69825,0.77491,0.75016,0.73703,0.76269,0.74354,0.75016,0.75269,0.7472,0.75102,0.75016,0.74959,0.74938,0.74959,0.75016,0.74959,0.74938,0.74959,0.75016,0.74959,0.74938,0.74959,0.75016,0.74959,0.74938,0.74959,0.75016,0.74959,0.74938,0.74959,0.75016,0.74959,0.74938,0.74959,0.75016,0.74959,0.74938,0.74959,0.75016,0.74959,0.74938,0.74959,0.75016,0.74959,0.74938,0.74959,0.75016,0.74959,0.74938,0.74959,0.75016,0.74959,0.74938,0.74959,0.75016,0.74959,0.74938,0.74959,0.75016,0.74959,0.74938,0.74959,0.75016,0.74959,0.74938,0.74959,0.75016,0.74959,0.74938,0.74959,0.75016,0.74959,0.74938,0.74959,0.75016,0.74959,0.74938,0.74959,0.75016,0.74959,0.74938,0.74959,0.75016,0.74959,0.74938,0.74959,0.75016,0.74959,0.74938,0.74959,0.75016,0.74959,0.74938,0.74959,0.75016,0.74959,0.74938,0.74959,0.75016,0.74959,0.74938,0.74959,0.75016,0.74959,0.74938,0.74959,0.75016,0.74959,0.74938,0.74959,0.75016,0.74959,0.74938,0.74985,0.75016,0.74906,0.75095,0.74812,0.75016,0.75282,0.74338,0.75568,0.75016,0.73692,0.7799,0.69966,0.52169,0.50353,0.53672,0.51359,0.52169,0.52512,0.5171,0.52314,0.52169,0.52035,0.52182,0.52086,0.52169,0.5213,0.52115,0.5213,0.52169,0.5213,0.52115,0.5213,0.52169,0.5213,0.52115,0.5213,0.52169,0.5213,0.52115,0.5213,0.52169,0.5213,0.52115,0.5213,0.52169,0.5213,0.52115,0.5213,0.52169,0.5213,0.52115,0.5213,0.52169,0.5213,0.52115,0.5213,0.52169,0.5213,0.52115,0.5213,0.52169,0.5213,0.52115,0.5213,0.52169,0.5213,0.52115,0.5213,0.52169,0.5213,0.52115,0.5213,0.52169,0.5213,0.52115,0.5213,0.52169,0.5213,0.52115,0.5213,0.52169,0.5213,0.52115,0.5213,0.52169,0.5213,0.52115,0.5213,0.52169,0.5213,0.52115,0.5213,0.52169,0.5213,0.52115,0.5213,0.52169,0.5213,0.52115,0.5213,0.52169,0.5213,0.52115,0.5213,0.52169,0.5213,0.52115,0.5213,0.52169,0.5213,0.52115,0.5213,0.52169,0.5213,0.52115,0.5213,0.52169,0.5213,0.52115,0.5213,0.52169,0.5213,0.52115,0.5213,0.52169,0.5213,0.52115,0.52189,0.52169,0.52007,0.52474,0.51792,0.52169,0.52867,0.50744,0.5352,0.52169,0.49236,0.59084,0.40727
0.60128,0.6488,0.55725,0.62385,0.60128,0.56353,0.57181,0.5631,0.56643,0.56772,0.5635,0.56113,0.56205,0.56337,0.55772,0.56787,0.5937,0.59731,0.58756,0.59818,0.5937,0.55225,0.53362,0.5444,0.54139,0.53764,0.54991,0.5553,0.55551,0.55644,0.55146,0.56084,0.58144,0.58274,0.57977,0.58097,0.58144,0.59613,0.60845,0.59854,0.60305,0.61063,0.57091,0.5343,0.54152,0.54331,0.53911,0.54118,0.53534,0.53336,0.53669,0.53334,0.53534,0.54326,0.54424,0.54536,0.54502,0.54172,0.55542,0.56461,0.56421,0.56622,0.55649,0.57713,0.6311,0.6378,0.62217,0.63693,0.6311,0.59016,0.57464,0.58264,0.58079,0.57945,0.57848,0.56793,0.57173,0.57557,0.56202,0.58549,0.63602,0.64091,0.63011,0.63865,0.63602,0.63236,0.63959,0.63103,0.6356,0.64562,0.59025,0.53232,0.54444,0.55003,0.53479,0.55451,0.58424,0.58605,0.58151,0.58499,0.58424,0.5776,0.57414,0.57705,0.57633,0.5732,0.58597,0.59574,0.59487,0.59546,0.5907,0.60169,0.63365,0.63813,0.62666,0.6385,0.63365,0.59533,0.58141,0.58762,0.58667,0.58787,0.57403,0.55196,0.55772,0.56158,0.54898,0.56876,0.60643,0.60916,0.60323,0.60698,0.60643,0.60974,0.61316,0.61102,0.6122,0.612,0.61311,0.61965,0.61809,0.61495,0.62332,0.6086,0.57902,0.5762,0.57977,0.57874,0.57902,0.55893,0.54355,0.55553,0.5513,0.54244,0.58301,0.61949,0.6134,0.61122,0.61325,0.61589,0.63859,0.64338,0.6302,0.64548,0.63859,0.57368,0.54429,0.561,0.55617,0.55113,0.56897,0.5814,0.57969,0.57779,0.58192,0.57506,0.56201,0.56044,0.56225,0.56126,0.56201,0.56015,0.55849,0.55976,0.55978,0.55889,0.56025,0.56023,0.56095,0.56125,0.5586,0.56349,0.57481,0.57558,0.57303,0.57499,0.57481,0.57325,0.57331,0.57325,0.57378,0.57387,0.5681,0.55434,0.5589,0.56408,0.54574,0.57847,0.64971,0.65648,0.64228,0.65296,0.64971,0.64078,0.64089,0.64007,0.64098,0.64159,0.63502,0.62526,0.6282,0.63047,0.62155,0.63826,0.6839,0.69142,0.67173,0.6941,0.6839,0.59176,0.55151,0.57351,0.56731,0.56235,0.5769,0.58219,0.5822,0.58147,0.58222,0.58067,0.57897,0.57887,0.57723,0.58065,0.57897,0.55558,0.54577,0.54987,0.54934,0.54768,0.57239,0.65326,0.6281,0.58964,0.71449,0.48878
0.39944,0.4302,0.3718,0.41262,0.39944,0.39245,0.40611,0.39591,0.39944,0.40079,0.39786,0.39989,0.39944,0.39914,0.39902,0.39914,0.39944,0.39914,0.39902,0.39914,0.39944,0.39914,0.39902,0.39914,0.39944,0.39914,0.39902,0.39914,0.39944,0.39914,0.39902,0.39914,0.39944,0.39914,0.39902,0.39914,0.39944,0.39914,0.39902,0.39914,0.39944,0.39914,0.39902,0.39914,0.39944,0.39914,0.39902,0.39914,0.39944,0.39914,0.39902,0.39914,0.39944,0.39914,0.39902,0.39914,0.39944,0.39914,0.39902,0.39914,0.39944,0.39914,0.39902,0.39914,0.39944,0.39914,0.39902,0.39914,0.39944,0.39914,0.39902,0.39914,0.39944,0.39914,0.39902,0.39914,0.39944,0.39914,0.39902,0.39914,0.39944,0.39914,0.39902,0.39914,0.39944,0.39914,0.39902,0.39914,0.39944,0.39914,0.39902,0.39914,0.39944,0.39914,0.39902,0.39914,0.39944,0.39914,0.39902,0.39914,0.39944,0.39914,0.39902,0.39914,0.39944,0.39914,0.39902,0.39914,0.39944,0.39914,0.39902,0.39914,0.39944,0.39914,0.39902,0.39886,0.39944,0.39972,0.39732,0.40074,0.39944,0.39564,0.40553,0.39254,0.39944,0.41287,0.36596,0.45324,0.64697,0.66573,0.62942,0.65483,0.64697,0.64233,0.65069,0.64448,0.64697,0.6475,0.64558,0.64695,0.64697,0.64648,0.6463,0.64648,0.64697,0.64648,0.6463,0.64648,0.64697,0.64648,0.6463,0.64648,0.64697,0.64648,0.6463,0.64648,0.64697,0.64648,0.6463,0.64648,0.64697,0.64648,0.6463,0.64648,0.64697,0.64648,0.6463,0.64648,0.64697,0.64648,0.6463,0.64648,0.64697,0.64648,0.6463,0.64648,0.64697,0.64648,0.6463,0.64648,0.64697,0.64648,0.6463,0.64648,0.64697,0.64648,0.6463,0.64648,0.64697,0.64648,0.6463,0.64648,0.64697,0.64648,0.6463,0.64648,0.64697,0.64648,0.6463,0.64648,0.64697,0.64648,0.6463,0.64648,0.64697,0.64648,0.6463,0.64648,0.64697,0.64648,0.6463,0.64648,0.64697,0.64648,0.6463,0.64648,0.64697,0.64648,0.6463,0.64648,0.64697,0.64648,0.6463,0.64648,0.64697,0.64648,0.6463,0.64648,0.64697,0.64648,0.6463,0.64648,0.64697,0.64648,0.6463,0.64648,0.64697,0.64648,0.6463,0.64648,0.64697,0.64648,0.6463,0.64721,0.64697,0.64496,0.65074,0.6423,0.64697,0.65562,0.62929,0.66372,0.64697,0.61059,0.73273,0.50507
0.44072,0.47467,0.41022,0.45526,0.44072,0.43301,0.44808,0.43683,0.44072,0.44221,0.43898,0.44123,0.44072,0.44039,0.44027,0.44039,0.44072,0.44039,0.44027,0.44039,0.44072,0.44039,0.44027,0.44039,0.44072,0.44039,0.44027,0.44039,0.44072,0.44039,0.44027,0.44039,0.44072,0.44039,0.44027,0.44039,0.44072,0.44039,0.44027,0.44039,0.44072,0.44039,0.44027,0.44039,0.44072,0.44039,0.44027,0.44039,0.44072,0.44039,0.44027,0.44039,0.44072,0.44039,0.44027,0.44039,0.44072,0.44039,0.44027,0.44039,0.44072,0.44039,0.44027,0.44039,0.44072,0.44039,0.44027,0.44039,0.44072,0.44039,0.44027,0.44039,0.44072,0.44039,0.44027,0.44039,0.44072,0.44039,0.44027,0.44039,0.44072,0.44039,0.44027,0.44039,0.44072,0.44039,0.44027,0.44039,0.44072,0.44039,0.44027,0.44039,0.44072,0.44039,0.44027,0.44039,0.44072,0.44039,0.44027,0.44039,0.44072,0.44039,0.44027,0.44039,0.44072,0.44039,0.44027,0.44039,0.44072,0.44039,0.44027,0.44039,0.44072,0.44039,0.44027,0.44007,0.44072,0.44106,0.43831,0.44223,0.44072,0.43638,0.44774,0.43282,0.44072,0.45615,0.40232,0.50249,0.72481,0.74636,0.7047,0.73385,0.72481,0.71951,0.7291,0.72197,0.72481,0.72544,0.72324,0.72481,0.72481,0.72427,0.72406,0.72427,0.72481,0.72427,0.72406,0.72427,0.72481,0.72427,0.72406,0.72427,0.72481,0.72427,0.72406,0.72427,0.72481,0.72427,0.72406,0.72427,0.72481,0.72427,0.72406,0.72427,0.72481,0.72427,0.72406,0.72427,0.72481,0.72427,0.72406,0.72427,0.72481,0.72427,0.72406,0.72427,0.72481,0.72427,0.72406,0.72427,0.72481,0.72427,0.72406,0.72427,0.72481,0.72427,0.72406,0.72427,0.72481,0.72427,0.72406,0.72427,0.72481,0.72427,0.72406,0.72427,0.72481,0.72427,0.72406,0.72427,0.72481,0.72427,0.72406,0.72427,0.72481,0.72427,0.72406,0.72427,0.72481,0.72427,0.72406,0.72427,0.72481,0.72427,0.72406,0.72427,0.72481,0.72427,0.72406,0.72427,0.72481,0.72427,0.72406,0.72427,0.72481,0.72427,0.72406,0.72427,0.72481,0.72427,0.72406,0.72427,0.72481,0.72427,0.72406,0.72427,0.72481,0.72427,0.72406,0.72427,0.72481,0.72427,0.72406,0.72509,0.72481,0.72256,0.72904,0.71958,0.72481,0.73451,0.70501,0.74358,0.72481,0.68406,0.82089,0.56584
0.77546,0.83519,0.7218,0.80105,0.77546,0.76189,0.78841,0.76862,0.77546,0.77808,0.7724,0.77635,0.77546,0.77488,0.77466,0.77488,0.77546,0.77488,0.77466,0.77488,0.77546,0.77488,0.77466,0.77488,0.77546,0.77488,0.77466,0.77488,0.77546,0.77488,0.77466,0.77488,0.77546,0.77488,0.77466,0.77488,0.77546,0.77488,0.77466,0.77488,0.77546,0.77488,0.77466,0.77488,0.77546,0.77488,0.77466,0.77488,0.77546,0.77488,0.77466,0.77488,0.77546,0.77488,0.77466,0.77488,0.77546,0.77488,0.77466,0.77488,0.77546,0.77488,0.77466,0.77488,0.77546,0.77488,0.77466,0.77488,0.77546,0.77488,0.77466,0.77488,0.77546,0.77488,0.77466,0.77488,0.77546,0.77488,0.77466,0.77488,0.77546,0.77488,0.77466,0.77488,0.77546,0.77488,0.77466,0.77488,0.77546,0.77488,0.77466,0.77488,0.77546,0.77488,0.77466,0.77488,0.77546,0.77488,0.77466,0.77488,0.77546,0.77488,0.77466,0.77488,0.77546,0.77488,0.77466,0.77488,0.77546,0.77488,0.77466,0.77488,0.77546,0.77488,0.77466,0.77488,0.77546,0.77488,0.77466,0.77488,0.77546,0.77488,0.77466,0.77488,0.77546,0.77488,0.77466,0.77488,0.77546,0.77488,0.77466,0.77488,0.77546,0.77488,0.77466,0.77488,0.77546,0.77488,0.77466,0.77488,0.77546,0.77488,0.77466,0.77488,0.77546,0.77488,0.77466,0.77488,0.77546,0.77488,0.77466,0.77488,0.77546,0.77488,0.77466,0.77488,0.77546,0.77488,0.77466,0.77488,0.77546,0.77488,0.77466,0.77488,0.77546,0.77488,0.77466,0.77488,0.77546,0.77488,0.77466,0.77488,0.77546,0.77488,0.77466,0.77488,0.77546,0.77488,0.77466,0.77488,0.77546,0.77488,0.77466,0.77488,0.77546,0.77488,0.77466,0.77488,0.77546,0.77488,0.77466,0.77488,0.77546,0.77488,0.77466,0.77488,0.77546,0.77488,0.77466,0.77488,0.77546,0.77488,0.77466,0.77488,0.77546,0.77488,0.77466,0.77488,0.77546,0.77488,0.77466,0.77488,0.77546,0.77488,0.77466,0.77488,0.77546,0.77488,0.77466,0.77488,0.77546,0.77488,0.77466,0.77488,0.77546,0.77488,0.77466,0.77488,0.77546,0.77488,0.77466,0.77488,0.77546,0.77488,0.77466,0.77488,0.77546,0.77488,0.77466,0.77488,0.77546,0.77488,0.77466,0.77576,0.77546,0.77306,0.77999,0.76987,0.77546,0.78584,0.75427,0.79554,0.77546,0.73186,0.87826,0.60538
0.62822,0.67661,0.58475,0.64895,0.62822,0.61722,0.63871,0.62267,0.62822,0.63034,0.62574,0.62894,0.62822,0.62775,0.62757,0.62775,0.62822,0.62775,0.62757,0.62775,0.62822,0.62775,0.62757,0.62775,0.62822,0.62775,0.62757,0.62775,0.62822,0.62775,0.62759,0.62773,0.62822,0.6278,0.62748,0.62785,0.62822,0.62756,0.62795,0.62736,0.62822,0.62882,0.62305,0.61763,0.61917,0.61909,0.61815,0.61889,0.61917,0.6186,0.61862,0.61865,0.61917,0.61872,0.61851,0.6187,0.61917,0.6187,0.61853,0.6187,0.61917,0.6187,0.61853,0.6187,0.61917,0.6187,0.61853,0.6187,0.61917,0.6187,0.61853,0.6187,0.61917,0.61875,0.61846,0.6188,0.61917,0.61851,0.61896,0.6183,0.61917,0.61951,0.6169,0.62057,0.61917,0.60002,0.59142,0.59612,0.59524,0.59415,0.59525,0.59445,0.59524,0.59494,0.59446,0.59484,0.59524,0.59476,0.59462,0.59479,0.59524,0.59479,0.59462,0.59479,0.59524,0.59479,0.59462,0.59479,0.59524,0.59479,0.59462,0.59479,0.59524,0.59479,0.59462,0.59466,0.59524,0.59505,0.59385,0.59552,0.59524,0.5932,0.59758,0.59179,0.59524,0.60103,0.57959,0.61938,0.70775,0.71597,0.69935,0.71101,0.70775,0.70533,0.70901,0.70631,0.70775,0.70768,0.70669,0.70743,0.70775,0.70721,0.70702,0.70721,0.70775,0.70721,0.70702,0.70721,0.70775,0.70721,0.70702,0.70721,0.70775,0.70721,0.70702,0.70721,0.70775,0.70721,0.70706,0.70718,0.70775,0.70733,0.70681,0.70744,0.70775,0.7068,0.70786,0.70637,0.70775,0.70957,0.69709,0.685,0.68787,0.68819,0.68632,0.68776,0.68787,0.68713,0.68737,0.68724,0.68787,0.68739,0.68712,0.68735,0.68787,0.68735,0.68716,0.68735,0.68787,0.68735,0.68716,0.68735,0.68787,0.68735,0.68716,0.68735,0.68787,0.68735,0.68716,0.68735,0.68787,0.68722,0.68736,0.68707,0.68787,0.68791,0.68594,0.68851,0.68787,0.68502,0.69187,0.68198,0.68787,0.74125,0.76535,0.75251,0.75691,0.75818,0.75431,0.75731,0.75691,0.75589,0.7566,0.75618,0.75691,0.75642,0.75613,0.75634,0.75691,0.75634,0.75613,0.75634,0.75691,0.75634,0.75613,0.75634,0.75691,0.75634,0.75613,0.75634,0.75691,0.75634,0.75613,0.75719,0.75691,0.75456,0.76133,0.75144,0.75691,0.76703,0.73623,0.77651,0.75691,0.71435,0.85724,0.5909
0.82748,0.89122,0.77022,0.85478,0.82748,0.813,0.8413,0.82018,0.82748,0.83028,0.82421,0.82843,0.82748,0.82686,0.82663,0.82686,0.82748,0.82686,0.82663,0.82686,0.82748,0.82686,0.82663,0.82686,0.82748,0.82686,0.82663,0.82686,0.82748,0.82686,0.82663,0.82686,0.82748,0.82686,0.82663,0.82686,0.82748,0.82686,0.82663,0.82686,0.82748,0.82686,0.82663,0.82686,0.82748,0.82686,0.82663,0.82686,0.82748,0.82686,0.82663,0.82686,0.82748,0.82686,0.82663,0.82686,0.82748,0.82686,0.82663,0.82686,0.82748,0.82686,0.82663,0.82686,0.82748,0.82686,0.82663,0.82686,0.82748,0.82686,0.82663,0.82686,0.82748,0.82686,0.82663,0.82686,0.82748,0.82686,0.82663,0.82686,0.82748,0.82686,0.82663,0.82686,0.82748,0.82686,0.82663,0.82686,0.82748,0.82686,0.82663,0.82686,0.82748,0.82686,0.82663,0.82686,0.82748,0.82686,0.82663,0.82686,0.82748,0.82686,0.82663,0.82686,0.82748,0.82686,0.82663,0.82686,0.82748,0.82686,0.82663,0.82686,0.82748,0.82686,0.82663,0.82686,0.82748,0.82686,0.82663,0.82686,0.82748,0.82686,0.82663,0.82686,0.82748,0.82686,0.82663,0.82686,0.82748,0.82686,0.82663,0.82686,0.82748,0.82686,0.82663,0.82686,0.82748,0.82686,0.82663,0.82686,0.82748,0.82686,0.82663,0.82686,0.82748,0.82686,0.82663,0.82686,0.82748,0.82686,0.82663,0.82686,0.82748,0.82686,0.82663,0.82686,0.82748,0.82686,0.82663,0.82686,0.82748,0.82686,0.82663,0.82686,0.82748,0.82686,0.82663,0.82686,0.82748,0.82686,0.82663,0.82686,0.82748,0.82686,0.82663,0.82686,0.82748,0.82686,0.82663,0.82686,0.82748,0.82686,0.82663,0.82686,0.82748,0.82686,0.82663,0.82686,0.82748,0.82686,0.82663,0.82686,0.82748,0.82686,0.82663,0.82686,0.82748,0.82686,0.82663,0.82686,0.82748,0.82686,0.82663,0.82686,0.82748,0.82686,0.82663,0.82686,0.82748,0.82686,0.82663,0.82686,0.82748,0.82686,0.82663,0.82686,0.82748,0.82686,0.82663,0.82686,0.82748,0.82686,0.82663,0.82686,0.82748,0.82686,0.82663,0.82686,0.82748,0.82686,0.82663,0.82686,0.82748,0.82686,0.82663,0.82686,0.82748,0.82686,0.82663,0.82686,0.82748,0.82686,0.82663,0.82779,0.82748,0.82491,0.83231,0.82151,0.82748,0.83855,0.80487,0.84891,0.82748,0.78095,0.93717,0.64599
0.8058,0.86786,0.75003,0.83238,0.8058,0.79169,0.81925,0.79868,0.8058,0.80852,0.80261,0.80672,0.8058,0.80519,0.80496,0.80519,0.8058,0.80519,0.80496,0.80519,0.8058,0.80519,0.80496,0.80519,0.8058,0.80519,0.80496,0.80519,0.8058,0.80519,0.80496,0.80519,0.8058,0.80519,0.80496,0.80519,0.8058,0.80519,0.80496,0.80519,0.8058,0.80519,0.80496,0.80519,0.8058,0.80519,0.80496,0.80519,0.8058,0.80519,0.80496,0.80519,0.8058,0.80519,0.80496,0.80519,0.8058,0.80519,0.80496,0.80519,0.8058,0.80519,0.80496,0.80519,0.8058,0.80519,0.80496,0.80519,0.8058,0.80519,0.80496,0.80519,0.8058,0.80519,0.80496,0.80519,0.8058,0.80519,0.80496,0.80519,0.8058,0.80519,0.80496,0.80519,0.8058,0.80519,0.80496,0.80519,0.8058,0.80519,0.80496,0.80519,0.8058,0.80519,0.80496,0.80519,0.8058,0.80519,0.80496,0.80519,0.8058,0.80519,0.80496,0.80519,0.8058,0.80519,0.80496,0.80519,0.8058,0.80519,0.80496,0.80519,0.8058,0.80519,0.80496,0.80519,0.8058,0.80519,0.80496,0.80519,0.8058,0.80519,0.80496,0.80519,0.8058,0.80519,0.80496,0.80519,0.8058,0.80519,0.80496,0.80519,0.8058,0.80519,0.80496,0.80519,0.8058,0.80519,0.80496,0.80519,0.8058,0.80519,0.80496,0.80519,0.8058,0.80519,0.80496,0.80519,0.8058,0.80519,0.80496,0.80519,0.8058,0.80519,0.80496,0.80519,0.8058,0.80519,0.80496,0.80519,0.8058,0.80519,0.80496,0.80519,0.8058,0.80519,0.80496,0.80519,0.8058,0.80519,0.80496,0.80519,0.8058,0.80519,0.80496,0.80519,0.8058,0.80519,0.80496,0.80519,0.8058,0.80519,0.80496,0.80519,0.8058,0.80519,0.80496,0.80519,0.8058,0.80519,0.80496,0.80519,0.8058,0.80519,0.80496,0.80519,0.8058,0.80519,0.80496,0.80519,0.8058,0.80519,0.80496,0.80519,0.8058,0.80519,0.80496,0.80519,0.8058,0.80519,0.80496,0.80519,0.8058,0.80519,0.80496,0.80519,0.8058,0.80519,0.80496,0.80519,0.8058,0.80519,0.80496,0.80519,0.8058,0.80519,0.80496,0.80519,0.8058,0.80519,0.80496,0.80519,0.8058,0.80519,0.80496,0.80519,0.8058,0.80519,0.80496,0.80519,0.8058,0.80519,0.80496,0.8061,0.8058,0.80329,0.8105,0.79998,0.8058,0.81658,0.78378,0.82666,0.8058,0.76048,0.91261,0.62906
0.85678,0.92277,0.79749,0.88505,0.85678,0.84178,0.87108,0.84921,0.85678,0.85967,0.8534,0.85776,0.85678,0.85613,0.85589,0.85613,0.85678,0.85613,0.85589,0.85613,0.85678,0.85613,0.85589,0.85613,0.85678,0.85613,0.85589,0.85613,0.85678,0.85613,0.85589,0.85613,0.85678,0.85613,0.85589,0.85613,0.85678,0.85613,0.85589,0.85613,0.85678,0.85613,0.85589,0.85613,0.85678,0.85613,0.85589,0.85613,0.85678,0.85613,0.85589,0.85613,0.85678,0.85613,0.85589,0.85613,0.85678,0.85613,0.85589,0.85613,0.85678,0.85613,0.85589,0.85613,0.85678,0.85613,0.85589,0.85613,0.85678,0.85613,0.85589,0.85613,0.85678,0.85613,0.85589,0.85613,0.85678,0.85613,0.85589,0.85613,0.85678,0.85613,0.85589,0.85613,0.85678,0.85613,0.85589,0.85613,0.85678,0.85613,0.85589,0.85613,0.85678,0.85613,0.85589,0.85613,0.85678,0.85613,0.85589,0.85613,0.85678,0.85613,0.85589,0.85613,0.85678,0.85613,0.85589,0.85613,0.85678,0.85613,0.85589,0.85613,0.85678,0.85613,0.85589,0.85613,0.85678,0.85613,0.85589,0.85613,0.85678,0.85613,0.85589,0.85613,0.85678,0.85613,0.85589,0.85613,0.85678,0.85613,0.85589,0.85613,0.85678,0.85613,0.85589,0.85613,0.85678,0.85613,0.85589,0.85613,0.85678,0.85613,0.85589,0.85613,0.85678,0.85613,0.85589,0.85613,0.85678,0.85613,0.85589,0.85613,0.85678,0.85613,0.85589,0.85613,0.85678,0.85613,0.85589,0.85613,0.85678,0.85613,0.85589,0.85613,0.85678,0.85613,0.85589,0.85613,0.85678,0.85613,0.85589,0.85613,0.85678,0.85613,0.85589,0.85613,0.85678,0.85613,0.85589,0.85613,0.85678,0.85613,0.85589,0.85613,0.85678,0.85613,0.85589,0.85613,0.85678,0.85613,0.85589,0.85613,0.85678,0.85613,0.85589,0.85613,0.85678,0.85613,0.85589,0.85613,0.85678,0.85613,0.85589,0.85613,0.85678,0.85613,0.85589,0.85613,0.85678,0.85613,0.85589,0.85613,0.85678,0.85613,0.85589,0.85613,0.85678,0.85613,0.85589,0.85613,0.85678,0.85613,0.85589,0.85613,0.85678,0.85613,0.85589,0.85613,0.85678,0.85613,0.85589,0.85613,0.85678,0.85613,0.85589,0.85613,0.85678,0.85613,0.85589,0.85613,0.85678,0.85613,0.85589,0.8571,0.85678,0.85412,0.86178,0.85059,0.85678,0.86824,0.83337,0.87896,0.85678,0.8086,0.97035,0.66886
0.76991,0.82921,0.71664,0.79532,0.76991,0.75644,0.78277,0.76312,0.76991,0.77251,0.76687,0.7708,0.76991,0.76933,0.76912,0.76933,0.76991,0.76933,0.76912,0.76933,0.76991,0.76933,0.76912,0.76933,0.76991,0.76933,0.76912,0.76933,0.76991,0.76933,0.76912,0.76933,0.76991,0.76933,0.76912,0.76933,0.76991,0.76933,0.76912,0.76933,0.76991,0.76933,0.76912,0.76933,0.76991,0.76933,0.76912,0.76933,0.76991,0.76933,0.76912,0.76933,0.76991,0.76933,0.76912,0.76933,0.76991,0.76933,0.76912,0.76933,0.76991,0.76933,0.76912,0.76933,0.76991,0.76933,0.76912,0.76933,0.76991,0.76933,0.76912,0.76933,0.76991,0.76933,0.76912,0.76933,0.76991,0.76933,0.76912,0.76933,0.76991,0.76933,0.76912,0.76933,0.76991,0.76933,0.76912,0.76933,0.76991,0.76933,0.76912,0.76933,0.76991,0.76933,0.76912,0.76933,0.76991,0.76933,0.76912,0.76933,0.76991,0.76933,0.76912,0.76933,0.76991,0.76933,0.76912,0.76933,0.76991,0.76933,0.76912,0.76933,0.76991,0.76933,0.76912,0.76933,0.76991,0.76933,0.76912,0.76933,0.76991,0.76933,0.76912,0.76933,0.76991,0.76933,0.76912,0.76933,0.76991,0.76933,0.76912,0.76933,0.76991,0.76933,0.76912,0.76933,0.76991,0.76933,0.76912,0.76933,0.76991,0.76933,0.76912,0.76933,0.76991,0.76933,0.76912,0.76933,0.76991,0.76933,0.76912,0.76933,0.76991,0.76933,0.76912,0.76933,0.76991,0.76933,0.76912,0.76933,0.76991,0.76933,0.76912,0.76933,0.76991,0.76933,0.76912,0.76933,0.76991,0.76933,0.76912,0.76933,0.76991,0.76933,0.76912,0.76933,0.76991,0.76933,0.76912,0.76933,0.76991,0.76933,0.76912,0.76933,0.76991,0.76933,0.76912,0.76933,0.76991,0.76933,0.76912,0.76933,0.76991,0.76933,0.76912,0.76933,0.76991,0.76933,0.76912,0.76933,0.76991,0.76933,0.76912,0.76933,0.76991,0.76933,0.76912,0.76933,0.76991,0.76933,0.76912,0.76933,0.76991,0.76933,0.76912,0.76933,0.76991,0.76933,0.76912,0.76933,0.76991,0.76933,0.76912,0.76933,0.76991,0.76933,0.76912,0.76933,0.76991,0.76933,0.76912,0.76933,0.76991,0.76933,0.76912,0.76933,0.76991,0.76933,0.76912,0.76933,0.76991,0.76933,0.76912,0.7702,0.76991,0.76752,0.77441,0.76435,0.76991,0.78021,0.74887,0.78985,0.76991,0.72662,0.87197,0.60105
0.50186,0.54052,0.46713,0.51842,0.50186,0.49308,0.51024,0.49743,0.50186,0.50356,0.49988,0.50244,0.50186,0.50148,0.50134,0.50148,0.50186,0.50148,0.50134,0.50148,0.50186,0.50148,0.50134,0.50148,0.50186,0.50148,0.50134,0.50148,0.50186,0.50148,0.50134,0.50148,0.50186,0.50148,0.50134,0.50148,0.50186,0.50148,0.50134,0.50148,0.50186,0.50148,0.50134,0.50148,0.50186,0.50148,0.50134,0.50148,0.50186,0.50148,0.50134,0.50148,0.50186,0.50148,0.50134,0.50148,0.50186,0.50148,0.50134,0.50148,0.50186,0.50148,0.50134,0.50148,0.50186,0.50148,0.50134,0.50148,0.50186,0.50148,0.50134,0.50148,0.50186,0.50148,0.50134,0.50148,0.50186,0.50148,0.50134,0.50148,0.50186,0.50148,0.50134,0.50148,0.50186,0.50148,0.50134,0.50148,0.50186,0.50148,0.50134,0.50148,0.50186,0.50148,0.50134,0.50148,0.50186,0.50148,0.50134,0.50148,0.50186,0.50148,0.50134,0.50148,0.50186,0.50148,0.50134,0.50148,0.50186,0.50148,0.50134,0.50148,0.50186,0.50148,0.50134,0.50111,0.50186,0.50227,0.49905,0.50364,0.50186,0.49677,0.51011,0.4926,0.50186,0.51998,0.4568,0.57437,0.83531,0.86061,0.81172,0.84593,0.83531,0.82909,0.84036,0.83199,0.83531,0.83606,0.83347,0.83531,0.83531,0.83468,0.83445,0.83468,0.83531,0.83468,0.83445,0.83468,0.83531,0.83468,0.83445,0.83468,0.83531,0.83468,0.83445,0.83468,0.83531,0.83468,0.83445,0.83468,0.83531,0.83468,0.83445,0.83468,0.83531,0.83468,0.83445,0.83468,0.83531,0.83468,0.83445,0.83468,0.83531,0.83468,0.83445,0.83468,0.83531,0.83468,0.83445,0.83468,0.83531,0.83468,0.83445,0.83468,0.83531,0.83468,0.83445,0.83468,0.83531,0.83468,0.83445,0.83468,0.83531,0.83468,0.83445,0.83468,0.83531,0.83468,0.83445,0.83468,0.83531,0.83468,0.83445,0.83468,0.83531,0.83468,0.83445,0.83468,0.83531,0.83468,0.83445,0.83468,0.83531,0.83468,0.83445,0.83468,0.83531,0.83468,0.83445,0.83468,0.83531,0.83468,0.83445,0.83468,0.83531,0.83468,0.83445,0.83468,0.83531,0.83468,0.83445,0.83468,0.83531,0.83468,0.83445,0.83468,0.83531,0.83468,0.83445,0.83468,0.83531,0.83468,0.83445,0.83562,0.83531,0.83272,0.84018,0.82928,0.83531,0.84648,0.81248,0.85694,0.83531,0.78834,0.94603,0.6521
0.8197,0.88283,0.76297,0.84674,0.8197,0.80535,0.83338,0.81246,0.8197,0.82247,0.81646,0.82063,0.8197,0.81908,0.81885,0.81908,0.8197,0.81908,0.81885,0.81908,0.8197,0.81908,0.81885,0.81908,0.8197,0.81908,0.81885,0.81908,0.8197,0.81908,0.81885,0.81908,0.8197,0.81908,0.81885,0.81908,0.8197,0.81908,0.81885,0.81908,0.8197,0.81908,0.81885,0.81908,0.8197,0.81908,0.81885,0.81908,0.8197,0.81908,0.81885,0.81908,0.8197,0.81908,0.81885,0.81908,0.8197,0.81908,0.81885,0.81908,0.8197,0.81908,0.81885,0.81908,0.8197,0.81908,0.81885,0.81908,0.8197,0.81908,0.81885,0.81908,0.8197,0.81908,0.81885,0.81908,0.8197,0.81908,0.81885,0.81908,0.8197,0.81908,0.81885,0.81908,0.8197,0.81908,0.81885,0.81908,0.8197,0.81908,0.81885,0.81908,0.8197,0.81908,0.81885,0.81908,0.8197,0.81908,0.81885,0.81908,0.8197,0.81908,0.81885,0.81908,0.8197,0.81908,0.81885,0.81908,0.8197,0.81908,0.81885,0.81908,0.8197,0.81908,0.81885,0.81908,0.8197,0.81908,0.81885,0.81908,0.8197,0.81908,0.81885,0.81908,0.8197,0.81908,0.81885,0.81908,0.8197,0.81908,0.81885,0.81908,0.8197,0.81908,0.81885,0.81908,0.8197,0.81908,0.81885,0.81908,0.8197,0.81908,0.81885,0.81908,0.8197,0.81908,0.81885,0.81908,0.8197,0.81908,0.81885,0.81908,0.8197,0.81908,0.81885,0.81908,0.8197,0.81908,0.81885,0.81908,0.8197,0.81908,0.81885,0.81908,0.8197,0.81908,0.81885,0.81908,0.8197,0.81908,0.81885,0.81908,0.8197,0.81908,0.81885,0.81908,0.8197,0.81908,0.81885,0.81908,0.8197,0.81908,0.81885,0.81908,0.8197,0.81908,0.81885,0.81908,0.8197,0.81908,0.81885,0.81908,0.8197,0.81908,0.81885,0.81908,0.8197,0.81908,0.81885,0.81908,0.8197,0.81908,0.81885,0.81908,0.8197,0.81908,0.81885,0.81908,0.8197,0.81908,0.81885,0.81908,0.8197,0.81908,0.81885,0.81908,0.8197,0.81908,0.81885,0.81908,0.8197,0.81908,0.81885,0.81908,0.8197,0.81908,0.81885,0.81908,0.8197,0.81908,0.81885,0.81908,0.8197,0.81908,0.81885,0.81908,0.8197,0.81908,0.81885,0.81908,0.8197,0.81908,0.81885,0.82,0.8197,0.81715,0.82448,0.81378,0.8197,0.83066,0.7973,0.84092,0.8197,0.7736,0.92835,0.63991
0.84672,0.91194,0.78813,0.87466,0.84672,0.8319,0.86086,0.83925,0.84672,0.84958,0.84338,0.84769,0.84672,0.84608,0.84584,0.84608,0.84672,0.84608,0.84584,0.84608,0.84672,0.84608,0.84584,0.84608,0.84672,0.84608,0.84584,0.84608,0.84672,0.84608,0.84584,0.84608,0.84672,0.84608,0.84584,0.84608,0.84672,0.84608,0.84584,0.84608,0.84672,0.84608,0.84584,0.84608,0.84672,0.84608,0.84584,0.84608,0.84672,0.84608,0.84584,0.84608,0.84672,0.84608,0.84584,0.84608,0.84672,0.84608,0.84584,0.84608,0.84672,0.84608,0.84584,0.84608,0.84672,0.84608,0.84584,0.84608,0.84672,0.84608,0.84584,0.84608,0.84672,0.84608,0.84584,0.84608,0.84672,0.84608,0.84584,0.84608,0.84672,0.84608,0.84584,0.84608,0.84672,0.84608,0.84584,0.84608,0.84672,0.84608,0.84584,0.84608,0.84672,0.84608,0.84584,0.84608,0.84672,0.84608,0.84584,0.84608,0.84672,0.84608,0.84584,0.84608,0.84672,0.84608,0.84584,0.84608,0.84672,0.84608,0.84584,0.84608,0.84672,0.84608,0.84584,0.84608,0.84672,0.84608,0.84584,0.84608,0.84672,0.84608,0.84584,0.84608,0.84672,0.84608,0.84584,0.84608,0.84672,0.84608,0.84584,0.84608,0.84672,0.84608,0.84584,0.84608,0.84672,0.84608,0.84584,0.84608,0.84672,0.84608,0.84584,0.84608,0.84672,0.84608,0.84584,0.84608,0.84672,0.84608,0.84584,0.84608,0.84672,0.84608,0.84584,0.84608,0.84672,0.84608,0.84584,0.84608,0.84672,0.84608,0.84584,0.84608,0.84672,0.84608,0.84584,0.84608,0.84672,0.84608,0.84584,0.84608,0.84672,0.84608,0.84584,0.84608,0.84672,0.84608,0.84584,0.84608,0.84672,0.84608,0.84584,0.84608,0.84672,0.84608,0.84584,0.84608,0.84672,0.84608,0.84584,0.84608,0.84672,0.84608,0.84584,0.84608,0.84672,0.84608,0.84584,0.84608,0.84672,0.84608,0.84584,0.84608,0.84672,0.84608,0.84584,0.84608,0.84672,0.84608,0.84584,0.84608,0.84672,0.84608,0.84584,0.84608,0.84672,0.84608,0.84584,0.84608,0.84672,0.84608,0.84584,0.84608,0.84672,0.84608,0.84584,0.84608,0.84672,0.84608,0.84584,0.84608,0.84672,0.84608,0.84584,0.84608,0.84672,0.84608,0.84584,0.84608,0.84672,0.84608,0.84584,0.84704,0.84672,0.84409,0.85166,0.84061,0.84672,0.85805,0.82358,0.86865,0.84672,0.79911,0.95896,0.66101
0.60516,0.65177,0.56328,0.62513,0.60516,0.59457,0.61526,0.59982,0.60516,0.6072,0.60277,0.60585,0.60516,0.6047,0.60453,0.6047,0.60516,0.6047,0.60453,0.6047,0.60516,0.6047,0.60453,0.6047,0.60516,0.6047,0.60453,0.6047,0.60516,0.6047,0.60453,0.6047,0.60516,0.6047,0.60453,0.6047,0.60516,0.6047,0.60453,0.6047,0.60516,0.6047,0.60453,0.6047,0.60516,0.6047,0.60453,0.6047,0.60516,0.6047,0.60453,0.6047,0.60516,0.6047,0.60453,0.6047,0.60516,0.6047,0.60453,0.6047,0.60516,0.6047,0.60453,0.6047,0.60516,0.6047,0.60453,0.6047,0.60516,0.6047,0.60453,0.6047,0.60516,0.6047,0.60453,0.6047,0.60516,0.6047,0.60453,0.6047,0.60516,0.6047,0.60453,0.6047,0.60516,0.6047,0.60453,0.6047,0.60516,0.6047,0.60453,0.6047,0.60516,0.6047,0.60453,0.6047,0.60516,0.6047,0.60453,0.6047,0.60516,0.6047,0.60453,0.6047,0.60516,0.6047,0.60453,0.6047,0.60516,0.6047,0.60453,0.6047,0.60516,0.6047,0.60453,0.6045,0.60516,0.60512,0.60331,0.60585,0.60516,0.60219,0.60921,0.59996,0.60516,0.61457,0.58077,0.64358,0.78304,0.79628,0.7701,0.78845,0.78304,0.77947,0.78538,0.78101,0.78304,0.78318,0.78171,0.78278,0.78304,0.78244,0.78223,0.78244,0.78304,0.78244,0.78223,0.78244,0.78304,0.78244,0.78223,0.78244,0.78304,0.78244,0.78223,0.78244,0.78304,0.78244,0.78223,0.78244,0.78304,0.78244,0.78223,0.78244,0.78304,0.78244,0.78223,0.78244,0.78304,0.78244,0.78223,0.78244,0.78304,0.78244,0.78223,0.78244,0.78304,0.78244,0.78223,0.78244,0.78304,0.78244,0.78223,0.78244,0.78304,0.78244,0.78223,0.78244,0.78304,0.78244,0.78223,0.78244,0.78304,0.78244,0.78223,0.78244,0.78304,0.78244,0.78223,0.78244,0.78304,0.78244,0.78223,0.78244,0.78304,0.78244,0.78223,0.78244,0.78304,0.78244,0.78223,0.78244,0.78304,0.78244,0.78223,0.78244,0.78304,0.78244,0.78223,0.78244,0.78304,0.78244,0.78223,0.78244,0.78304,0.78244,0.78223,0.78244,0.78304,0.78244,0.78223,0.78244,0.78304,0.78244,0.78223,0.78244,0.78304,0.78244,0.78223,0.78244,0.78304,0.78244,0.78223,0.78333,0.78304,0.78061,0.78761,0.77738,0.78304,0.79351,0.76164,0.80331,0.78304,0.739,0.88683,0.61129
0.52656,0.56712,0.49013,0.54394,0.52656,0.51735,0.53536,0.52192,0.52656,0.52834,0.52449,0.52717,0.52656,0.52617,0.52602,0.52617,0.52656,0.52617,0.52602,0.52617,0.52656,0.52617,0.52602,0.52617,0.52656,0.52617,0.52602,0.52617,0.52656,0.52617,0.52602,0.52617,0.52656,0.52617,0.52602,0.52617,0.52656,0.52617,0.52602,0.52617,0.52656,0.52617,0.52602,0.52617,0.52656,0.52617,0.52602,0.52617,0.52656,0.52617,0.52602,0.52617,0.52656,0.52617,0.52602,0.52617,0.52656,0.52617,0.52602,0.52617,0.52656,0.52617,0.52602,0.52617,0.52656,0.52617,0.52602,0.52617,0.52656,0.52617,0.52602,0.52617,0.52656,0.52617,0.52602,0.52617,0.52656,0.52617,0.52602,0.52617,0.52656,0.52617,0.52602,0.52617,0.52656,0.52617,0.52602,0.52617,0.52656,0.52617,0.52602,0.52617,0.52656,0.52617,0.52602,0.52617,0.52656,0.52617,0.52602,0.52617,0.52656,0.52617,0.52602,0.52617,0.52656,0.52617,0.52602,0.52617,0.52656,0.52617,0.52602,0.52617,0.52656,0.52617,0.52602,0.52584,0.52656,0.52684,0.52404,0.52803,0.52656,0.5221,0.53359,0.51849,0.52656,0.54215,0.48754,0.58913,0.81464,0.83643,0.79416,0.82374,0.81464,0.8092,0.8189,0.8117,0.81464,0.81521,0.81296,0.81457,0.81464,0.81402,0.81379,0.81402,0.81464,0.81402,0.81379,0.81402,0.81464,0.81402,0.81379,0.81402,0.81464,0.81402,0.81379,0.81402,0.81464,0.81402,0.81379,0.81402,0.81464,0.81402,0.81379,0.81402,0.81464,0.81402,0.81379,0.81402,0.81464,0.81402,0.81379,0.81402,0.81464,0.81402,0.81379,0.81402,0.81464,0.81402,0.81379,0.81402,0.81464,0.81402,0.81379,0.81402,0.81464,0.81402,0.81379,0.81402,0.81464,0.81402,0.81379,0.81402,0.81464,0.81402,0.81379,0.81402,0.81464,0.81402,0.81379,0.81402,0.81464,0.81402,0.81379,0.81402,0.81464,0.81402,0.81379,0.81402,0.81464,0.81402,0.81379,0.81402,0.81464,0.81402,0.81379,0.81402,0.81464,0.81402,0.81379,0.81402,0.81464,0.81402,0.81379,0.81402,0.81464,0.81402,0.81379,0.81402,0.81464,0.81402,0.81379,0.81402,0.81464,0.81402,0.81379,0.81402,0.81464,0.81402,0.81379,0.81402,0.81464,0.81402,0.81379,0.81494,0.81464,0.81211,0.81939,0.80876,0.81464,0.82553,0.79238,0.83573,0.81464,0.76883,0.92262,0.63596
0.81,0.87239,0.75395,0.83673,0.81,0.79583,0.82353,0.80285,0.81,0.81274,0.80681,0.81093,0.81,0.80939,0.80917,0.80939,0.81,0.80939,0.80917,0.80939,0.81,0.80939,0.80917,0.80939,0.81,0.80939,0.80917,0.80939,0.81,0.80939,0.80917,0.80939,0.81,0.80939,0.80917,0.80939,0.81,0.80939,0.80917,0.80939,0.81,0.80939,0.80917,0.80939,0.81,0.80939,0.80917,0.80939,0.81,0.80939,0.80917,0.80939,0.81,0.80939,0.80917,0.80939,0.81,0.80939,0.80917,0.80939,0.81,0.80939,0.80917,0.80939,0.81,0.80939,0.80917,0.80939,0.81,0.80939,0.80917,0.80939,0.81,0.80939,0.80917,0.80939,0.81,0.80939,0.80917,0.80939,0.81,0.80939,0.80917,0.80939,0.81,0.80939,0.80917,0.80939,0.81,0.80939,0.80917,0.80939,0.81,0.80939,0.80917,0.80939,0.81,0.80939,0.80917,0.80939,0.81,0.80939,0.80917,0.80939,0.81,0.80939,0.80917,0.80939,0.81,0.80939,0.80917,0.80939,0.81,0.80939,0.80917,0.80939,0.81,0.80939,0.80917,0.80939,0.81,0.80939,0.80917,0.80939,0.81,0.80939,0.80917,0.80939,0.81,0.80939,0.80917,0.80939,0.81,0.80939,0.80917,0.80939,0.81,0.80939,0.80917,0.80939,0.81,0.80939,0.80917,0.80939,0.81,0.80939,0.80917,0.80939,0.81,0.80939,0.80917,0.80939,0.81,0.80939,0.80917,0.80939,0.81,0.80939,0.80917,0.80939,0.81,0.80939,0.80917,0.80939,0.81,0.80939,0.80917,0.80939,0.81,0.80939,0.80917,0.80939,0.81,0.80939,0.80917,0.80939,0.81,0.80939,0.80917,0.80939,0.81,0.80939,0.80917,0.80939,0.81,0.80939,0.80917,0.80939,0.81,0.80939,0.80917,0.80939,0.81,0.80939,0.80917,0.80939,0.81,0.80939,0.80917,0.80939,0.81,0.80939,0.80917,0.80939,0.81,0.80939,0.80917,0.80939,0.81,0.80939,0.80917,0.80939,0.81,0.80939,0.80917,0.80939,0.81,0.80939,0.80917,0.80939,0.81,0.80939,0.80917,0.80939,0.81,0.80939,0.80917,0.80939,0.81,0.80939,0.80917,0.80939,0.81,0.80939,0.80917,0.80939,0.81,0.80939,0.80917,0.80939,0.81,0.80939,0.80917,0.81031,0.81,0.80749,0.81473,0.80416,0.81,0.82084,0.78787,0.83098,0.81,0.76446,0.91737,0.63235
0.78061,0.84074,0.72659,0.80637,0.78061,0.76695,0.79365,0.77372,0.78061,0.78325,0.77753,0.78151,0.78061,0.78002,0.7798,0.78002,0.78061,0.78002,0.7798,0.78002,0.78061,0.78002,0.7798,0.78002,0.78061,0.78002,0.7798,0.78002,0.78061,0.78002,0.7798,0.78002,0.78061,0.78002,0.7798,0.78002,0.78061,0.78002,0.7798,0.78002,0.78061,0.78002,0.7798,0.78002,0.78061,0.78002,0.7798,0.78002,0.78061,0.78002,0.7798,0.78002,0.78061,0.78002,0.7798,0.78002,0.78061,0.78002,0.7798,0.78002,0.78061,0.78002,0.7798,0.78002,0.78061,0.78002,0.7798,0.78002,0.78061,0.78002,0.7798,0.78002,0.78061,0.78002,0.7798,0.78002,0.78061,0.78002,0.7798,0.78002,0.78061,0.78002,0.7798,0.78002,0.78061,0.78002,0.7798,0.78002,0.78061,0.78002,0.7798,0.78002,0.78061,0.78002,0.7798,0.78002,0.78061,0.78002,0.7798,0.78002,0.78061,0.78002,0.7798,0.78002,0.78061,0.78002,0.7798,0.78002,0.78061,0.78002,0.7798,0.78002,0.78061,0.78002,0.7798,0.78002,0.78061,0.78002,0.7798,0.78002,0.78061,0.78002,0.7798,0.78002,0.78061,0.78002,0.7798,0.78002,0.78061,0.78002,0.7798,0.78002,0.78061,0.78002,0.7798,0.78002,0.78061,0.78002,0.7798,0.78002,0.78061,0.78002,0.7798,0.78002,0.78061,0.78002,0.7798,0.78002,0.78061,0.78002,0.7798,0.78002,0.78061,0.78002,0.7798,0.78002,0.78061,0.78002,0.7798,0.78002,0.78061,0.78002,0.7798,0.78002,0.78061,0.78002,0.7798,0.78002,0.78061,0.78002,0.7798,0.78002,0.78061,0.78002,0.7798,0.78002,0.78061,0.78002,0.7798,0.78002,0.78061,0.78002,0.7798,0.78002,0.78061,0.78002,0.7798,0.78002,0.78061,0.78002,0.7798,0.78002,0.78061,0.78002,0.7798,0.78002,0.78061,0.78002,0.7798,0.78002,0.78061,0.78002,0.7798,0.78002,0.78061,0.78002,0.7798,0.78002,0.78061,0.78002,0.7798,0.78002,0.78061,0.78002,0.7798,0.78002,0.78061,0.78002,0.7798,0.78002,0.78061,0.78002,0.7798,0.78002,0.78061,0.78002,0.7798,0.78002,0.78061,0.78002,0.7798,0.78002,0.78061,0.78002,0.7798,0.78002,0.78061,0.78002,0.7798,0.78002,0.78061,0.78002,0.7798,0.7809,0.78061,0.77819,0.78517,0.77498,0.78061,0.79105,0.75928,0.80082,0.78061,0.73672,0.88409,0.6094
0.456,0.49112,0.42445,0.47105,0.456,0.44802,0.46362,0.45198,0.456,0.45754,0.4542,0.45652,0.456,0.45566,0.45553,0.45566,0.456,0.45566,0.45553,0.45566,0.456,0.45566,0.45553,0.45566,0.456,0.45566,0.45553,0.45566,0.456,0.45566,0.45553,0.45566,0.456,0.45566,0.45553,0.45566,0.456,0.45566,0.45553,0.45566,0.456,0.45566,0.45553,0.45566,0.456,0.45566,0.45553,0.45566,0.456,0.45566,0.45553,0.45532,0.456,0.45636,0.45348,0.45758,0.456,0.45145,0.46336,0.44771,0.456,0.47219,0.41572,0.52079,0.75401,0.77662,0.73292,0.7635,0.75401,0.74845,0.75851,0.75103,0.75401,0.75467,0.75236,0.75401,0.75401,0.75344,0.75323,0.75344,0.75401,0.75344,0.75323,0.75344,0.75401,0.75344,0.75323,0.75344,0.75401,0.75344,0.75323,0.75344,0.75401,0.75344,0.75323,0.75344,0.75401,0.75344,0.75323,0.75344,0.75401,0.75344,0.75323,0.75344,0.75401,0.75344,0.75323,0.75344,0.75401,0.75344,0.75323,0.75344,0.75401,0.75344,0.75323,0.75366,0.75401,0.75298,0.75458,0.75217,0.75401,0.75623,0.74805,0.75869,0.75401,0.74251,0.77956,0.71036,0.55694,0.54119,0.56979,0.54986,0.55694,0.55981,0.55286,0.55811,0.55694,0.5557,0.55693,0.55614,0.55694,0.55651,0.55636,0.55651,0.55694,0.55651,0.55636,0.55651,0.55694,0.55651,0.55636,0.55651,0.55694,0.55651,0.55636,0.55651,0.55694,0.55651,0.55636,0.55651,0.55694,0.55651,0.55636,0.55651,0.55694,0.55651,0.55636,0.55651,0.55694,0.55651,0.55636,0.55651,0.55694,0.55651,0.55636,0.55651,0.55694,0.55651,0.55636,0.55659,0.55694,0.55635,0.55684,0.55606,0.55694,0.55751,0.55452,0.55838,0.55694,0.55263,0.56572,0.54119,0.48683,0.48101,0.49111,0.4841,0.48683,0.48764,0.48509,0.48703,0.48683,0.48618,0.48653,0.48633,0.48683,0.48647,0.48633,0.48647,0.48683,0.48647,0.48633,0.48647,0.48683,0.48647,0.48633,0.48647,0.48683,0.48647,0.48633,0.48647,0.48683,0.48647,0.48633,0.48647,0.48683,0.48647,0.48633,0.48647,0.48683,0.48647,0.48633,0.48647,0.48683,0.48647,0.48633,0.48647,0.48683,0.48647,0.48633,0.48647,0.48683,0.48647,0.48633,0.48702,0.48683,0.48532,0.48968,0.48332,0.48683,0.49335,0.47353,0.49944,0.48683,0.45946,0.55137,0.38006
0.16913,0.18216,0.15743,0.17471,0.16913,0.16617,0.17196,0.16764,0.16913,0.16971,0.16847,0.16933,0.16913,0.16901,0.16896,0.16901,0.16913,0.16901,0.16896,0.16901,0.16913,0.16901,0.16896,0.16901,0.16913,0.16901,0.16896,0.16901,0.16913,0.16901,0.16896,0.16901,0.16913,0.16901,0.16896,0.16901,0.16913,0.16901,0.16896,0.16901,0.16913,0.16901,0.16896,0.16901,0.16913,0.16901,0.16896,0.16901,0.16913,0.16901,0.16896,0.16901,0.16913,0.16901,0.16896,0.16901,0.16913,0.16901,0.16896,0.16901,0.16913,0.16901,0.16896,0.16901,0.16913,0.16901,0.16896,0.16901,0.16913,0.16901,0.16896,0.16901,0.16913,0.16901,0.16896,0.16901,0.16913,0.16901,0.16896,0.16901,0.16913,0.16901,0.16896,0.16901,0.16913,0.16901,0.16896,0.16901,0.16913,0.16901,0.16896,0.16901,0.16913,0.16901,0.16896,0.16901,0.16913,0.16901,0.16896,0.16901,0.16913,0.16901,0.16896,0.16901,0.16913,0.16901,0.16896,0.16901,0.16913,0.16901,0.16896,0.16901,0.16913,0.16901,0.16896,0.16823,0.16913,0.17061,0.16426,0.17343,0.16913,0.15935,0.18693,0.15079,0.16913,0.20693,0.077639,0.31842,0.85272,0.90524,0.80524,0.87515,0.85272,0.84063,0.86396,0.84656,0.85272,0.8549,0.84985,0.85338,0.85272,0.85208,0.85184,0.85208,0.85272,0.85208,0.85184,0.85208,0.85272,0.85208,0.85184,0.85208,0.85272,0.85208,0.85184,0.85208,0.85272,0.85208,0.85184,0.85208,0.85272,0.85208,0.85184,0.85208,0.85272,0.85208,0.85184,0.85208,0.85272,0.85208,0.85184,0.85208,0.85272,0.85208,0.85184,0.85208,0.85272,0.85208,0.85184,0.85208,0.85272,0.85208,0.85184,0.85208,0.85272,0.85208,0.85184,0.85208,0.85272,0.85208,0.85184,0.85208,0.85272,0.85208,0.85184,0.85208,0.85272,0.85208,0.85184,0.85208,0.85272,0.85208,0.85184,0.85208,0.85272,0.85208,0.85184,0.85208,0.85272,0.85208,0.85184,0.85208,0.85272,0.85208,0.85184,0.85208,0.85272,0.85208,0.85184,0.85208,0.85272,0.85208,0.85184,0.85208,0.85272,0.85208,0.85184,0.85208,0.85272,0.85208,0.85184,0.85208,0.85272,0.85208,0.85184,0.85208,0.85272,0.85208,0.85184,0.85208,0.85272,0.85208,0.85184,0.85304,0.85272,0.85007,0.8577,0.84656,0.85272,0.86413,0.82942,0.8748,0.85272,0.80477,0.96575,0.66569
0.27598,0.29724,0.25688,0.28509,0.27598,0.27115,0.28059,0.27354,0.27598,0.27691,0.27489,0.2763,0.27598,0.27577,0.27569,0.27577,0.27598,0.27577,0.27569,0.27577,0.27598,0.27577,0.27569,0.27577,0.27598,0.27577,0.27569,0.27577,0.27598,0.27577,0.27569,0.27577,0.27598,0.27577,0.27569,0.27577,0.27598,0.27577,0.27569,0.27577,0.27598,0.27577,0.27569,0.27577,0.27598,0.27577,0.27569,0.27577,0.27598,0.27577,0.27569,0.27577,0.27598,0.27577,0.27569,0.27577,0.27598,0.27577,0.27569,0.27577,0.27598,0.27577,0.27569,0.27577,0.27598,0.27577,0.27569,0.27577,0.27598,0.27577,0.27569,0.27577,0.27598,0.27577,0.27569,0.27577,0.27598,0.27577,0.27569,0.27577,0.27598,0.27577,0.27569,0.27577,0.27598,0.27577,0.27569,0.27577,0.27598,0.27577,0.27569,0.27577,0.27598,0.27577,0.27569,0.27577,0.27598,0.27577,0.27569,0.27577,0.27598,0.27577,0.27569,0.27577,0.27598,0.27577,0.27569,0.27577,0.27598,0.27577,0.27569,0.27577,0.27598,0.27577,0.27569,0.27513,0.27598,0.27711,0.27179,0.27945,0.27598,0.26774,0.29064,0.26062,0.27598,0.3073,0.19976,0.40001,0.84436,0.88793,0.80474,0.86291,0.84436,0.83421,0.85357,0.83913,0.84436,0.84607,0.84183,0.8448,0.84436,0.84372,0.84349,0.84372,0.84436,0.84372,0.84349,0.84372,0.84436,0.84372,0.84349,0.84372,0.84436,0.84372,0.84349,0.84372,0.84436,0.84372,0.84349,0.84372,0.84436,0.84372,0.84349,0.84372,0.84436,0.84372,0.84349,0.84372,0.84436,0.84372,0.84349,0.84372,0.84436,0.84372,0.84349,0.84372,0.84436,0.84372,0.84349,0.84372,0.84436,0.84372,0.84349,0.84372,0.84436,0.84372,0.84349,0.84372,0.84436,0.84372,0.84349,0.84372,0.84436,0.84372,0.84349,0.84372,0.84436,0.84372,0.84349,0.84372,0.84436,0.84372,0.84349,0.84372,0.84436,0.84372,0.84349,0.84372,0.84436,0.84372,0.84349,0.84372,0.84436,0.84372,0.84349,0.84372,0.84436,0.84372,0.84349,0.84372,0.84436,0.84372,0.84349,0.84372,0.84436,0.84372,0.84349,0.84372,0.84436,0.84372,0.84349,0.84372,0.84436,0.84372,0.84349,0.84372,0.84436,0.84372,0.84349,0.84372,0.84436,0.84372,0.84349,0.84468,0.84436,0.84174,0.84929,0.83826,0.84436,0.85566,0.82129,0.86622,0.84436,0.79688,0.95629,0.65917
0.80094,0.86263,0.74551,0.82737,0.80094,0.78692,0.81431,0.79387,0.80094,0.80364,0.79778,0.80186,0.80094,0.80033,0.80011,0.80033,0.80094,0.80033,0.80011,0.80033,0.80094,0.80033,0.80011,0.80033,0.80094,0.80033,0.80011,0.80033,0.80094,0.80033,0.80011,0.80033,0.80094,0.80033,0.80011,0.80033,0.80094,0.80033,0.80011,0.80033,0.80094,0.80033,0.80011,0.80033,0.80094,0.80033,0.80011,0.80033,0.80094,0.80033,0.80011,0.80033,0.80094,0.80033,0.80011,0.80033,0.80094,0.80033,0.80011,0.80033,0.80094,0.80033,0.80011,0.80033,0.80094,0.80033,0.80011,0.80033,0.80094,0.80033,0.80011,0.80033,0.80094,0.80033,0.80011,0.80033,0.80094,0.80033,0.80011,0.80033,0.80094,0.80033,0.80011,0.80033,0.80094,0.80033,0.80011,0.80033,0.80094,0.80033,0.80011,0.80033,0.80094,0.80033,0.80011,0.80033,0.80094,0.80033,0.80011,0.80033,0.80094,0.80033,0.80011,0.80033,0.80094,0.80033,0.80011,0.80033,0.80094,0.80033,0.80011,0.80033,0.80094,0.80033,0.80011,0.80033,0.80094,0.80033,0.80011,0.80033,0.80094,0.80033,0.80011,0.80033,0.80094,0.80033,0.80011,0.80033,0.80094,0.80033,0.80011,0.80033,0.80094,0.80033,0.80011,0.80033,0.80094,0.80033,0.80011,0.80033,0.80094,0.80033,0.80011,0.80033,0.80094,0.80033,0.80011,0.80033,0.80094,0.80033,0.80011,0.80033,0.80094,0.80033,0.80011,0.80033,0.80094,0.80033,0.80011,0.80033,0.80094,0.80033,0.80011,0.80033,0.80094,0.80033,0.80011,0.80033,0.80094,0.80033,0.80011,0.80033,0.80094,0.80033,0.80011,0.80033,0.80094,0.80033,0.80011,0.80033,0.80094,0.80033,0.80011,0.80033,0.80094,0.80033,0.80011,0.80033,0.80094,0.80033,0.80011,0.80033,0.80094,0.80033,0.80011,0.80033,0.80094,0.80033,0.80011,0.80033,0.80094,0.80033,0.80011,0.80033,0.80094,0.80033,0.80011,0.80033,0.80094,0.80033,0.80011,0.80033,0.80094,0.80033,0.80011,0.80033,0.80094,0.80033,0.80011,0.80033,0.80094,0.80033,0.80011,0.80033,0.80094,0.80033,0.80011,0.80033,0.80094,0.80033,0.80011,0.80033,0.80094,0.80033,0.80011,0.80033,0.80094,0.80033,0.80011,0.80033,0.80094,0.80033,0.80011,0.80124,0.80094,0.79845,0.80561,0.79516,0.80094,0.81165,0.77905,0.82168,0.80094,0.7559,0.90711,0.62527
0.71365,0.76862,0.66427,0.7372,0.71365,0.70116,0.72557,0.70735,0.71365,0.71606,0.71083,0.71447,0.71365,0.71311,0.71291,0.71311,0.71365,0.71311,0.71291,0.71311,0.71365,0.71311,0.71291,0.71311,0.71365,0.71311,0.71291,0.71311,0.71365,0.71311,0.71291,0.71311,0.71365,0.71311,0.71291,0.71311,0.71365,0.71311,0.71291,0.71311,0.71365,0.71311,0.71291,0.71311,0.71365,0.71311,0.71291,0.71311,0.71365,0.71311,0.71291,0.71311,0.71365,0.71311,0.71291,0.71311,0.71365,0.71311,0.71291,0.71311,0.71365,0.71311,0.71291,0.71311,0.71365,0.71311,0.71291,0.71311,0.71365,0.71311,0.71291,0.71311,0.71365,0.71311,0.71291,0.71311,0.71365,0.71311,0.71291,0.71311,0.71365,0.71311,0.71291,0.71311,0.71365,0.71311,0.71291,0.71311,0.71365,0.71311,0.71291,0.71311,0.71365,0.71311,0.71291,0.71311,0.71365,0.71311,0.71291,0.71311,0.71365,0.71311,0.71291,0.71311,0.71365,0.71311,0.71291,0.71311,0.71365,0.71311,0.71291,0.71311,0.71365,0.71311,0.71291,0.71365,0.71365,0.71199,0.71618,0.71004,0.71365,0.71983,0.70041,0.72578,0.71365,0.68674,0.77641,0.60921,0.2383,0.20114,0.27045,0.22207,0.2383,0.24608,0.22962,0.24195,0.2383,0.23615,0.23944,0.23721,0.2383,0.23812,0.23805,0.23812,0.2383,0.23812,0.23805,0.23812,0.2383,0.23812,0.23805,0.23812,0.2383,0.23812,0.23805,0.23812,0.2383,0.23812,0.23805,0.23812,0.2383,0.23812,0.23805,0.23812,0.2383,0.23812,0.23805,0.23812,0.2383,0.23812,0.23805,0.23812,0.2383,0.23812,0.23805,0.23812,0.2383,0.23812,0.23805,0.23812,0.2383,0.23812,0.23805,0.23812,0.2383,0.23812,0.23805,0.23812,0.2383,0.23812,0.23805,0.23812,0.2383,0.23812,0.23805,0.23812,0.2383,0.23812,0.23805,0.23812,0.2383,0.23812,0.23805,0.23812,0.2383,0.23812,0.23805,0.23812,0.2383,0.23812,0.23805,0.23812,0.2383,0.23812,0.23805,0.23812,0.2383,0.23812,0.23805,0.23812,0.2383,0.23812,0.23805,0.23812,0.2383,0.23812,0.23805,0.23812,0.2383,0.23812,0.23805,0.23812,0.2383,0.23812,0.23805,0.23812,0.2383,0.23812,0.23805,0.23812,0.2383,0.23812,0.23805,0.23839,0.2383,0.23756,0.23969,0.23658,0.2383,0.24148,0.23179,0.24447,0.2383,0.2249,0.26988,0.18603
0.86103,0.92735,0.80145,0.88944,0.86103,0.84596,0.87541,0.85343,0.86103,0.86394,0.85763,0.86202,0.86103,0.86038,0.86014,0.86038,0.86103,0.86038,0.86014,0.86038,0.86103,0.86038,0.86014,0.86038,0.86103,0.86038,0.86014,0.86038,0.86103,0.86038,0.86014,0.86038,0.86103,0.86038,0.86014,0.86038,0.86103,0.86038,0.86014,0.86038,0.86103,0.86038,0.86014,0.86038,0.86103,0.86038,0.86014,0.86038,0.86103,0.86038,0.86014,0.86038,0.86103,0.86038,0.86014,0.86038,0.86103,0.86038,0.86014,0.86038,0.86103,0.86038,0.86014,0.86038,0.86103,0.86038,0.86014,0.86038,0.86103,0.86038,0.86014,0.86038,0.86103,0.86038,0.86014,0.86038,0.86103,0.86038,0.86014,0.86038,0.86103,0.86038,0.86014,0.86038,0.86103,0.86038,0.86014,0.86038,0.86103,0.86038,0.86014,0.86038,0.86103,0.86038,0.86014,0.86038,0.86103,0.86038,0.86014,0.86038,0.86103,0.86038,0.86014,0.86038,0.86103,0.86038,0.86014,0.86038,0.86103,0.86038,0.86014,0.86038,0.86103,0.86038,0.86014,0.86124,0.86103,0.8586,0.86537,0.85547,0.86103,0.87113,0.84015,0.88065,0.86103,0.8182,0.96173,0.69417,0.10061,0.041389,0.15234,0.074869,0.10061,0.11327,0.087022,0.10667,0.10061,0.097391,0.10272,0.099089,0.10061,0.10053,0.10051,0.10053,0.10061,0.10053,0.10051,0.10053,0.10061,0.10053,0.10051,0.10053,0.10061,0.10053,0.10051,0.10053,0.10061,0.10053,0.10051,0.10053,0.10061,0.10053,0.10051,0.10053,0.10061,0.10053,0.10051,0.10053,0.10061,0.10053,0.10051,0.10053,0.10061,0.10053,0.10051,0.10053,0.10061,0.10053,0.10051,0.10053,0.10061,0.10053,0.10051,0.10053,0.10061,0.10053,0.10051,0.10053,0.10061,0.10053,0.10051,0.10053,0.10061,0.10053,0.10051,0.10053,0.10061,0.10053,0.10051,0.10053,0.10061,0.10053,0.10051,0.10053,0.10061,0.10053,0.10051,0.10053,0.10061,0.10053,0.10051,0.10053,0.10061,0.10053,0.10051,0.10053,0.10061,0.10053,0.10051,0.10053,0.10061,0.10053,0.10051,0.10053,0.10061,0.10053,0.10051,0.10053,0.10061,0.10053,0.10051,0.10053,0.10061,0.10053,0.10051,0.10053,0.10061,0.10053,0.10051,0.10053,0.10061,0.10053,0.10051,0.10065,0.10061,0.1003,0.1012,0.099883,0.10061,0.10196,0.097861,0.10321,0.10061,0.094952,0.11395,0.078543
0.19796,0.21321,0.18426,0.20449,0.19796,0.1945,0.20127,0.19621,0.19796,0.19863,0.19718,0.19819,0.19796,0.19781,0.19775,0.19781,0.19796,0.19781,0.19775,0.19781,0.19796,0.19781,0.19775,0.19781,0.19796,0.19781,0.19775,0.19781,0.19796,0.19781,0.19775,0.19781,0.19796,0.19781,0.19775,0.19781,0.19796,0.19781,0.19775,0.19781,0.19796,0.19781,0.19775,0.19781,0.19796,0.19781,0.19775,0.19781,0.19796,0.19781,0.19775,0.19781,0.19796,0.19781,0.19775,0.19781,0.19796,0.19781,0.19775,0.19781,0.19796,0.19781,0.19775,0.19781,0.19796,0.19781,0.19775,0.19781,0.19796,0.19781,0.19775,0.19781,0.19796,0.19781,0.19775,0.19781,0.19796,0.19781,0.19775,0.19781,0.19796,0.19781,0.19775,0.19781,0.19796,0.19781,0.19775,0.19781,0.19796,0.19781,0.19775,0.19781,0.19796,0.19781,0.19775,0.19781,0.19796,0.19781,0.19775,0.19781,0.19796,0.19781,0.19775,0.19781,0.19796,0.19781,0.19775,0.19781,0.19796,0.19781,0.19775,0.19781,0.19796,0.19781,0.19775,0.19707,0.19796,0.19935,0.19326,0.20204,0.19796,0.18856,0.21496,0.18037,0.19796,0.23412,0.11033,0.34086,0.85242,0.90268,0.80692,0.87386,0.85242,0.84081,0.86314,0.84649,0.85242,0.85448,0.84963,0.85302,0.85242,0.85177,0.85154,0.85177,0.85242,0.85177,0.85154,0.85177,0.85242,0.85177,0.85154,0.85177,0.85242,0.85177,0.85154,0.85177,0.85242,0.85177,0.85154,0.85177,0.85242,0.85177,0.85154,0.85177,0.85242,0.85177,0.85154,0.85177,0.85242,0.85177,0.85154,0.85177,0.85242,0.85177,0.85154,0.85177,0.85242,0.85177,0.85154,0.85177,0.85242,0.85177,0.85154,0.85177,0.85242,0.85177,0.85154,0.85177,0.85242,0.85177,0.85154,0.85177,0.85242,0.85177,0.85154,0.85177,0.85242,0.85177,0.85154,0.85177,0.85242,0.85177,0.85154,0.85177,0.85242,0.85177,0.85154,0.85177,0.85242,0.85177,0.85154,0.85177,0.85242,0.85177,0.85154,0.85177,0.85242,0.85177,0.85154,0.85177,0.85242,0.85177,0.85154,0.85177,0.85242,0.85177,0.85154,0.85177,0.85242,0.85177,0.85154,0.85177,0.85242,0.85177,0.85154,0.85177,0.85242,0.85177,0.85154,0.85177,0.85242,0.85177,0.85154,0.85274,0.85242,0.84977,0.85739,0.84626,0.85242,0.86382,0.82913,0.87449,0.85242,0.80449,0.96541,0.66546
0.5995,0.64568,0.55801,0.61928,0.5995,0.58901,0.60951,0.59421,0.5995,0.60153,0.59713,0.60019,0.5995,0.59905,0.59888,0.59905,0.5995,0.59905,0.59888,0.59905,0.5995,0.59905,0.59888,0.59905,0.5995,0.59905,0.59888,0.59905,0.5995,0.59905,0.59888,0.59905,0.5995,0.59905,0.59888,0.59905,0.5995,0.59905,0.59888,0.59905,0.5995,0.59905,0.59888,0.59905,0.5995,0.59905,0.59888,0.59905,0.5995,0.59905,0.59888,0.59905,0.5995,0.59905,0.59888,0.59905,0.5995,0.59905,0.59888,0.59905,0.5995,0.59905,0.59888,0.59905,0.5995,0.59905,0.59888,0.59905,0.5995,0.59905,0.59888,0.59905,0.5995,0.59905,0.59888,0.59905,0.5995,0.59905,0.59888,0.59905,0.5995,0.59905,0.59888,0.59905,0.5995,0.59905,0.59888,0.59905,0.5995,0.59905,0.59888,0.59905,0.5995,0.59905,0.59888,0.59905,0.5995,0.59905,0.59888,0.59905,0.5995,0.59905,0.59888,0.59905,0.5995,0.59905,0.59888,0.59905,0.5995,0.59905,0.59888,0.59905,0.5995,0.59905,0.59888,0.59873,0.5995,0.59971,0.59695,0.60086,0.5995,0.59508,0.60626,0.59157,0.5995,0.61461,0.56139,0.66038,0.88009,0.90125,0.86006,0.8889,0.88009,0.87473,0.88416,0.87717,0.88009,0.88059,0.87837,0.87996,0.88009,0.87943,0.87918,0.87943,0.88009,0.87943,0.87918,0.87943,0.88009,0.87943,0.87918,0.87943,0.88009,0.87943,0.87918,0.87943,0.88009,0.87943,0.87918,0.87943,0.88009,0.87943,0.87918,0.87943,0.88009,0.87943,0.87918,0.87943,0.88009,0.87943,0.87918,0.87943,0.88009,0.87943,0.87918,0.87943,0.88009,0.87943,0.87918,0.87943,0.88009,0.87943,0.87918,0.87943,0.88009,0.87943,0.87918,0.87943,0.88009,0.87943,0.87918,0.87943,0.88009,0.87943,0.87918,0.87943,0.88009,0.87943,0.87918,0.87943,0.88009,0.87943,0.87918,0.87943,0.88009,0.87943,0.87918,0.87943,0.88009,0.87943,0.87918,0.87943,0.88009,0.87943,0.87918,0.87943,0.88009,0.87943,0.87918,0.87943,0.88009,0.87943,0.87918,0.87943,0.88009,0.87943,0.87918,0.87943,0.88009,0.87943,0.87918,0.87943,0.88009,0.87943,0.87918,0.87943,0.88009,0.87943,0.87918,0.87943,0.88009,0.87943,0.87918,0.88042,0.88009,0.87736,0.88523,0.87374,0.88009,0.89187,0.85605,0.90288,0.88009,0.83061,0.99676,0.68706
0.49718,0.53547,0.46277,0.51358,0.49718,0.48848,0.50548,0.49279,0.49718,0.49886,0.49522,0.49775,0.49718,0.4968,0.49666,0.4968,0.49718,0.4968,0.49666,0.4968,0.49718,0.4968,0.49666,0.4968,0.49718,0.4968,0.49666,0.4968,0.49718,0.4968,0.49666,0.4968,0.49718,0.4968,0.49666,0.4968,0.49718,0.4968,0.49666,0.4968,0.49718,0.4968,0.49666,0.4968,0.49718,0.4968,0.49666,0.4968,0.49718,0.4968,0.49666,0.4968,0.49718,0.4968,0.49666,0.4968,0.49718,0.4968,0.49666,0.4968,0.49718,0.4968,0.49666,0.4968,0.49718,0.4968,0.49666,0.4968,0.49718,0.4968,0.49666,0.4968,0.49718,0.4968,0.49666,0.4968,0.49718,0.4968,0.49666,0.4968,0.49718,0.4968,0.49666,0.4968,0.49718,0.4968,0.49666,0.4968,0.49718,0.4968,0.49666,0.4968,0.49718,0.4968,0.49666,0.4968,0.49718,0.4968,0.49666,0.4968,0.49718,0.4968,0.49666,0.4968,0.49718,0.4968,0.49666,0.4968,0.49718,0.4968,0.49666,0.4968,0.49718,0.4968,0.49666,0.49648,0.49718,0.49747,0.49471,0.49865,0.49718,0.49278,0.50415,0.48921,0.49718,0.51261,0.45861,0.55906,0.78202,0.80358,0.7618,0.79104,0.78202,0.77666,0.78626,0.77913,0.78202,0.78261,0.78038,0.78197,0.78202,0.78143,0.78121,0.78143,0.78202,0.78143,0.78121,0.78143,0.78202,0.78143,0.78121,0.78143,0.78202,0.78143,0.78121,0.78143,0.78202,0.78143,0.78121,0.78143,0.78202,0.78143,0.78121,0.78143,0.78202,0.78143,0.78121,0.78143,0.78202,0.78143,0.78121,0.78143,0.78202,0.78143,0.78121,0.78143,0.78202,0.78143,0.78121,0.78143,0.78202,0.78143,0.78121,0.78143,0.78202,0.78143,0.78121,0.78143,0.78202,0.78143,0.78121,0.78143,0.78202,0.78143,0.78121,0.78143,0.78202,0.78143,0.78121,0.78143,0.78202,0.78143,0.78121,0.78143,0.78202,0.78143,0.78121,0.78143,0.78202,0.78143,0.78121,0.78143,0.78202,0.78143,0.78121,0.78143,0.78202,0.78143,0.78121,0.78143,0.78202,0.78143,0.78121,0.78143,0.78202,0.78143,0.78121,0.78143,0.78202,0.78143,0.78121,0.78143,0.78202,0.78143,0.78121,0.78143,0.78202,0.78143,0.78121,0.78143,0.78202,0.78143,0.78121,0.78231,0.78202,0.77959,0.78658,0.77637,0.78202,0.79248,0.76065,0.80227,0.78202,0.73805,0.88568,0.6105
0.76498,0.8239,0.71205,0.79022,0.76498,0.75159,0.77776,0.75823,0.76498,0.76757,0.76196,0.76586,0.76498,0.7644,0.76419,0.7644,0.76498,0.7644,0.76419,0.7644,0.76498,0.7644,0.76419,0.7644,0.76498,0.7644,0.76419,0.7644,0.76498,0.7644,0.76419,0.7644,0.76498,0.7644,0.76419,0.7644,0.76498,0.7644,0.76419,0.7644,0.76498,0.7644,0.76419,0.7644,0.76498,0.7644,0.76419,0.7644,0.76498,0.7644,0.76419,0.7644,0.76498,0.7644,0.76419,0.7644,0.76498,0.7644,0.76419,0.7644,0.76498,0.7644,0.76419,0.7644,0.76498,0.7644,0.76419,0.7644,0.76498,0.7644,0.76419,0.7644,0.76498,0.7644,0.76419,0.7644,0.76498,0.7644,0.76419,0.7644,0.76498,0.7644,0.76419,0.7644,0.76498,0.7644,0.76419,0.7644,0.76498,0.7644,0.76419,0.7644,0.76498,0.7644,0.76419,0.7644,0.76498,0.7644,0.76419,0.7644,0.76498,0.7644,0.76419,0.7644,0.76498,0.7644,0.76419,0.7644,0.76498,0.7644,0.76419,0.7644,0.76498,0.7644,0.76419,0.7644,0.76498,0.7644,0.76419,0.7644,0.76498,0.7644,0.76419,0.7644,0.76498,0.7644,0.76419,0.7644,0.76498,0.7644,0.76419,0.7644,0.76498,0.7644,0.76419,0.7644,0.76498,0.7644,0.76419,0.7644,0.76498,0.7644,0.76419,0.7644,0.76498,0.7644,0.76419,0.7644,0.76498,0.7644,0.76419,0.7644,0.76498,0.7644,0.76419,0.7644,0.76498,0.7644,0.76419,0.7644,0.76498,0.7644,0.76419,0.7644,0.76498,0.7644,0.76419,0.7644,0.76498,0.7644,0.76419,0.7644,0.76498,0.7644,0.76419,0.7644,0.76498,0.7644,0.76419,0.7644,0.76498,0.7644,0.76419,0.7644,0.76498,0.7644,0.76419,0.7644,0.76498,0.7644,0.76419,0.7644,0.76498,0.7644,0.76419,0.7644,0.76498,0.7644,0.76419,0.7644,0.76498,0.7644,0.76419,0.7644,0.76498,0.7644,0.76419,0.7644,0.76498,0.7644,0.76419,0.7644,0.76498,0.7644,0.76419,0.7644,0.76498,0.7644,0.76419,0.7644,0.76498,0.7644,0.76419,0.7644,0.76498,0.7644,0.76419,0.7644,0.76498,0.7644,0.76419,0.7644,0.76498,0.7644,0.76419,0.7644,0.76498,0.7644,0.76419,0.7644,0.76498,0.7644,0.76419,0.76527,0.76498,0.76261,0.76945,0.75946,0.76498,0.77522,0.74408,0.78479,0.76498,0.72197,0.86639,0.5972
0.63734,0.68643,0.59324,0.65837,0.63734,0.62619,0.64799,0.63172,0.63734,0.6395,0.63483,0.63807,0.63734,0.63686,0.63668,0.63686,0.63734,0.63686,0.63668,0.63686,0.63734,0.63686,0.63668,0.63686,0.63734,0.63686,0.63668,0.63686,0.63734,0.63686,0.63668,0.63686,0.63734,0.63686,0.63668,0.63686,0.63734,0.63686,0.63668,0.63686,0.63734,0.63686,0.63668,0.63686,0.63734,0.63686,0.63668,0.63686,0.63734,0.63686,0.63668,0.63686,0.63734,0.63686,0.63668,0.63686,0.63734,0.63686,0.63668,0.63686,0.63734,0.63686,0.63668,0.63686,0.63734,0.63686,0.63668,0.63686,0.63734,0.63686,0.63668,0.63686,0.63734,0.63686,0.63668,0.63686,0.63734,0.63686,0.63668,0.63686,0.63734,0.63686,0.63668,0.63686,0.63734,0.63686,0.63668,0.63686,0.63734,0.63686,0.63668,0.63686,0.63734,0.63686,0.63668,0.63686,0.63734,0.63686,0.63668,0.63686,0.63734,0.63686,0.63668,0.63686,0.63734,0.63686,0.63668,0.63686,0.63734,0.63686,0.63668,0.63686,0.63734,0.63686,0.63668,0.63663,0.63734,0.63734,0.63529,0.63817,0.63734,0.634,0.64201,0.63147,0.63734,0.6481,0.60963,0.68113,0.83986,0.85498,0.82519,0.84606,0.83986,0.83584,0.84258,0.83759,0.83986,0.84007,0.8384,0.83961,0.83986,0.83923,0.83899,0.83923,0.83986,0.83923,0.83899,0.83923,0.83986,0.83923,0.83899,0.83923,0.83986,0.83923,0.83899,0.83923,0.83986,0.83923,0.83899,0.83923,0.83986,0.83923,0.83899,0.83923,0.83986,0.83923,0.83899,0.83923,0.83986,0.83923,0.83899,0.83923,0.83986,0.83923,0.83899,0.83923,0.83986,0.83923,0.83899,0.83923,0.83986,0.83923,0.83899,0.83923,0.83986,0.83923,0.83899,0.83923,0.83986,0.83923,0.83899,0.83923,0.83986,0.83923,0.83899,0.83923,0.83986,0.83923,0.83899,0.83923,0.83986,0.83923,0.83899,0.83923,0.83986,0.83923,0.83899,0.83923,0.83986,0.83923,0.83899,0.83923,0.83986,0.83923,0.83899,0.83923,0.83986,0.83923,0.83899,0.83923,0.83986,0.83923,0.83899,0.83923,0.83986,0.83923,0.83899,0.83923,0.83986,0.83923,0.83899,0.83923,0.83986,0.83923,0.83899,0.83923,0.83986,0.83923,0.83899,0.83923,0.83986,0.83923,0.83899,0.84018,0.83986,0.83726,0.84476,0.8338,0.83986,0.8511,0.81691,0.86161,0.83986,0.79264,0.95119,0.65566
0.6561,0.70663,0.6107,0.67775,0.6561,0.64462,0.66705,0.65031,0.6561,0.65831,0.65351,0.65685,0.6561,0.6556,0.65542,0.6556,0.6561,0.6556,0.65542,0.6556,0.6561,0.6556,0.65542,0.6556,0.6561,0.6556,0.65542,0.6556,0.6561,0.6556,0.65542,0.6556,0.6561,0.6556,0.65542,0.6556,0.6561,0.6556,0.65542,0.6556,0.6561,0.6556,0.65542,0.6556,0.6561,0.6556,0.65542,0.6556,0.6561,0.6556,0.65542,0.6556,0.6561,0.6556,0.65542,0.6556,0.6561,0.6556,0.65542,0.6556,0.6561,0.6556,0.65542,0.6556,0.6561,0.6556,0.65542,0.6556,0.6561,0.6556,0.65542,0.6556,0.6561,0.6556,0.65542,0.6556,0.6561,0.6556,0.65542,0.6556,0.6561,0.6556,0.65542,0.6556,0.6561,0.6556,0.65542,0.6556,0.6561,0.6556,0.65542,0.6556,0.6561,0.6556,0.65542,0.6556,0.6561,0.6556,0.65542,0.6556,0.6561,0.6556,0.65542,0.6556,0.6561,0.6556,0.65542,0.6556,0.6561,0.6556,0.65542,0.6556,0.6561,0.6556,0.65542,0.65541,0.6561,0.65601,0.65423,0.65672,0.6561,0.65317,0.65995,0.65101,0.6561,0.66517,0.63239,0.69328,0.82849,0.84127,0.81588,0.83368,0.82849,0.82497,0.83068,0.82647,0.82849,0.82857,0.82713,0.82819,0.82849,0.82786,0.82763,0.82786,0.82849,0.82786,0.82763,0.82786,0.82849,0.82786,0.82763,0.82786,0.82849,0.82786,0.82763,0.82786,0.82849,0.82786,0.82763,0.82786,0.82849,0.82786,0.82763,0.82786,0.82849,0.82786,0.82763,0.82786,0.82849,0.82786,0.82763,0.82786,0.82849,0.82786,0.82763,0.82786,0.82849,0.82786,0.82763,0.82786,0.82849,0.82786,0.82763,0.82786,0.82849,0.82786,0.82763,0.82786,0.82849,0.82786,0.82763,0.82786,0.82849,0.82786,0.82763,0.82786,0.82849,0.82786,0.82763,0.82786,0.82849,0.82786,0.82763,0.82786,0.82849,0.82786,0.82763,0.82786,0.82849,0.82786,0.82763,0.82786,0.82849,0.82786,0.82763,0.82786,0.82849,0.82786,0.82763,0.82786,0.82849,0.82786,0.82763,0.82786,0.82849,0.82786,0.82763,0.82786,0.82849,0.82786,0.82763,0.82786,0.82849,0.82786,0.82763,0.82786,0.82849,0.82786,0.82763,0.82786,0.82849,0.82786,0.82763,0.8288,0.82849,0.82591,0.83332,0.8225,0.82849,0.83957,0.80585,0.84994,0.82849,0.7819,0.93831,0.64677
0.82203,0.88534,0.76514,0.84915,0.82203,0.80764,0.83576,0.81477,0.82203,0.82481,0.81878,0.82297,0.82203,0.82141,0.82118,0.82141,0.82203,0.82141,0.82118,0.82141,0.82203,0.82141,0.82118,0.82141,0.82203,0.82141,0.82118,0.82141,0.82203,0.82141,0.82118,0.82141,0.82203,0.82141,0.82118,0.82141,0.82203,0.82141,0.82118,0.82141,0.82203,0.82141,0.82118,0.82141,0.82203,0.82141,0.82118,0.82141,0.82203,0.82141,0.82118,0.82141,0.82203,0.82141,0.82118,0.82141,0.82203,0.82141,0.82118,0.82141,0.82203,0.82141,0.82118,0.82141,0.82203,0.82141,0.82118,0.82141,0.82203,0.82141,0.82118,0.82141,0.82203,0.82141,0.82118,0.82141,0.82203,0.82141,0.82118,0.82141,0.82203,0.82141,0.82118,0.82141,0.82203,0.82141,0.82118,0.82141,0.82203,0.82141,0.82118,0.82141,0.82203,0.82141,0.82118,0.82141,0.82203,0.82141,0.82118,0.82141,0.82203,0.82141,0.82118,0.82141,0.82203,0.82141,0.82118,0.82141,0.82203,0.82141,0.82118,0.82141,0.82203,0.82141,0.82118,0.82141,0.82203,0.82141,0.82118,0.82141,0.82203,0.82141,0.82118,0.82141,0.82203,0.82141,0.82118,0.82141,0.82203,0.82141,0.82118,0.82141,0.82203,0.82141,0.82118,0.82141,0.82203,0.82141,0.82118,0.82141,0.82203,0.82141,0.82118,0.82141,0.82203,0.82141,0.82118,0.82141,0.82203,0.82141,0.82118,0.82141,0.82203,0.82141,0.82118,0.82141,0.82203,0.82141,0.82118,0.82141,0.82203,0.82141,0.82118,0.82141,0.82203,0.82141,0.82118,0.82141,0.82203,0.82141,0.82118,0.82141,0.82203,0.82141,0.82118,0.82141,0.82203,0.82141,0.82118,0.82141,0.82203,0.82141,0.82118,0.82141,0.82203,0.82141,0.82118,0.82141,0.82203,0.82141,0.82118,0.82141,0.82203,0.82141,0.82118,0.82141,0.82203,0.82141,0.82118,0.82141,0.82203,0.82141,0.82118,0.82141,0.82203,0.82141,0.82118,0.82141,0.82203,0.82141,0.82118,0.82141,0.82203,0.82141,0.82118,0.82141,0.82203,0.82141,0.82118,0.82141,0.82203,0.82141,0.82118,0.82141,0.82203,0.82141,0.82118,0.82141,0.82203,0.82141,0.82118,0.82141,0.82203,0.82141,0.82118,0.82141,0.82203,0.82141,0.82118,0.82141,0.82203,0.82141,0.82118,0.82234,0.82203,0.81948,0.82683,0.81609,0.82203,0.83303,0.79957,0.84331,0.82203,0.7758,0.93099,0.64173
0.65176,0.70196,0.60666,0.67327,0.65176,0.64035,0.66264,0.64601,0.65176,0.65396,0.64919,0.65251,0.65176,0.65127,0.65109,0.65127,0.65176,0.65127,0.65109,0.65127,0.65176,0.65127,0.65109,0.65127,0.65176,0.65127,0.65109,0.65127,0.65176,0.65127,0.65109,0.65127,0.65176,0.65127,0.65109,0.65127,0.65176,0.65127,0.65109,0.65127,0.65176,0.65127,0.65109,0.65127,0.65176,0.65127,0.65109,0.65127,0.65176,0.65127,0.65109,0.65127,0.65176,0.65127,0.65109,0.65127,0.65176,0.65127,0.65109,0.65127,0.65176,0.65127,0.65109,0.65127,0.65176,0.65127,0.65109,0.65127,0.65176,0.65127,0.65109,0.65127,0.65176,0.65127,0.65109,0.65127,0.65176,0.65127,0.65109,0.65127,0.65176,0.65127,0.65109,0.65127,0.65176,0.65127,0.65109,0.65127,0.65176,0.65127,0.65109,0.65127,0.65176,0.65127,0.65109,0.65127,0.65176,0.65127,0.65109,0.65127,0.65176,0.65127,0.65109,0.65127,0.65176,0.65127,0.65109,0.65127,0.65176,0.65127,0.65109,0.65127,0.65176,0.65127,0.65109,0.65106,0.65176,0.65169,0.64984,0.65244,0.65176,0.64871,0.65585,0.64644,0.65176,0.66131,0.6269,0.69085,0.83284,0.8463,0.81964,0.83832,0.83284,0.82918,0.83519,0.83075,0.83284,0.83296,0.83145,0.83256,0.83284,0.83221,0.83198,0.83221,0.83284,0.83221,0.83198,0.83221,0.83284,0.83221,0.83198,0.83221,0.83284,0.83221,0.83198,0.83221,0.83284,0.83221,0.83198,0.83221,0.83284,0.83221,0.83198,0.83221,0.83284,0.83221,0.83198,0.83221,0.83284,0.83221,0.83198,0.83221,0.83284,0.83221,0.83198,0.83221,0.83284,0.83221,0.83198,0.83221,0.83284,0.83221,0.83198,0.83221,0.83284,0.83221,0.83198,0.83221,0.83284,0.83221,0.83198,0.83221,0.83284,0.83221,0.83198,0.83221,0.83284,0.83221,0.83198,0.83221,0.83284,0.83221,0.83198,0.83221,0.83284,0.83221,0.83198,0.83221,0.83284,0.83221,0.83198,0.83221,0.83284,0.83221,0.83198,0.83221,0.83284,0.83221,0.83198,0.83221,0.83284,0.83221,0.83198,0.83221,0.83284,0.83221,0.83198,0.83221,0.83284,0.83221,0.83198,0.83221,0.83284,0.83221,0.83198,0.83221,0.83284,0.83221,0.83198,0.83221,0.83284,0.83221,0.83198,0.83315,0.83284,0.83026,0.8377,0.82683,0.83284,0.84398,0.81008,0.85441,0.83284,0.78601,0.94324,0.65017
0.84563,0.91076,0.78711,0.87353,0.84563,0.83083,0.85975,0.83816,0.84563,0.84849,0.84229,0.8466,0.84563,0.84499,0.84476,0.84499,0.84563,0.84499,0.84476,0.84499,0.84563,0.84499,0.84476,0.84499,0.84563,0.84499,0.84476,0.84499,0.84563,0.84499,0.84476,0.84499,0.84563,0.84499,0.84476,0.84499,0.84563,0.84499,0.84476,0.84499,0.84563,0.84499,0.84476,0.84499,0.84563,0.84499,0.84476,0.84499,0.84563,0.84499,0.84476,0.84499,0.84563,0.84499,0.84476,0.84499,0.84563,0.84499,0.84476,0.84499,0.84563,0.84499,0.84476,0.84499,0.84563,0.84499,0.84476,0.84499,0.84563,0.84499,0.84476,0.84499,0.84563,0.84499,0.84476,0.84499,0.84563,0.84499,0.84476,0.84499,0.84563,0.84499,0.84476,0.84499,0.84563,0.84499,0.84476,0.84499,0.84563,0.84499,0.84476,0.84499,0.84563,0.84499,0.84476,0.84499,0.84563,0.84499,0.84476,0.84499,0.84563,0.84499,0.84476,0.84499,0.84563,0.84499,0.84476,0.84499,0.84563,0.84499,0.84476,0.84499,0.84563,0.84499,0.84476,0.84513,0.84563,0.8447,0.8456,0.84419,0.84563,0.84674,0.84151,0.84828,0.84563,0.83815,0.86123,0.81803,0.72228,0.71214,0.72994,0.71757,0.72228,0.7238,0.71934,0.72273,0.72228,0.72122,0.72189,0.7215,0.72228,0.72173,0.72153,0.72173,0.72228,0.72173,0.72153,0.72173,0.72228,0.72173,0.72153,0.72173,0.72228,0.72173,0.72153,0.72173,0.72228,0.72173,0.72153,0.72173,0.72228,0.72173,0.72153,0.72173,0.72228,0.72173,0.72153,0.72173,0.72228,0.72173,0.72153,0.72173,0.72228,0.72173,0.72153,0.72173,0.72228,0.72173,0.72153,0.72173,0.72228,0.72173,0.72153,0.72173,0.72228,0.72173,0.72153,0.72173,0.72228,0.72173,0.72153,0.72173,0.72228,0.72173,0.72153,0.72173,0.72228,0.72173,0.72153,0.72173,0.72228,0.72173,0.72153,0.72173,0.72228,0.72173,0.72153,0.72173,0.72228,0.72173,0.72153,0.72173,0.72228,0.72173,0.72153,0.72173,0.72228,0.72173,0.72153,0.72173,0.72228,0.72173,0.72153,0.72173,0.72228,0.72173,0.72153,0.72173,0.72228,0.72173,0.72153,0.72173,0.72228,0.72173,0.72153,0.72173,0.72228,0.72173,0.72153,0.72173,0.72228,0.72173,0.72153,0.72255,0.72228,0.72004,0.72649,0.71706,0.72228,0.73194,0.70254,0.74098,0.72228,0.68166,0.81802,0.56386
0.83301,0.89717,0.77536,0.86049,0.83301,0.81843,0.84692,0.82566,0.83301,0.83582,0.82972,0.83396,0.83301,0.83238,0.83215,0.83238,0.83301,0.83238,0.83215,0.83238,0.83301,0.83238,0.83215,0.83238,0.83301,0.83238,0.83215,0.83238,0.83301,0.83238,0.83215,0.83238,0.83301,0.83238,0.83215,0.83238,0.83301,0.83238,0.83215,0.83238,0.83301,0.83238,0.83215,0.83238,0.83301,0.83238,0.83215,0.83238,0.83301,0.83238,0.83215,0.83238,0.83301,0.83238,0.83215,0.83238,0.83301,0.83238,0.83215,0.83238,0.83301,0.83238,0.83215,0.83238,0.83301,0.83238,0.83215,0.83238,0.83301,0.83238,0.83215,0.83238,0.83301,0.83238,0.83215,0.83238,0.83301,0.83238,0.83215,0.83238,0.83301,0.83238,0.83215,0.83238,0.83301,0.83238,0.83215,0.83238,0.83301,0.83238,0.83215,0.83238,0.83301,0.83238,0.83215,0.83238,0.83301,0.83238,0.83215,0.83238,0.83301,0.83238,0.83215,0.83238,0.83301,0.83238,0.83215,0.83238,0.83301,0.83238,0.83215,0.83238,0.83301,0.83238,0.83215,0.83238,0.83301,0.83238,0.83215,0.83238,0.83301,0.83238,0.83215,0.83238,0.83301,0.83238,0.83215,0.83238,0.83301,0.83238,0.83215,0.83238,0.83301,0.83238,0.83215,0.83238,0.83301,0.83238,0.83215,0.83238,0.83301,0.83238,0.83215,0.83238,0.83301,0.83238,0.83215,0.83238,0.83301,0.83238,0.83215,0.83238,0.83301,0.83238,0.83215,0.83238,0.83301,0.83238,0.83215,0.83238,0.83301,0.83238,0.83215,0.83238,0.83301,0.83238,0.83215,0.83238,0.83301,0.83238,0.83215,0.83238,0.83301,0.83238,0.83215,0.83238,0.83301,0.83238,0.83215,0.83238,0.83301,0.83238,0.83215,0.83238,0.83301,0.83238,0.83215,0.83238,0.83301,0.83238,0.83215,0.83238,0.83301,0.83238,0.83215,0.83238,0.83301,0.83238,0.83215,0.83238,0.83301,0.83238,0.83215,0.83238,0.83301,0.83238,0.83215,0.83238,0.83301,0.83238,0.83215,0.83238,0.83301,0.83238,0.83215,0.83238,0.83301,0.83238,0.83215,0.83238,0.83301,0.83238,0.83215,0.83238,0.83301,0.83238,0.83215,0.83238,0.83301,0.83238,0.83215,0.83238,0.83301,0.83238,0.83215,0.83238,0.83301,0.83238,0.83215,0.83238,0.83301,0.83238,0.83215,0.83332,0.83301,0.83042,0.83787,0.82699,0.83301,0.84415,0.81025,0.85458,0.83301,0.78617,0.94343,0.6503
0.86859,0.93549,0.80848,0.89725,0.86859,0.85339,0.88309,0.86092,0.86859,0.87153,0.86516,0.86959,0.86859,0.86793,0.86769,0.86793,0.86859,0.86793,0.86769,0.86793,0.86859,0.86793,0.86769,0.86793,0.86859,0.86793,0.86769,0.86793,0.86859,0.86793,0.86769,0.86793,0.86859,0.86793,0.86769,0.86793,0.86859,0.86793,0.86769,0.86793,0.86859,0.86793,0.86769,0.86793,0.86859,0.86793,0.86769,0.86793,0.86859,0.86793,0.86769,0.86793,0.86859,0.86793,0.86769,0.86793,0.86859,0.86793,0.86769,0.86793,0.86859,0.86793,0.86769,0.86793,0.86859,0.86793,0.86769,0.86793,0.86859,0.86793,0.86769,0.86793,0.86859,0.86793,0.86769,0.86793,0.86859,0.86793,0.86769,0.86793,0.86859,0.86793,0.86769,0.86793,0.86859,0.86793,0.86769,0.86793,0.86859,0.86793,0.86769,0.86793,0.86859,0.86793,0.86769,0.86793,0.86859,0.86793,0.86769,0.86793,0.86859,0.86793,0.86769,0.86793,0.86859,0.86793,0.86769,0.86793,0.86859,0.86793,0.86769,0.86793,0.86859,0.86793,0.86769,0.86793,0.86859,0.86793,0.86769,0.86793,0.86859,0.86793,0.86769,0.86793,0.86859,0.86793,0.86769,0.86793,0.86859,0.86793,0.86769,0.86793,0.86859,0.86793,0.86769,0.86793,0.86859,0.86793,0.86769,0.86793,0.86859,0.86793,0.86769,0.86793,0.86859,0.86793,0.86769,0.86793,0.86859,0.86793,0.86769,0.86793,0.86859,0.86793,0.86769,0.86793,0.86859,0.86793,0.86769,0.86793,0.86859,0.86793,0.86769,0.86793,0.86859,0.86793,0.86769,0.86793,0.86859,0.86793,0.86769,0.86793,0.86859,0.86793,0.86769,0.86793,0.86859,0.86793,0.86769,0.86793,0.86859,0.86793,0.86769,0.86793,0.86859,0.86793,0.86769,0.86793,0.86859,0.86793,0.86769,0.86793,0.86859,0.86793,0.86769,0.86793,0.86859,0.86793,0.86769,0.86793,0.86859,0.86793,0.86769,0.86793,0.86859,0.86793,0.86769,0.86793,0.86859,0.86793,0.86769,0.86793,0.86859,0.86793,0.86769,0.86793,0.86859,0.86793,0.86769,0.86793,0.86859,0.86793,0.86769,0.86793,0.86859,0.86793,0.86769,0.86793,0.86859,0.86793,0.86769,0.86793,0.86859,0.86793,0.86769,0.86793,0.86859,0.86793,0.86769,0.86793,0.86859,0.86793,0.86769,0.86892,0.86859,0.86589,0.87366,0.86232,0.86859,0.88021,0.84486,0.89108,0.86859,0.81975,0.98373,0.67808
0.82348,0.88691,0.7665,0.85066,0.82348,0.80907,0.83723,0.81621,0.82348,0.82627,0.82023,0.82443,0.82348,0.82286,0.82263,0.82286,0.82348,0.82286,0.82263,0.82286,0.82348,0.82286,0.82263,0.82286,0.82348,0.82286,0.82263,0.82286,0.82348,0.82286,0.82263,0.82286,0.82348,0.82286,0.82263,0.82286,0.82348,0.82286,0.82263,0.82286,0.82348,0.82286,0.82263,0.82286,0.82348,0.82286,0.82263,0.82286,0.82348,0.82286,0.82263,0.82286,0.82348,0.82286,0.82263,0.82286,0.82348,0.82286,0.82263,0.82286,0.82348,0.82286,0.82263,0.82286,0.82348,0.82286,0.82263,0.82286,0.82348,0.82286,0.82263,0.82286,0.82348,0.82286,0.82263,0.82286,0.82348,0.82286,0.82263,0.82286,0.82348,0.82286,0.82263,0.82286,0.82348,0.82286,0.82263,0.82286,0.82348,0.82286,0.82263,0.82286,0.82348,0.82286,0.82263,0.82286,0.82348,0.82286,0.82263,0.82286,0.82348,0.82286,0.82263,0.82286,0.82348,0.82286,0.82263,0.82286,0.82348,0.82286,0.82263,0.82286,0.82348,0.82286,0.82263,0.82286,0.82348,0.82286,0.82263,0.82286,0.82348,0.82286,0.82263,0.82286,0.82348,0.82286,0.82263,0.82286,0.82348,0.82286,0.82263,0.82286,0.82348,0.82286,0.82263,0.82286,0.82348,0.82286,0.82263,0.82286,0.82348,0.82286,0.82263,0.82286,0.82348,0.82286,0.82263,0.82286,0.82348,0.82286,0.82263,0.82286,0.82348,0.82286,0.82263,0.82286,0.82348,0.82286,0.82263,0.82286,0.82348,0.82286,0.82263,0.82286,0.82348,0.82286,0.82263,0.82286,0.82348,0.82286,0.82263,0.82286,0.82348,0.82286,0.82263,0.82286,0.82348,0.82286,0.82263,0.82286,0.82348,0.82286,0.82263,0.82286,0.82348,0.82286,0.82263,0.82286,0.82348,0.82286,0.82263,0.82286,0.82348,0.82286,0.82263,0.82286,0.82348,0.82286,0.82263,0.82286,0.82348,0.82286,0.82263,0.82286,0.82348,0.82286,0.82263,0.82286,0.82348,0.82286,0.82263,0.82286,0.82348,0.82286,0.82263,0.82286,0.82348,0.82286,0.82263,0.82286,0.82348,0.82286,0.82263,0.82286,0.82348,0.82286,0.82263,0.82286,0.82348,0.82286,0.82263,0.82286,0.82348,0.82286,0.82263,0.82286,0.82348,0.82286,0.82263,0.82286,0.82348,0.82286,0.82263,0.82379,0.82348,0.82093,0.82829,0.81754,0.82348,0.8345,0.80098,0.84481,0.82348,0.77718,0.93264,0.64287
0.86138,0.92773,0.80177,0.8898,0.86138,0.84631,0.87576,0.85378,0.86138,0.86429,0.85798,0.86237,0.86138,0.86073,0.86049,0.86073,0.86138,0.86073,0.86049,0.86073,0.86138,0.86073,0.86049,0.86073,0.86138,0.86073,0.86049,0.86073,0.86138,0.86073,0.86049,0.86073,0.86138,0.86073,0.86049,0.86073,0.86138,0.86073,0.86049,0.86073,0.86138,0.86073,0.86049,0.86073,0.86138,0.86073,0.86049,0.86073,0.86138,0.86073,0.86049,0.86073,0.86138,0.86073,0.86049,0.86073,0.86138,0.86073,0.86049,0.86073,0.86138,0.86073,0.86049,0.86073,0.86138,0.86073,0.86049,0.86073,0.86138,0.86073,0.86049,0.86073,0.86138,0.86073,0.86049,0.86073,0.86138,0.86073,0.86049,0.86073,0.86138,0.86073,0.86049,0.86073,0.86138,0.86073,0.86049,0.86073,0.86138,0.86073,0.86049,0.86073,0.86138,0.86073,0.86049,0.86073,0.86138,0.86073,0.86049,0.86073,0.86138,0.86073,0.86049,0.86073,0.86138,0.86073,0.86049,0.86073,0.86138,0.86073,0.86049,0.86073,0.86138,0.86073,0.86049,0.86073,0.86138,0.86073,0.86049,0.86073,0.86138,0.86073,0.86049,0.86073,0.86138,0.86073,0.86049,0.86073,0.86138,0.86073,0.86049,0.86073,0.86138,0.86073,0.86049,0.86073,0.86138,0.86073,0.86049,0.86073,0.86138,0.86073,0.86049,0.86073,0.86138,0.86073,0.86049,0.86073,0.86138,0.86073,0.86049,0.86073,0.86138,0.86073,0.86049,0.86073,0.86138,0.86073,0.86049,0.86073,0.86138,0.86073,0.86049,0.86073,0.86138,0.86073,0.86049,0.86073,0.86138,0.86073,0.86049,0.86073,0.86138,0.86073,0.86049,0.86073,0.86138,0.86073,0.86049,0.86073,0.86138,0.86073,0.86049,0.86073,0.86138,0.86073,0.86049,0.86073,0.86138,0.86073,0.86049,0.86073,0.86138,0.86073,0.86049,0.86073,0.86138,0.86073,0.86049,0.86073,0.86138,0.86073,0.86049,0.86073,0.86138,0.86073,0.86049,0.86073,0.86138,0.86073,0.86049,0.86073,0.86138,0.86073,0.86049,0.86073,0.86138,0.86073,0.86049,0.86073,0.86138,0.86073,0.86049,0.86073,0.86138,0.86073,0.86049,0.86073,0.86138,0.86073,0.86049,0.86073,0.86138,0.86073,0.86049,0.86073,0.86138,0.86073,0.86049,0.86073,0.86138,0.86073,0.86049,0.8617,0.86138,0.85871,0.86641,0.85516,0.86138,0.8729,0.83784,0.88369,0.86138,0.81294,0.97556,0.67245
0.1012,0.109,0.0942,0.10454,0.1012,0.099433,0.10289,0.10031,0.1012,0.10155,0.1008,0.10132,0.1012,0.10113,0.1011,0.10113,0.1012,0.10113,0.1011,0.10113,0.1012,0.10113,0.1011,0.10113,0.1012,0.10113,0.1011,0.10113,0.1012,0.10113,0.1011,0.10113,0.1012,0.10113,0.1011,0.10113,0.1012,0.10113,0.1011,0.10113,0.1012,0.10113,0.1011,0.10113,0.1012,0.10113,0.1011,0.10113,0.1012,0.10113,0.1011,0.10113,0.1012,0.10113,0.1011,0.10113,0.1012,0.10113,0.1011,0.10113,0.1012,0.10113,0.1011,0.10113,0.1012,0.10113,0.1011,0.10113,0.1012,0.10113,0.1011,0.10113,0.1012,0.10113,0.1011,0.10113,0.1012,0.10113,0.1011,0.10113,0.1012,0.10113,0.1011,0.10113,0.1012,0.10113,0.1011,0.10113,0.1012,0.10113,0.1011,0.10113,0.1012,0.10113,0.1011,0.10113,0.1012,0.10113,0.1011,0.10113,0.1012,0.10113,0.1011,0.10113,0.1012,0.10113,0.1011,0.10113,0.1012,0.10113,0.1011,0.10113,0.1012,0.10113,0.1011,0.10021,0.1012,0.10303,0.095539,0.10636,0.1012,0.089692,0.12237,0.079563,0.1012,0.14602,-0.0069984,0.27799,0.91038,0.97262,0.85428,0.937,0.91038,0.89614,0.92378,0.90316,0.91038,0.91303,0.90708,0.91123,0.91038,0.90969,0.90943,0.90969,0.91038,0.90969,0.90943,0.90969,0.91038,0.90969,0.90943,0.90969,0.91038,0.90969,0.90943,0.90969,0.91038,0.90969,0.90943,0.90969,0.91038,0.90969,0.90943,0.90969,0.91038,0.90969,0.90943,0.90969,0.91038,0.90969,0.90943,0.90969,0.91038,0.90969,0.90943,0.90969,0.91038,0.90969,0.90943,0.90969,0.91038,0.90969,0.90943,0.90969,0.91038,0.90969,0.90943,0.90969,0.91038,0.90969,0.90943,0.90969,0.91038,0.90969,0.90943,0.90969,0.91038,0.90969,0.90943,0.90969,0.91038,0.90969,0.90943,0.90969,0.91038,0.90969,0.90943,0.90969,0.91038,0.90969,0.90943,0.90969,0.91038,0.90969,0.90943,0.90969,0.91038,0.90969,0.90943,0.90969,0.91038,0.90969,0.90943,0.90969,0.91038,0.90969,0.90943,0.90969,0.91038,0.90969,0.90943,0.90969,0.91038,0.90969,0.90943,0.90969,0.91038,0.90969,0.90943,0.90969,0.91038,0.90969,0.90943,0.91072,0.91038,0.90755,0.91569,0.9038,0.91038,0.92255,0.8855,0.93395,0.91038,0.85918,1.0311,0.7107
0.81364,0.87631,0.75734,0.84049,0.81364,0.7994,0.82723,0.80646,0.81364,0.81639,0.81043,0.81457,0.81364,0.81303,0.8128,0.81303,0.81364,0.81303,0.8128,0.81303,0.81364,0.81303,0.8128,0.81303,0.81364,0.81303,0.8128,0.81303,0.81364,0.81303,0.8128,0.81303,0.81364,0.81303,0.8128,0.81303,0.81364,0.81303,0.8128,0.81303,0.81364,0.81303,0.8128,0.81303,0.81364,0.81303,0.8128,0.81303,0.81364,0.81303,0.8128,0.81303,0.81364,0.81303,0.8128,0.81303,0.81364,0.81303,0.8128,0.81303,0.81364,0.81303,0.8128,0.81303,0.81364,0.81303,0.8128,0.81303,0.81364,0.81303,0.8128,0.81303,0.81364,0.81303,0.8128,0.81303,0.81364,0.81303,0.8128,0.81303,0.81364,0.81303,0.8128,0.81303,0.81364,0.81303,0.8128,0.81303,0.81364,0.81303,0.8128,0.81303,0.81364,0.81303,0.8128,0.81303,0.81364,0.81303,0.8128,0.81303,0.81364,0.81303,0.8128,0.81303,0.81364,0.81303,0.8128,0.81303,0.81364,0.81303,0.8128,0.81303,0.81364,0.81303,0.8128,0.81323,0.81364,0.81262,0.814,0.8119,0.81364,0.8155,0.80819,0.8177,0.81364,0.80331,0.83621,0.77473,0.63844,0.62434,0.64973,0.63205,0.63844,0.6409,0.63468,0.63938,0.63844,0.63724,0.63829,0.63763,0.63844,0.63796,0.63778,0.63796,0.63844,0.63796,0.63778,0.63796,0.63844,0.63796,0.63778,0.63796,0.63844,0.63796,0.63778,0.63796,0.63844,0.63796,0.63778,0.63796,0.63844,0.63796,0.63778,0.63796,0.63844,0.63796,0.63778,0.63796,0.63844,0.63796,0.63778,0.63796,0.63844,0.63796,0.63778,0.63796,0.63844,0.63796,0.63778,0.63796,0.63844,0.63796,0.63778,0.63796,0.63844,0.63796,0.63778,0.63796,0.63844,0.63796,0.63778,0.63796,0.63844,0.63796,0.63778,0.63796,0.63844,0.63796,0.63778,0.63796,0.63844,0.63796,0.63778,0.63796,0.63844,0.63796,0.63778,0.63796,0.63844,0.63796,0.63778,0.63796,0.63844,0.63796,0.63778,0.63796,0.63844,0.63796,0.63778,0.63796,0.63844,0.63796,0.63778,0.63796,0.63844,0.63796,0.63778,0.63796,0.63844,0.63796,0.63778,0.63796,0.63844,0.63796,0.63778,0.63796,0.63844,0.63796,0.63778,0.63796,0.63844,0.63796,0.63778,0.63868,0.63844,0.63646,0.64217,0.63383,0.63844,0.64699,0.621,0.65498,0.63844,0.60254,0.72307,0.49841
0.4374,0.47109,0.40713,0.45183,0.4374,0.42975,0.44471,0.43354,0.4374,0.43888,0.43568,0.4379,0.4374,0.43707,0.43695,0.43707,0.4374,0.43707,0.43695,0.43707,0.4374,0.43707,0.43695,0.43707,0.4374,0.43707,0.43695,0.43707,0.4374,0.43707,0.43695,0.43707,0.4374,0.43707,0.43695,0.43707,0.4374,0.43707,0.43695,0.43707,0.4374,0.43707,0.43695,0.43707,0.4374,0.43707,0.43695,0.43707,0.4374,0.43707,0.43695,0.43707,0.4374,0.43707,0.43695,0.43707,0.4374,0.43707,0.43695,0.43707,0.4374,0.43707,0.43695,0.43707,0.4374,0.43707,0.43695,0.43707,0.4374,0.43707,0.43695,0.43707,0.4374,0.43707,0.43695,0.43707,0.4374,0.43707,0.43695,0.43707,0.4374,0.43707,0.43695,0.43707,0.4374,0.43707,0.43695,0.43707,0.4374,0.43707,0.43695,0.43707,0.4374,0.43707,0.43695,0.43707,0.4374,0.43707,0.43695,0.43707,0.4374,0.43707,0.43695,0.43707,0.4374,0.43707,0.43695,0.43707,0.4374,0.43707,0.43695,0.43707,0.4374,0.43707,0.43695,0.43661,0.4374,0.43804,0.43413,0.43972,0.4374,0.43127,0.44774,0.42614,0.4374,0.45984,0.38213,0.52676,0.84774,0.87901,0.81889,0.86095,0.84774,0.84023,0.85414,0.84378,0.84774,0.84879,0.84567,0.84788,0.84774,0.8471,0.84686,0.8471,0.84774,0.8471,0.84686,0.8471,0.84774,0.8471,0.84686,0.8471,0.84774,0.8471,0.84686,0.8471,0.84774,0.8471,0.84686,0.8471,0.84774,0.8471,0.84686,0.8471,0.84774,0.8471,0.84686,0.8471,0.84774,0.8471,0.84686,0.8471,0.84774,0.8471,0.84686,0.8471,0.84774,0.8471,0.84686,0.8471,0.84774,0.8471,0.84686,0.8471,0.84774,0.8471,0.84686,0.8471,0.84774,0.8471,0.84686,0.8471,0.84774,0.8471,0.84686,0.8471,0.84774,0.8471,0.84686,0.8471,0.84774,0.8471,0.84686,0.8471,0.84774,0.8471,0.84686,0.8471,0.84774,0.8471,0.84686,0.8471,0.84774,0.8471,0.84686,0.8471,0.84774,0.8471,0.84686,0.8471,0.84774,0.8471,0.84686,0.8471,0.84774,0.8471,0.84686,0.8471,0.84774,0.8471,0.84686,0.8471,0.84774,0.8471,0.84686,0.8471,0.84774,0.8471,0.84686,0.8471,0.84774,0.8471,0.84686,0.84806,0.84774,0.84511,0.85269,0.84162,0.84774,0.85908,0.82457,0.86969,0.84774,0.80007,0.96011,0.6618
0.80043,0.86208,0.74504,0.82684,0.80043,0.78642,0.81379,0.79336,0.80043,0.80313,0.79727,0.80134,0.80043,0.79982,0.7996,0.79982,0.80043,0.79982,0.7996,0.79982,0.80043,0.79982,0.7996,0.79982,0.80043,0.79982,0.7996,0.79982,0.80043,0.79982,0.7996,0.79982,0.80043,0.79982,0.7996,0.79982,0.80043,0.79982,0.7996,0.79982,0.80043,0.79982,0.7996,0.79982,0.80043,0.79982,0.7996,0.79982,0.80043,0.79982,0.7996,0.79982,0.80043,0.79982,0.7996,0.79982,0.80043,0.79982,0.7996,0.79982,0.80043,0.79982,0.7996,0.79982,0.80043,0.79982,0.7996,0.79982,0.80043,0.79982,0.7996,0.79982,0.80043,0.79982,0.7996,0.79982,0.80043,0.79982,0.7996,0.79982,0.80043,0.79982,0.7996,0.79982,0.80043,0.79982,0.7996,0.79982,0.80043,0.79982,0.7996,0.79982,0.80043,0.79982,0.7996,0.79982,0.80043,0.79982,0.7996,0.79982,0.80043,0.79982,0.7996,0.79982,0.80043,0.79982,0.7996,0.79982,0.80043,0.79982,0.7996,0.79982,0.80043,0.79982,0.7996,0.80026,0.80043,0.79891,0.80228,0.79731,0.80043,0.80533,0.78937,0.8102,0.80043,0.77823,0.85161,0.71473,0.41113,0.38054,0.43724,0.39768,0.41113,0.41734,0.4038,0.41396,0.41113,0.40921,0.41184,0.41008,0.41113,0.41082,0.4107,0.41082,0.41113,0.41082,0.4107,0.41082,0.41113,0.41082,0.4107,0.41082,0.41113,0.41082,0.4107,0.41082,0.41113,0.41082,0.4107,0.41082,0.41113,0.41082,0.4107,0.41082,0.41113,0.41082,0.4107,0.41082,0.41113,0.41082,0.4107,0.41082,0.41113,0.41082,0.4107,0.41082,0.41113,0.41082,0.4107,0.41082,0.41113,0.41082,0.4107,0.41082,0.41113,0.41082,0.4107,0.41082,0.41113,0.41082,0.4107,0.41082,0.41113,0.41082,0.4107,0.41082,0.41113,0.41082,0.4107,0.41082,0.41113,0.41082,0.4107,0.41082,0.41113,0.41082,0.4107,0.41082,0.41113,0.41082,0.4107,0.41082,0.41113,0.41082,0.4107,0.41082,0.41113,0.41082,0.4107,0.41082,0.41113,0.41082,0.4107,0.41082,0.41113,0.41082,0.4107,0.41082,0.41113,0.41082,0.4107,0.41082,0.41113,0.41082,0.4107,0.41082,0.41113,0.41082,0.4107,0.41082,0.41113,0.41082,0.4107,0.41128,0.41113,0.40985,0.41353,0.40816,0.41113,0.41663,0.39989,0.42177,0.41113,0.38801,0.46563,0.32096
0.79901,0.86055,0.74372,0.82537,0.79901,0.78503,0.81235,0.79196,0.79901,0.80171,0.79585,0.79992,0.79901,0.79841,0.79818,0.79841,0.79901,0.79841,0.79818,0.79841,0.79901,0.79841,0.79818,0.79841,0.79901,0.79841,0.79818,0.79841,0.79901,0.79841,0.79818,0.79841,0.79901,0.79841,0.79818,0.79841,0.79901,0.79841,0.79818,0.79841,0.79901,0.79841,0.79818,0.79841,0.79901,0.79841,0.79818,0.79841,0.79901,0.79841,0.79818,0.79841,0.79901,0.79841,0.79818,0.79841,0.79901,0.79841,0.79818,0.79841,0.79901,0.79841,0.79818,0.79841,0.79901,0.79841,0.79818,0.79841,0.79901,0.79841,0.79818,0.79841,0.79901,0.79841,0.79818,0.79841,0.79901,0.79841,0.79818,0.79841,0.79901,0.79841,0.79818,0.79841,0.79901,0.79841,0.79818,0.79841,0.79901,0.79841,0.79818,0.79841,0.79901,0.79841,0.79818,0.79841,0.79901,0.79841,0.79818,0.79841,0.79901,0.79841,0.79818,0.79841,0.79901,0.79841,0.79818,0.79841,0.79901,0.79841,0.79818,0.79841,0.79901,0.79841,0.79818,0.79841,0.79901,0.79841,0.79818,0.79841,0.79901,0.79841,0.79818,0.79841,0.79901,0.79841,0.79818,0.79841,0.79901,0.79841,0.79818,0.79841,0.79901,0.79841,0.79818,0.79841,0.79901,0.79841,0.79818,0.79841,0.79901,0.79841,0.79818,0.79841,0.79901,0.79841,0.79818,0.79841,0.79901,0.79841,0.79818,0.79841,0.79901,0.79841,0.79818,0.79841,0.79901,0.79841,0.79818,0.79841,0.79901,0.79841,0.79818,0.79841,0.79901,0.79841,0.79818,0.79841,0.79901,0.79841,0.79818,0.79841,0.79901,0.79841,0.79818,0.79841,0.79901,0.79841,0.79818,0.79841,0.79901,0.79841,0.79818,0.79841,0.79901,0.79841,0.79818,0.79841,0.79901,0.79841,0.79818,0.79841,0.79901,0.79841,0.79818,0.79841,0.79901,0.79841,0.79818,0.79841,0.79901,0.79841,0.79818,0.79841,0.79901,0.79841,0.79818,0.79841,0.79901,0.79841,0.79818,0.79841,0.79901,0.79841,0.79818,0.79841,0.79901,0.79841,0.79818,0.79841,0.79901,0.79841,0.79818,0.79841,0.79901,0.79841,0.79818,0.79841,0.79901,0.79841,0.79818,0.79841,0.79901,0.79841,0.79818,0.79841,0.79901,0.79841,0.79818,0.79841,0.79901,0.79841,0.79818,0.79931,0.79901,0.79653,0.80367,0.79324,0.79901,0.8097,0.77718,0.8197,0.79901,0.75408,0.90492,0.62376
0.73951,0.79647,0.68834,0.76391,0.73951,0.72657,0.75186,0.73298,0.73951,0.74201,0.73659,0.74036,0.73951,0.73895,0.73875,0.73895,0.73951,0.73895,0.73875,0.73895,0.73951,0.73895,0.73875,0.73895,0.73951,0.73895,0.73875,0.73895,0.73951,0.73895,0.73875,0.73895,0.73951,0.73895,0.73875,0.73895,0.73951,0.73895,0.73875,0.73895,0.73951,0.73895,0.73875,0.73895,0.73951,0.73895,0.73875,0.73895,0.73951,0.73895,0.73875,0.73895,0.73951,0.73895,0.73875,0.73895,0.73951,0.73895,0.73875,0.73895,0.73951,0.73895,0.73875,0.73895,0.73951,0.73895,0.73875,0.73895,0.73951,0.73895,0.73875,0.73895,0.73951,0.73895,0.73875,0.73895,0.73951,0.73895,0.73875,0.73895,0.73951,0.73895,0.73875,0.73895,0.73951,0.73895,0.73875,0.73895,0.73951,0.73895,0.73875,0.73895,0.73951,0.73895,0.73875,0.73895,0.73951,0.73895,0.73875,0.73895,0.73951,0.73895,0.73875,0.73895,0.73951,0.73895,0.73875,0.73895,0.73951,0.73895,0.73875,0.73895,0.73951,0.73895,0.73875,0.73925,0.73951,0.73833,0.74058,0.73723,0.73951,0.74272,0.73173,0.74606,0.73951,0.72416,0.77437,0.68066,0.47281,0.45171,0.49051,0.46346,0.47281,0.47692,0.4676,0.47461,0.47281,0.47136,0.4731,0.47195,0.47281,0.47246,0.47233,0.47246,0.47281,0.47246,0.47233,0.47246,0.47281,0.47246,0.47233,0.47246,0.47281,0.47246,0.47233,0.47246,0.47281,0.47246,0.47233,0.47246,0.47281,0.47246,0.47233,0.47246,0.47281,0.47246,0.47233,0.47246,0.47281,0.47246,0.47233,0.47246,0.47281,0.47246,0.47233,0.47246,0.47281,0.47246,0.47233,0.47246,0.47281,0.47246,0.47233,0.47246,0.47281,0.47246,0.47233,0.47246,0.47281,0.47246,0.47233,0.47246,0.47281,0.47246,0.47233,0.47246,0.47281,0.47246,0.47233,0.47246,0.47281,0.47246,0.47233,0.47246,0.47281,0.47246,0.47233,0.47246,0.47281,0.47246,0.47233,0.47246,0.47281,0.47246,0.47233,0.47246,0.47281,0.47246,0.47233,0.47246,0.47281,0.47246,0.47233,0.47246,0.47281,0.47246,0.47233,0.47246,0.47281,0.47246,0.47233,0.47246,0.47281,0.47246,0.47233,0.47246,0.47281,0.47246,0.47233,0.47246,0.47281,0.47246,0.47233,0.47299,0.47281,0.47135,0.47557,0.4694,0.47281,0.47914,0.45989,0.48506,0.47281,0.44623,0.53549,0.36911
0.77205,0.83152,0.71863,0.79753,0.77205,0.75854,0.78495,0.76524,0.77205,0.77466,0.76901,0.77294,0.77205,0.77147,0.77125,0.77147,0.77205,0.77147,0.77125,0.77147,0.77205,0.77147,0.77125,0.77147,0.77205,0.77147,0.77125,0.77147,0.77205,0.77147,0.77125,0.77147,0.77205,0.77147,0.77125,0.77147,0.77205,0.77147,0.77125,0.77147,0.77205,0.77147,0.77125,0.77147,0.77205,0.77147,0.77125,0.77147,0.77205,0.77147,0.77125,0.77147,0.77205,0.77147,0.77125,0.77147,0.77205,0.77147,0.77125,0.77147,0.77205,0.77147,0.77125,0.77147,0.77205,0.77147,0.77125,0.77147,0.77205,0.77147,0.77125,0.77147,0.77205,0.77147,0.77125,0.77147,0.77205,0.77147,0.77125,0.77147,0.77205,0.77147,0.77125,0.77147,0.77205,0.77147,0.77125,0.77147,0.77205,0.77147,0.77125,0.77147,0.77205,0.77147,0.77125,0.77147,0.77205,0.77147,0.77125,0.77147,0.77205,0.77147,0.77125,0.77147,0.77205,0.77147,0.77125,0.77147,0.77205,0.77147,0.77125,0.77147,0.77205,0.77147,0.77125,0.77147,0.77205,0.77147,0.77125,0.77147,0.77205,0.77147,0.77125,0.77147,0.77205,0.77147,0.77125,0.77147,0.77205,0.77147,0.77125,0.77147,0.77205,0.77147,0.77125,0.77147,0.77205,0.77147,0.77125,0.77147,0.77205,0.77147,0.77125,0.77147,0.77205,0.77147,0.77125,0.77147,0.77205,0.77147,0.77125,0.77147,0.77205,0.77147,0.77125,0.77147,0.77205,0.77147,0.77125,0.77147,0.77205,0.77147,0.77125,0.77147,0.77205,0.77147,0.77125,0.77147,0.77205,0.77147,0.77125,0.77147,0.77205,0.77147,0.77125,0.77147,0.77205,0.77147,0.77125,0.77147,0.77205,0.77147,0.77125,0.77147,0.77205,0.77147,0.77125,0.77147,0.77205,0.77147,0.77125,0.77147,0.77205,0.77147,0.77125,0.77147,0.77205,0.77147,0.77125,0.77147,0.77205,0.77147,0.77125,0.77147,0.77205,0.77147,0.77125,0.77147,0.77205,0.77147,0.77125,0.77147,0.77205,0.77147,0.77125,0.77147,0.77205,0.77147,0.77125,0.77147,0.77205,0.77147,0.77125,0.77147,0.77205,0.77147,0.77125,0.77147,0.77205,0.77147,0.77125,0.77147,0.77205,0.77147,0.77125,0.77147,0.77205,0.77147,0.77125,0.77147,0.77205,0.77147,0.77125,0.77234,0.77205,0.76966,0.77656,0.76648,0.77205,0.78238,0.75096,0.79205,0.77205,0.72864,0.87439,0.60272
0.60997,0.65695,0.56776,0.6301,0.60997,0.59929,0.62015,0.60458,0.60997,0.61203,0.60756,0.61067,0.60997,0.60951,0.60934,0.60951,0.60997,0.60951,0.60934,0.60951,0.60997,0.60951,0.60934,0.60951,0.60997,0.60951,0.60934,0.60951,0.60997,0.60951,0.60934,0.60951,0.60997,0.60951,0.60934,0.60951,0.60997,0.60951,0.60934,0.60951,0.60997,0.60951,0.60934,0.60951,0.60997,0.60951,0.60934,0.60951,0.60997,0.60951,0.60934,0.60951,0.60997,0.60951,0.60934,0.60951,0.60997,0.60951,0.60934,0.60951,0.60997,0.60951,0.60934,0.60951,0.60997,0.60951,0.60934,0.60951,0.60997,0.60951,0.60934,0.60951,0.60997,0.60951,0.60934,0.60951,0.60997,0.60951,0.60934,0.60951,0.60997,0.60951,0.60934,0.60951,0.60997,0.60951,0.60934,0.60951,0.60997,0.60951,0.60934,0.60951,0.60997,0.60951,0.60934,0.60951,0.60997,0.60951,0.60934,0.60951,0.60997,0.60951,0.60934,0.60951,0.60997,0.60951,0.60934,0.60951,0.60997,0.60951,0.60934,0.60951,0.60997,0.60951,0.60934,0.60924,0.60997,0.61006,0.60772,0.61103,0.60997,0.60618,0.61553,0.60324,0.60997,0.62257,0.57789,0.66096,0.84537,0.86304,0.82845,0.85267,0.84537,0.84079,0.84867,0.84283,0.84537,0.8457,0.84381,0.84518,0.84537,0.84473,0.84449,0.84473,0.84537,0.84473,0.84449,0.84473,0.84537,0.84473,0.84449,0.84473,0.84537,0.84473,0.84449,0.84473,0.84537,0.84473,0.84449,0.84473,0.84537,0.84473,0.84449,0.84473,0.84537,0.84473,0.84449,0.84473,0.84537,0.84473,0.84449,0.84473,0.84537,0.84473,0.84449,0.84473,0.84537,0.84473,0.84449,0.84473,0.84537,0.84473,0.84449,0.84473,0.84537,0.84473,0.84449,0.84473,0.84537,0.84473,0.84449,0.84473,0.84537,0.84473,0.84449,0.84473,0.84537,0.84473,0.84449,0.84473,0.84537,0.84473,0.84449,0.84473,0.84537,0.84473,0.84449,0.84473,0.84537,0.84473,0.84449,0.84473,0.84537,0.84473,0.84449,0.84473,0.84537,0.84473,0.84449,0.84473,0.84537,0.84473,0.84449,0.84473,0.84537,0.84473,0.84449,0.84473,0.84537,0.84473,0.84449,0.84473,0.84537,0.84473,0.84449,0.84473,0.84537,0.84473,0.84449,0.84473,0.84537,0.84473,0.84449,0.84568,0.84537,0.84274,0.8503,0.83926,0.84537,0.85668,0.82227,0.86726,0.84537,0.79783,0.95742,0.65995
0.46601,0.5019,0.43376,0.48138,0.46601,0.45785,0.47379,0.46189,0.46601,0.46758,0.46417,0.46654,0.46601,0.46566,0.46553,0.46566,0.46601,0.46566,0.46553,0.46566,0.46601,0.46566,0.46553,0.46566,0.46601,0.46566,0.46553,0.46566,0.46601,0.46566,0.46553,0.46566,0.46601,0.46566,0.46553,0.46566,0.46601,0.46566,0.46553,0.46566,0.46601,0.46566,0.46553,0.46566,0.46601,0.46566,0.46553,0.46566,0.46601,0.46566,0.46553,0.46566,0.46601,0.46566,0.46553,0.46566,0.46601,0.46566,0.46553,0.46566,0.46601,0.46566,0.46553,0.46566,0.46601,0.46566,0.46553,0.46566,0.46601,0.46566,0.46553,0.46566,0.46601,0.46566,0.46553,0.46566,0.46601,0.46566,0.46553,0.46566,0.46601,0.46566,0.46553,0.46566,0.46601,0.46566,0.46553,0.46566,0.46601,0.46566,0.46553,0.46566,0.46601,0.46566,0.46553,0.46566,0.46601,0.46566,0.46553,0.46566,0.46601,0.46566,0.46553,0.46566,0.46601,0.46566,0.46553,0.46566,0.46601,0.46566,0.46553,0.46566,0.46601,0.46566,0.46553,0.4654,0.46601,0.46618,0.46398,0.46711,0.46601,0.46249,0.47143,0.45968,0.46601,0.4781,0.43555,0.5147,0.6904,0.70733,0.67439,0.69745,0.6904,0.68612,0.69366,0.68807,0.6904,0.69081,0.68903,0.6903,0.6904,0.68988,0.68968,0.68988,0.6904,0.68988,0.68968,0.68988,0.6904,0.68988,0.68968,0.68988,0.6904,0.68988,0.68968,0.68988,0.6904,0.68988,0.68968,0.68988,0.6904,0.68988,0.68968,0.68988,0.6904,0.68988,0.68968,0.68988,0.6904,0.68988,0.68968,0.68988,0.6904,0.68988,0.68968,0.68988,0.6904,0.68988,0.68968,0.68988,0.6904,0.68988,0.68968,0.68988,0.6904,0.68988,0.68968,0.68988,0.6904,0.68988,0.68968,0.68988,0.6904,0.68988,0.68968,0.68988,0.6904,0.68988,0.68968,0.68988,0.6904,0.68988,0.68968,0.68988,0.6904,0.68988,0.68968,0.68988,0.6904,0.68988,0.68968,0.68988,0.6904,0.68988,0.68968,0.68988,0.6904,0.68988,0.68968,0.68988,0.6904,0.68988,0.68968,0.68988,0.6904,0.68988,0.68968,0.68988,0.6904,0.68988,0.68968,0.68988,0.6904,0.68988,0.68968,0.68988,0.6904,0.68988,0.68968,0.68988,0.6904,0.68988,0.68968,0.69066,0.6904,0.68826,0.69443,0.68541,0.6904,0.69963,0.67153,0.70828,0.6904,0.65158,0.78192,0.53897
0.80583,0.86789,0.75006,0.83241,0.80583,0.79172,0.81928,0.79871,0.80583,0.80855,0.80264,0.80675,0.80583,0.80522,0.80499,0.80522,0.80583,0.80522,0.80499,0.80522,0.80583,0.80522,0.80499,0.80522,0.80583,0.80522,0.80499,0.80522,0.80583,0.80522,0.80499,0.80522,0.80583,0.80522,0.80499,0.80522,0.80583,0.80522,0.80499,0.80522,0.80583,0.80522,0.80499,0.80522,0.80583,0.80522,0.80499,0.80522,0.80583,0.80522,0.80499,0.80522,0.80583,0.80522,0.80499,0.80522,0.80583,0.80522,0.80499,0.80522,0.80583,0.80522,0.80499,0.80522,0.80583,0.80522,0.80499,0.80522,0.80583,0.80522,0.80499,0.80522,0.80583,0.80522,0.80499,0.80522,0.80583,0.80522,0.80499,0.80522,0.80583,0.80522,0.80499,0.80522,0.80583,0.80522,0.80499,0.80522,0.80583,0.80522,0.80499,0.80522,0.80583,0.80522,0.80499,0.80522,0.80583,0.80522,0.80499,0.80522,0.80583,0.80522,0.80499,0.80522,0.80583,0.80522,0.80499,0.80522,0.80583,0.80522,0.80499,0.80522,0.80583,0.80522,0.80499,0.80522,0.80583,0.80522,0.80499,0.80522,0.80583,0.80522,0.80499,0.80522,0.80583,0.80522,0.80499,0.80522,0.80583,0.80522,0.80499,0.80522,0.80583,0.80522,0.80499,0.80522,0.80583,0.80522,0.80499,0.80522,0.80583,0.80522,0.80499,0.80522,0.80583,0.80522,0.80499,0.80522,0.80583,0.80522,0.80499,0.80522,0.80583,0.80522,0.80499,0.80522,0.80583,0.80522,0.80499,0.80522,0.80583,0.80522,0.80499,0.80522,0.80583,0.80522,0.80499,0.80522,0.80583,0.80522,0.80499,0.80522,0.80583,0.80522,0.80499,0.80522,0.80583,0.80522,0.80499,0.80522,0.80583,0.80522,0.80499,0.80522,0.80583,0.80522,0.80499,0.80522,0.80583,0.80522,0.80499,0.80522,0.80583,0.80522,0.80499,0.80522,0.80583,0.80522,0.80499,0.80522,0.80583,0.80522,0.80499,0.80522,0.80583,0.80522,0.80499,0.80522,0.80583,0.80522,0.80499,0.80522,0.80583,0.80522,0.80499,0.80522,0.80583,0.80522,0.80499,0.80522,0.80583,0.80522,0.80499,0.80522,0.80583,0.80522,0.80499,0.80522,0.80583,0.80522,0.80499,0.80522,0.80583,0.80522,0.80499,0.80522,0.80583,0.80522,0.80499,0.80522,0.80583,0.80522,0.80499,0.80613,0.80583,0.80332,0.81053,0.80001,0.80583,0.81661,0.78381,0.82669,0.80583,0.76051,0.91264,0.62908
0.82691,0.8906,0.76968,0.85419,0.82691,0.81243,0.84071,0.81961,0.82691,0.8297,0.82364,0.82785,0.82691,0.82628,0.82605,0.82628,0.82691,0.82628,0.82605,0.82628,0.82691,0.82628,0.82605,0.82628,0.82691,0.82628,0.82605,0.82628,0.82691,0.82628,0.82605,0.82628,0.82691,0.82628,0.82605,0.82628,0.82691,0.82628,0.82605,0.82628,0.82691,0.82628,0.82605,0.82628,0.82691,0.82628,0.82605,0.82628,0.82691,0.82628,0.82605,0.82628,0.82691,0.82628,0.82605,0.82628,0.82691,0.82628,0.82605,0.82628,0.82691,0.82628,0.82605,0.82628,0.82691,0.82628,0.82605,0.82628,0.82691,0.82628,0.82605,0.82628,0.82691,0.82628,0.82605,0.82628,0.82691,0.82628,0.82605,0.82628,0.82691,0.82628,0.82605,0.82628,0.82691,0.82628,0.82605,0.82628,0.82691,0.82628,0.82605,0.82628,0.82691,0.82628,0.82605,0.82628,0.82691,0.82628,0.82605,0.82628,0.82691,0.82628,0.82605,0.82628,0.82691,0.82628,0.82605,0.82628,0.82691,0.82628,0.82605,0.82628,0.82691,0.82628,0.82605,0.82658,0.82691,0.82567,0.82784,0.8246,0.82691,0.82996,0.8192,0.83322,0.82691,0.81183,0.86085,0.76935,0.56645,0.54576,0.58362,0.55723,0.56645,0.57038,0.56124,0.56812,0.56645,0.56494,0.56662,0.56552,0.56645,0.56602,0.56586,0.56602,0.56645,0.56602,0.56586,0.56602,0.56645,0.56602,0.56586,0.56602,0.56645,0.56602,0.56586,0.56602,0.56645,0.56602,0.56586,0.56602,0.56645,0.56602,0.56586,0.56602,0.56645,0.56602,0.56586,0.56602,0.56645,0.56602,0.56586,0.56602,0.56645,0.56602,0.56586,0.56602,0.56645,0.56602,0.56586,0.56602,0.56645,0.56602,0.56586,0.56602,0.56645,0.56602,0.56586,0.56602,0.56645,0.56602,0.56586,0.56602,0.56645,0.56602,0.56586,0.56602,0.56645,0.56602,0.56586,0.56602,0.56645,0.56602,0.56586,0.56602,0.56645,0.56602,0.56586,0.56602,0.56645,0.56602,0.56586,0.56602,0.56645,0.56602,0.56586,0.56602,0.56645,0.56602,0.56586,0.56602,0.56645,0.56602,0.56586,0.56602,0.56645,0.56602,0.56586,0.56602,0.56645,0.56602,0.56586,0.56602,0.56645,0.56602,0.56586,0.56602,0.56645,0.56602,0.56586,0.56602,0.56645,0.56602,0.56586,0.56666,0.56645,0.56469,0.56975,0.56236,0.56645,0.57403,0.55097,0.58112,0.56645,0.5346,0.64153,0.44221
0.1079,0.11622,0.10044,0.11146,0.1079,0.10602,0.10971,0.10695,0.1079,0.10827,0.10748,0.10803,0.1079,0.10782,0.10779,0.10782,0.1079,0.10782,0.10779,0.10782,0.1079,0.10782,0.10779,0.10782,0.1079,0.10782,0.10779,0.10782,0.1079,0.10782,0.10779,0.10782,0.1079,0.10782,0.10779,0.10782,0.1079,0.10782,0.10779,0.10782,0.1079,0.10782,0.10779,0.10782,0.1079,0.10782,0.10779,0.10782,0.1079,0.10782,0.10779,0.10782,0.1079,0.10782,0.10779,0.10782,0.1079,0.10782,0.10779,0.10782,0.1079,0.10782,0.10779,0.10782,0.1079,0.10782,0.10779,0.10782,0.1079,0.10782,0.10779,0.10782,0.1079,0.10782,0.10779,0.10782,0.1079,0.10782,0.10779,0.10782,0.1079,0.10782,0.10779,0.10782,0.1079,0.10782,0.10779,0.10782,0.1079,0.10782,0.10779,0.10782,0.1079,0.10782,0.10779,0.10782,0.1079,0.10782,0.10779,0.10782,0.1079,0.10782,0.10779,0.10782,0.1079,0.10782,0.10779,0.10782,0.1079,0.10782,0.10779,0.10782,0.1079,0.10782,0.10779,0.10695,0.1079,0.10965,0.10246,0.11284,0.1079,0.096854,0.1282,0.08714,0.1079,0.15088,0.0041102,0.27746,0.88403,0.94373,0.83021,0.90956,0.88403,0.87036,0.89688,0.8771,0.88403,0.88657,0.88085,0.88484,0.88403,0.88336,0.88311,0.88336,0.88403,0.88336,0.88311,0.88336,0.88403,0.88336,0.88311,0.88336,0.88403,0.88336,0.88311,0.88336,0.88403,0.88336,0.88311,0.88336,0.88403,0.88336,0.88311,0.88336,0.88403,0.88336,0.88311,0.88336,0.88403,0.88336,0.88311,0.88336,0.88403,0.88336,0.88311,0.88336,0.88403,0.88336,0.88311,0.88336,0.88403,0.88336,0.88311,0.88336,0.88403,0.88336,0.88311,0.88336,0.88403,0.88336,0.88311,0.88336,0.88403,0.88336,0.88311,0.88336,0.88403,0.88336,0.88311,0.88336,0.88403,0.88336,0.88311,0.88336,0.88403,0.88336,0.88311,0.88336,0.88403,0.88336,0.88311,0.88336,0.88403,0.88336,0.88311,0.88336,0.88403,0.88336,0.88311,0.88336,0.88403,0.88336,0.88311,0.88336,0.88403,0.88336,0.88311,0.88336,0.88403,0.88336,0.88311,0.88336,0.88403,0.88336,0.88311,0.88336,0.88403,0.88336,0.88311,0.88336,0.88403,0.88336,0.88311,0.88436,0.88403,0.88128,0.88919,0.87765,0.88403,0.89585,0.85987,0.90692,0.88403,0.83432,1.0012,0.69013
0.83069,0.89467,0.77321,0.8581,0.83069,0.81615,0.84456,0.82336,0.83069,0.8335,0.82741,0.83164,0.83069,0.83006,0.82983,0.83006,0.83069,0.83006,0.82983,0.83006,0.83069,0.83006,0.82983,0.83006,0.83069,0.83006,0.82983,0.83006,0.83069,0.83006,0.82983,0.83006,0.83069,0.83006,0.82983,0.83006,0.83069,0.83006,0.82983,0.83006,0.83069,0.83006,0.82983,0.83006,0.83069,0.83006,0.82983,0.83006,0.83069,0.83006,0.82983,0.83006,0.83069,0.83006,0.82983,0.83006,0.83069,0.83006,0.82983,0.83006,0.83069,0.83006,0.82983,0.83006,0.83069,0.83006,0.82983,0.83006,0.83069,0.83006,0.82983,0.83006,0.83069,0.83006,0.82983,0.83006,0.83069,0.83006,0.82983,0.83006,0.83069,0.83006,0.82983,0.83006,0.83069,0.83006,0.82983,0.83006,0.83069,0.83006,0.82983,0.83006,0.83069,0.83006,0.82983,0.83006,0.83069,0.83006,0.82983,0.83006,0.83069,0.83006,0.82983,0.83006,0.83069,0.83006,0.82983,0.83006,0.83069,0.83006,0.82983,0.83006,0.83069,0.83006,0.82983,0.83025,0.83069,0.82967,0.83099,0.82897,0.83069,0.83244,0.82541,0.83455,0.83069,0.82073,0.85231,0.79329,0.66244,0.64886,0.67323,0.65626,0.66244,0.66476,0.65877,0.6633,0.66244,0.66125,0.66225,0.66162,0.66244,0.66194,0.66176,0.66194,0.66244,0.66194,0.66176,0.66194,0.66244,0.66194,0.66176,0.66194,0.66244,0.66194,0.66176,0.66194,0.66244,0.66194,0.66176,0.66194,0.66244,0.66194,0.66176,0.66194,0.66244,0.66194,0.66176,0.66194,0.66244,0.66194,0.66176,0.66194,0.66244,0.66194,0.66176,0.66194,0.66244,0.66194,0.66176,0.66194,0.66244,0.66194,0.66176,0.66194,0.66244,0.66194,0.66176,0.66194,0.66244,0.66194,0.66176,0.66194,0.66244,0.66194,0.66176,0.66194,0.66244,0.66194,0.66176,0.66194,0.66244,0.66194,0.66176,0.66194,0.66244,0.66194,0.66176,0.66194,0.66244,0.66194,0.66176,0.66194,0.66244,0.66194,0.66176,0.66194,0.66244,0.66194,0.66176,0.66194,0.66244,0.66194,0.66176,0.66194,0.66244,0.66194,0.66176,0.66194,0.66244,0.66194,0.66176,0.66194,0.66244,0.66194,0.66176,0.66194,0.66244,0.66194,0.66176,0.66194,0.66244,0.66194,0.66176,0.66269,0.66244,0.66039,0.66631,0.65766,0.66244,0.6713,0.64434,0.6796,0.66244,0.62519,0.75025,0.51715
0.77832,0.83827,0.72446,0.804,0.77832,0.7647,0.79131,0.77145,0.77832,0.78095,0.77525,0.77921,0.77832,0.77773,0.77751,0.77773,0.77832,0.77773,0.77751,0.77773,0.77832,0.77773,0.77751,0.77773,0.77832,0.77773,0.77751,0.77773,0.77832,0.77773,0.77751,0.77773,0.77832,0.77773,0.77751,0.77773,0.77832,0.77773,0.77751,0.77773,0.77832,0.77773,0.77751,0.77773,0.77832,0.77773,0.77751,0.77773,0.77832,0.77773,0.77751,0.77773,0.77832,0.77773,0.77751,0.77773,0.77832,0.77773,0.77751,0.77773,0.77832,0.77773,0.77751,0.77773,0.77832,0.77773,0.77751,0.77773,0.77832,0.77773,0.77751,0.77773,0.77832,0.77773,0.77751,0.77773,0.77832,0.77773,0.77751,0.77773,0.77832,0.77773,0.77751,0.77773,0.77832,0.77773,0.77751,0.77773,0.77832,0.77773,0.77751,0.77773,0.77832,0.77773,0.77751,0.77773,0.77832,0.77773,0.77751,0.77773,0.77832,0.77773,0.77751,0.77773,0.77832,0.77773,0.77751,0.77773,0.77832,0.77773,0.77751,0.77773,0.77832,0.77773,0.77751,0.77813,0.77832,0.7769,0.77993,0.77545,0.77832,0.78271,0.76826,0.78711,0.77832,0.7582,0.82454,0.70078,0.42628,0.39858,0.44984,0.41408,0.42628,0.43186,0.4196,0.4288,0.42628,0.42451,0.42687,0.42529,0.42628,0.42596,0.42584,0.42596,0.42628,0.42596,0.42584,0.42596,0.42628,0.42596,0.42584,0.42596,0.42628,0.42596,0.42584,0.42596,0.42628,0.42596,0.42584,0.42596,0.42628,0.42596,0.42584,0.42596,0.42628,0.42596,0.42584,0.42596,0.42628,0.42596,0.42584,0.42596,0.42628,0.42596,0.42584,0.42596,0.42628,0.42596,0.42584,0.42596,0.42628,0.42596,0.42584,0.42596,0.42628,0.42596,0.42584,0.42596,0.42628,0.42596,0.42584,0.42596,0.42628,0.42596,0.42584,0.42596,0.42628,0.42596,0.42584,0.42596,0.42628,0.42596,0.42584,0.42596,0.42628,0.42596,0.42584,0.42596,0.42628,0.42596,0.42584,0.42596,0.42628,0.42596,0.42584,0.42596,0.42628,0.42596,0.42584,0.42596,0.42628,0.42596,0.42584,0.42596,0.42628,0.42596,0.42584,0.42596,0.42628,0.42596,0.42584,0.42596,0.42628,0.42596,0.42584,0.42596,0.42628,0.42596,0.42584,0.42596,0.42628,0.42596,0.42584,0.42644,0.42628,0.42496,0.42877,0.42321,0.42628,0.43199,0.41464,0.43732,0.42628,0.40231,0.48279,0.33279
0.35465,0.38197,0.33011,0.36636,0.35465,0.34845,0.36058,0.35152,0.35465,0.35585,0.35325,0.35506,0.35465,0.35439,0.35429,0.35439,0.35465,0.35439,0.35429,0.35439,0.35465,0.35439,0.35429,0.35439,0.35465,0.35439,0.35429,0.35439,0.35465,0.35439,0.35429,0.35439,0.35465,0.35439,0.35429,0.35439,0.35465,0.35439,0.35429,0.35439,0.35465,0.35439,0.35429,0.35439,0.35465,0.35439,0.35429,0.35439,0.35465,0.35439,0.35429,0.35439,0.35465,0.35439,0.35429,0.35439,0.35465,0.35439,0.35429,0.35439,0.35465,0.35439,0.35429,0.35439,0.35465,0.35439,0.35429,0.35439,0.35465,0.35439,0.35429,0.35439,0.35465,0.35439,0.35429,0.35439,0.35465,0.35439,0.35429,0.35439,0.35465,0.35439,0.35429,0.35439,0.35465,0.35439,0.35429,0.35439,0.35465,0.35439,0.35429,0.35439,0.35465,0.35439,0.35429,0.35439,0.35465,0.35439,0.35429,0.35439,0.35465,0.35439,0.35429,0.35439,0.35465,0.35439,0.35429,0.35439,0.35465,0.35439,0.35429,0.35439,0.35465,0.35439,0.35429,0.35382,0.35465,0.35556,0.35084,0.35763,0.35465,0.3473,0.36748,0.34102,0.35465,0.38222,0.28727,0.46403,0.8563,0.89467,0.82122,0.87259,0.8563,0.84726,0.86431,0.85161,0.8563,0.85773,0.85396,0.85661,0.8563,0.85566,0.85542,0.85566,0.8563,0.85566,0.85542,0.85566,0.8563,0.85566,0.85542,0.85566,0.8563,0.85566,0.85542,0.85566,0.8563,0.85566,0.85542,0.85566,0.8563,0.85566,0.85542,0.85566,0.8563,0.85566,0.85542,0.85566,0.8563,0.85566,0.85542,0.85566,0.8563,0.85566,0.85542,0.85566,0.8563,0.85566,0.85542,0.85566,0.8563,0.85566,0.85542,0.85566,0.8563,0.85566,0.85542,0.85566,0.8563,0.85566,0.85542,0.85566,0.8563,0.85566,0.85542,0.85566,0.8563,0.85566,0.85542,0.85566,0.8563,0.85566,0.85542,0.85566,0.8563,0.85566,0.85542,0.85566,0.8563,0.85566,0.85542,0.85566,0.8563,0.85566,0.85542,0.85566,0.8563,0.85566,0.85542,0.85566,0.8563,0.85566,0.85542,0.85566,0.8563,0.85566,0.85542,0.85566,0.8563,0.85566,0.85542,0.85566,0.8563,0.85566,0.85542,0.85566,0.8563,0.85566,0.85542,0.85566,0.8563,0.85566,0.85542,0.85662,0.8563,0.85364,0.8613,0.85012,0.8563,0.86776,0.8329,0.87848,0.8563,0.80815,0.96981,0.66849
0.83366,0.89787,0.77597,0.86117,0.83366,0.81907,0.84758,0.8263,0.83366,0.83648,0.83037,0.83462,0.83366,0.83303,0.8328,0.83303,0.83366,0.83303,0.8328,0.83303,0.83366,0.83303,0.8328,0.83303,0.83366,0.83303,0.8328,0.83303,0.83366,0.83303,0.8328,0.83303,0.83366,0.83303,0.8328,0.83303,0.83366,0.83303,0.8328,0.83303,0.83366,0.83303,0.8328,0.83303,0.83366,0.83303,0.8328,0.83303,0.83366,0.83303,0.8328,0.83303,0.83366,0.83303,0.8328,0.83303,0.83366,0.83303,0.8328,0.83303,0.83366,0.83303,0.8328,0.83303,0.83366,0.83303,0.8328,0.83303,0.83366,0.83303,0.8328,0.83303,0.83366,0.83303,0.8328,0.83303,0.83366,0.83303,0.8328,0.83303,0.83366,0.83303,0.8328,0.83303,0.83366,0.83303,0.8328,0.83303,0.83366,0.83303,0.8328,0.83303,0.83366,0.83303,0.8328,0.83303,0.83366,0.83303,0.8328,0.83303,0.83366,0.83303,0.8328,0.83303,0.83366,0.83303,0.8328,0.83303,0.83366,0.83303,0.8328,0.83303,0.83366,0.83303,0.8328,0.83303,0.83366,0.83303,0.8328,0.83303,0.83366,0.83303,0.8328,0.83303,0.83366,0.83303,0.8328,0.83303,0.83366,0.83303,0.8328,0.83303,0.83366,0.83303,0.8328,0.83303,0.83366,0.83303,0.8328,0.83303,0.83366,0.83303,0.8328,0.83303,0.83366,0.83303,0.8328,0.83303,0.83366,0.83303,0.8328,0.83303,0.83366,0.83303,0.8328,0.83303,0.83366,0.83303,0.8328,0.83303,0.83366,0.83303,0.8328,0.83303,0.83366,0.83303,0.8328,0.83303,0.83366,0.83303,0.8328,0.83303,0.83366,0.83303,0.8328,0.83303,0.83366,0.83303,0.8328,0.83303,0.83366,0.83303,0.8328,0.83303,0.83366,0.83303,0.8328,0.83303,0.83366,0.83303,0.8328,0.83303,0.83366,0.83303,0.8328,0.83303,0.83366,0.83303,0.8328,0.83303,0.83366,0.83303,0.8328,0.83303,0.83366,0.83303,0.8328,0.83303,0.83366,0.83303,0.8328,0.83303,0.83366,0.83303,0.8328,0.83303,0.83366,0.83303,0.8328,0.83303,0.83366,0.83303,0.8328,0.83303,0.83366,0.83303,0.8328,0.83303,0.83366,0.83303,0.8328,0.83303,0.83366,0.83303,0.8328,0.83303,0.83366,0.83303,0.8328,0.83303,0.83366,0.83303,0.8328,0.83397,0.83366,0.83107,0.83853,0.82764,0.83366,0.84481,0.81088,0.85525,0.83366,0.78678,0.94417,0.65081
0.82431,0.8878,0.76727,0.85151,0.82431,0.80988,0.83807,0.81703,0.82431,0.82709,0.82105,0.82525,0.82431,0.82369,0.82346,0.82369,0.82431,0.82369,0.82346,0.82369,0.82431,0.82369,0.82346,0.82369,0.82431,0.82369,0.82346,0.82369,0.82431,0.82369,0.82346,0.82369,0.82431,0.82369,0.82346,0.82369,0.82431,0.82369,0.82346,0.82369,0.82431,0.82369,0.82346,0.82369,0.82431,0.82369,0.82346,0.82369,0.82431,0.82369,0.82346,0.82369,0.82431,0.82369,0.82346,0.82369,0.82431,0.82369,0.82346,0.82369,0.82431,0.82369,0.82346,0.82369,0.82431,0.82369,0.82346,0.82369,0.82431,0.82369,0.82346,0.82369,0.82431,0.82369,0.82346,0.82369,0.82431,0.82369,0.82346,0.82369,0.82431,0.82369,0.82346,0.82369,0.82431,0.82369,0.82346,0.82369,0.82431,0.82369,0.82346,0.82369,0.82431,0.82369,0.82346,0.82369,0.82431,0.82369,0.82346,0.82369,0.82431,0.82369,0.82346,0.82369,0.82431,0.82369,0.82346,0.82369,0.82431,0.82369,0.82346,0.82369,0.82431,0.82369,0.82346,0.82369,0.82431,0.82369,0.82346,0.82369,0.82431,0.82369,0.82346,0.82369,0.82431,0.82369,0.82346,0.82369,0.82431,0.82369,0.82346,0.82369,0.82431,0.82369,0.82346,0.82369,0.82431,0.82369,0.82346,0.82369,0.82431,0.82369,0.82346,0.82369,0.82431,0.82369,0.82346,0.82369,0.82431,0.82369,0.82346,0.82369,0.82431,0.82369,0.82346,0.82369,0.82431,0.82369,0.82346,0.82369,0.82431,0.82369,0.82346,0.82369,0.82431,0.82369,0.82346,0.82369,0.82431,0.82369,0.82346,0.82369,0.82431,0.82369,0.82346,0.82369,0.82431,0.82369,0.82346,0.82369,0.82431,0.82369,0.82346,0.82369,0.82431,0.82369,0.82346,0.82369,0.82431,0.82369,0.82346,0.82369,0.82431,0.82369,0.82346,0.82369,0.82431,0.82369,0.82346,0.82369,0.82431,0.82369,0.82346,0.82369,0.82431,0.82369,0.82346,0.82369,0.82431,0.82369,0.82346,0.82369,0.82431,0.82369,0.82346,0.82369,0.82431,0.82369,0.82346,0.82369,0.82431,0.82369,0.82346,0.82369,0.82431,0.82369,0.82346,0.82369,0.82431,0.82369,0.82346,0.82369,0.82431,0.82369,0.82346,0.82369,0.82431,0.82369,0.82346,0.82369,0.82431,0.82369,0.82346,0.82462,0.82431,0.82175,0.82912,0.81836,0.82431,0.83534,0.80178,0.84565,0.82431,0.77796,0.93357,0.64351
0.56487,0.60708,0.52912,0.57744,0.534,0.52033,0.54884,0.52217,0.5045,0.50331,0.50628,0.50207,0.50497,0.51014,0.4916,0.52567,0.60498,0.61427,0.59331,0.61323,0.61657,0.60938,0.6311,0.59317,0.51826,0.51263,0.51947,0.52186,0.54566,0.54653,0.54761,0.53662,0.49737,0.49197,0.50169,0.49341,0.48922,0.48859,0.48892,0.48933,0.49993,0.50451,0.48831,0.51778,0.58726,0.59592,0.57523,0.59867,0.62748,0.62833,0.62708,0.62325,0.59163,0.58091,0.61029,0.5657,0.50024,0.5022,0.48506,0.5287,0.63388,0.64033,0.63448,0.61874,0.54032,0.52875,0.55182,0.53031,0.5161,0.51572,0.51548,0.51533,0.51383,0.51337,0.51247,0.51591,0.53307,0.53757,0.52282,0.54792,0.60582,0.61339,0.59483,0.6154,0.62941,0.62424,0.64132,0.60787,0.53023,0.52123,0.5383,0.52468,0.52877,0.53303,0.51969,0.5394,0.56949,0.56908,0.57311,0.55878,0.51308,0.5058,0.52112,0.5049,0.49562,0.49866,0.48665,0.50816,0.54758,0.54787,0.55105,0.53737,0.50287,0.50185,0.49744,0.51466,0.56275,0.56576,0.56227,0.55737,0.53643,0.53637,0.5309,0.54551,0.57121,0.56716,0.58379,0.54744,0.4699,0.46661,0.46361,0.4873,0.56446,0.57148,0.55967,0.56191,0.54057,0.53838,0.53898,0.54475,0.56157,0.55987,0.56728,0.54902,0.50558,0.50237,0.50409,0.51273,0.55763,0.56592,0.54385,0.5734,0.61912,0.6213,0.61807,0.616,0.60158,0.59978,0.60173,0.60063,0.59107,0.5845,0.60436,0.56911,0.50002,0.49583,0.49804,0.50886,0.55506,0.55997,0.55028,0.55525,0.5453,0.54249,0.54758,0.54206,0.53424,0.53223,0.53676,0.52945,0.51657,0.51563,0.5154,0.51822,0.5272,0.52734,0.52673,0.52608,0.52532,0.52618,0.52128,0.531,0.55443,0.55659,0.55144,0.55464,0.54494,0.53973,0.55358,0.53251,0.50439,0.5066,0.49374,0.52244,0.58703,0.59032,0.5882,0.57614,0.52251,0.51437,0.53062,0.51529,0.50922,0.51131,0.50334,0.51606,0.53449,0.53289,0.53904,0.52518,0.50038,0.50165,0.49127,0.5174,0.58662,0.59374,0.57938,0.58902,0.58063,0.57626,0.58682,0.57097,0.54043,0.53625,0.54485,0.53412,0.51472,0.51113,0.51907,0.50927,0.50657,0.51155,0.4929,0.52769,0.59671,0.59926,0.60034,0.58455,0.54343,0.54418,0.53574,0.55204,0.53152,0.50197,0.60158,0.41514
0.75577,0.81399,0.70347,0.78071,0.75577,0.74255,0.76839,0.7491,0.75577,0.75833,0.75279,0.75664,0.75577,0.7552,0.75499,0.7552,0.75577,0.7552,0.75499,0.7552,0.75577,0.7552,0.75499,0.7552,0.75577,0.7552,0.75499,0.7552,0.75577,0.7552,0.75499,0.7552,0.75577,0.7552,0.75499,0.7552,0.75577,0.7552,0.75499,0.7552,0.75577,0.7552,0.75499,0.7552,0.75577,0.7552,0.75499,0.7552,0.75577,0.7552,0.75499,0.7552,0.75577,0.7552,0.75499,0.7552,0.75577,0.7552,0.75499,0.7552,0.75577,0.7552,0.75499,0.7552,0.75577,0.7552,0.75499,0.7552,0.75577,0.7552,0.75499,0.7552,0.75577,0.7552,0.75499,0.7552,0.75577,0.7552,0.75499,0.7552,0.75577,0.7552,0.75499,0.7552,0.75577,0.7552,0.75499,0.7552,0.75577,0.7552,0.75499,0.7552,0.75577,0.7552,0.75499,0.7552,0.75577,0.7552,0.75499,0.7552,0.75577,0.7552,0.75499,0.7552,0.75577,0.7552,0.75499,0.7552,0.75577,0.7552,0.75499,0.7552,0.75577,0.7552,0.75499,0.7552,0.75577,0.7552,0.75499,0.7552,0.75577,0.7552,0.75499,0.7552,0.75577,0.7552,0.75499,0.7552,0.75577,0.7552,0.75499,0.7552,0.75577,0.7552,0.75499,0.7552,0.75577,0.7552,0.75499,0.7552,0.75577,0.7552,0.75499,0.7552,0.75577,0.7552,0.75499,0.7552,0.75577,0.7552,0.75499,0.7552,0.75577,0.7552,0.75499,0.7552,0.75577,0.7552,0.75499,0.7552,0.75577,0.7552,0.75499,0.7552,0.75577,0.7552,0.75499,0.7552,0.75577,0.7552,0.75499,0.7552,0.75577,0.7552,0.75499,0.7552,0.75577,0.7552,0.75499,0.7552,0.75577,0.7552,0.75499,0.7552,0.75577,0.7552,0.75499,0.7552,0.75577,0.7552,0.75499,0.7552,0.75577,0.7552,0.75499,0.7552,0.75577,0.7552,0.75499,0.7552,0.75577,0.7552,0.75499,0.7552,0.75577,0.7552,0.75499,0.7552,0.75577,0.7552,0.75499,0.7552,0.75577,0.7552,0.75499,0.7552,0.75577,0.7552,0.75499,0.7552,0.75577,0.7552,0.75499,0.7552,0.75577,0.7552,0.75499,0.7552,0.75577,0.7552,0.75499,0.7552,0.75577,0.7552,0.75499,0.7552,0.75577,0.7552,0.75499,0.7552,0.75577,0.7552,0.75499,0.75606,0.75577,0.75343,0.76018,0.75032,0.75577,0.76588,0.73512,0.77534,0.75577,0.71328,0.85596,0.59001
0.29513,0.31786,0.2747,0.30486,0.29513,0.28996,0.30005,0.29252,0.29513,0.29612,0.29396,0.29546,0.29513,0.2949,0.29482,0.2949,0.29513,0.2949,0.29482,0.2949,0.29513,0.2949,0.29482,0.2949,0.29513,0.2949,0.29482,0.2949,0.29513,0.2949,0.29482,0.2949,0.29513,0.2949,0.29482,0.2949,0.29513,0.2949,0.29482,0.2949,0.29513,0.2949,0.29482,0.2949,0.29513,0.2949,0.29482,0.2949,0.29513,0.2949,0.29482,0.2949,0.29513,0.2949,0.29482,0.2949,0.29513,0.2949,0.29482,0.2949,0.29513,0.2949,0.29482,0.2949,0.29513,0.2949,0.29482,0.2949,0.29513,0.2949,0.29482,0.2949,0.29513,0.2949,0.29482,0.2949,0.29513,0.2949,0.29482,0.2949,0.29513,0.2949,0.29482,0.2949,0.29513,0.2949,0.29482,0.2949,0.29513,0.2949,0.29482,0.2949,0.29513,0.2949,0.29482,0.2949,0.29513,0.2949,0.29482,0.2949,0.29513,0.2949,0.29482,0.2949,0.29513,0.2949,0.29482,0.2949,0.29513,0.2949,0.29482,0.2949,0.29513,0.2949,0.29482,0.29434,0.29513,0.29607,0.2914,0.29812,0.29513,0.28787,0.30791,0.28164,0.29513,0.32252,0.22831,0.40372,0.79296,0.83109,0.75821,0.80917,0.79296,0.78403,0.80097,0.78834,0.79296,0.79442,0.79069,0.79331,0.79296,0.79236,0.79214,0.79236,0.79296,0.79236,0.79214,0.79236,0.79296,0.79236,0.79214,0.79236,0.79296,0.79236,0.79214,0.79236,0.79296,0.79236,0.79214,0.79236,0.79296,0.79236,0.79214,0.79236,0.79296,0.79236,0.79214,0.79236,0.79296,0.79236,0.79214,0.79236,0.79296,0.79236,0.79214,0.79236,0.79296,0.79236,0.79214,0.79236,0.79296,0.79236,0.79214,0.79236,0.79296,0.79236,0.79214,0.79236,0.79296,0.79236,0.79214,0.79236,0.79296,0.79236,0.79214,0.79236,0.79296,0.79236,0.79214,0.79236,0.79296,0.79236,0.79214,0.79236,0.79296,0.79236,0.79214,0.79236,0.79296,0.79236,0.79214,0.79236,0.79296,0.79236,0.79214,0.79236,0.79296,0.79236,0.79214,0.79236,0.79296,0.79236,0.79214,0.79236,0.79296,0.79236,0.79214,0.79236,0.79296,0.79236,0.79214,0.79236,0.79296,0.79236,0.79214,0.79236,0.79296,0.79236,0.79214,0.79236,0.79296,0.79236,0.79214,0.79326,0.79296,0.7905,0.79759,0.78724,0.79296,0.80357,0.77129,0.8135,0.79296,0.74837,0.89807,0.61904
0.76313,0.82191,0.71032,0.78831,0.76313,0.74977,0.77587,0.75639,0.76313,0.76571,0.76012,0.764,0.76313,0.76255,0.76234,0.76255,0.76313,0.76255,0.76234,0.76255,0.76313,0.76255,0.76234,0.76255,0.76313,0.76255,0.76234,0.76255,0.76313,0.76255,0.76234,0.76255,0.76313,0.76255,0.76234,0.76255,0.76313,0.76255,0.76234,0.76255,0.76313,0.76255,0.76234,0.76255,0.76313,0.76255,0.76234,0.76255,0.76313,0.76255,0.76234,0.76255,0.76313,0.76255,0.76234,0.76255,0.76313,0.76255,0.76234,0.76255,0.76313,0.76255,0.76234,0.76255,0.76313,0.76255,0.76234,0.76255,0.76313,0.76255,0.76234,0.76255,0.76313,0.76255,0.76234,0.76255,0.76313,0.76255,0.76234,0.76255,0.76313,0.76255,0.76234,0.76255,0.76313,0.76255,0.76234,0.76255,0.76313,0.76255,0.76234,0.76255,0.76313,0.76255,0.76234,0.76255,0.76313,0.76255,0.76234,0.76255,0.76313,0.76255,0.76234,0.76255,0.76313,0.76255,0.76234,0.76255,0.76313,0.76255,0.76234,0.76255,0.76313,0.76255,0.76234,0.76255,0.76313,0.76255,0.76234,0.76255,0.76313,0.76255,0.76234,0.76255,0.76313,0.76255,0.76234,0.76255,0.76313,0.76255,0.76234,0.76255,0.76313,0.76255,0.76234,0.76255,0.76313,0.76255,0.76234,0.76255,0.76313,0.76255,0.76234,0.76255,0.76313,0.76255,0.76234,0.76255,0.76313,0.76255,0.76234,0.76255,0.76313,0.76255,0.76234,0.76255,0.76313,0.76255,0.76234,0.76255,0.76313,0.76255,0.76234,0.76255,0.76313,0.76255,0.76234,0.76255,0.76313,0.76255,0.76234,0.76255,0.76313,0.76255,0.76234,0.76255,0.76313,0.76255,0.76234,0.76255,0.76313,0.76255,0.76234,0.76255,0.76313,0.76255,0.76234,0.76255,0.76313,0.76255,0.76234,0.76255,0.76313,0.76255,0.76234,0.76255,0.76313,0.76255,0.76234,0.76255,0.76313,0.76255,0.76234,0.76255,0.76313,0.76255,0.76234,0.76255,0.76313,0.76255,0.76234,0.76255,0.76313,0.76255,0.76234,0.76255,0.76313,0.76255,0.76234,0.76255,0.76313,0.76255,0.76234,0.76255,0.76313,0.76255,0.76234,0.76255,0.76313,0.76255,0.76234,0.76255,0.76313,0.76255,0.76234,0.76255,0.76313,0.76255,0.76234,0.76255,0.76313,0.76255,0.76234,0.76341,0.76313,0.76076,0.76758,0.75762,0.76313,0.77334,0.74228,0.78289,0.76313,0.72022,0.86429,0.59575
0.38886,0.41881,0.36195,0.40169,0.38886,0.38205,0.39535,0.38543,0.38886,0.39017,0.38732,0.3893,0.38886,0.38857,0.38846,0.38857,0.38886,0.38857,0.38846,0.38857,0.38886,0.38857,0.38846,0.38857,0.38886,0.38857,0.38846,0.38857,0.38886,0.38857,0.38846,0.38857,0.38886,0.38857,0.38846,0.38857,0.38886,0.38857,0.38846,0.38857,0.38886,0.38857,0.38846,0.38857,0.38886,0.38857,0.38846,0.38857,0.38886,0.38857,0.38846,0.38857,0.38886,0.38857,0.38846,0.38857,0.38886,0.38857,0.38846,0.38857,0.38886,0.38857,0.38846,0.38857,0.38886,0.38857,0.38846,0.38857,0.38886,0.38857,0.38846,0.38857,0.38886,0.38857,0.38846,0.38857,0.38886,0.38857,0.38846,0.38857,0.38886,0.38857,0.38846,0.38857,0.38886,0.38857,0.38846,0.38857,0.38886,0.38857,0.38846,0.38857,0.38886,0.38857,0.38846,0.38857,0.38886,0.38857,0.38846,0.38857,0.38886,0.38857,0.38846,0.38857,0.38886,0.38857,0.38846,0.38857,0.38886,0.38857,0.38846,0.38857,0.38886,0.38857,0.38846,0.38815,0.38886,0.38944,0.38591,0.39096,0.38886,0.38332,0.39821,0.37868,0.38886,0.40914,0.33892,0.46961,0.75966,0.78792,0.7336,0.7716,0.75966,0.75287,0.76545,0.75609,0.75966,0.76062,0.75779,0.75979,0.75966,0.75908,0.75887,0.75908,0.75966,0.75908,0.75887,0.75908,0.75966,0.75908,0.75887,0.75908,0.75966,0.75908,0.75887,0.75908,0.75966,0.75908,0.75887,0.75908,0.75966,0.75908,0.75887,0.75908,0.75966,0.75908,0.75887,0.75908,0.75966,0.75908,0.75887,0.75908,0.75966,0.75908,0.75887,0.75908,0.75966,0.75908,0.75887,0.75908,0.75966,0.75908,0.75887,0.75908,0.75966,0.75908,0.75887,0.75908,0.75966,0.75908,0.75887,0.75908,0.75966,0.75908,0.75887,0.75908,0.75966,0.75908,0.75887,0.75908,0.75966,0.75908,0.75887,0.75908,0.75966,0.75908,0.75887,0.75908,0.75966,0.75908,0.75887,0.75908,0.75966,0.75908,0.75887,0.75908,0.75966,0.75908,0.75887,0.75908,0.75966,0.75908,0.75887,0.75908,0.75966,0.75908,0.75887,0.75908,0.75966,0.75908,0.75887,0.75908,0.75966,0.75908,0.75887,0.75908,0.75966,0.75908,0.75887,0.75908,0.75966,0.75908,0.75887,0.75994,0.75966,0.7573,0.76409,0.75417,0.75966,0.76982,0.7389,0.77933,0.75966,0.71694,0.86035,0.59304
0.80687,0.86901,0.75103,0.83349,0.80687,0.79274,0.82034,0.79974,0.80687,0.80959,0.80368,0.80779,0.80687,0.80626,0.80603,0.80626,0.80687,0.80626,0.80603,0.80626,0.80687,0.80626,0.80603,0.80626,0.80687,0.80626,0.80603,0.80626,0.80687,0.80626,0.80603,0.80626,0.80687,0.80626,0.80603,0.80626,0.80687,0.80626,0.80603,0.80626,0.80687,0.80626,0.80603,0.80626,0.80687,0.80626,0.80603,0.80626,0.80687,0.80626,0.80603,0.80626,0.80687,0.80626,0.80603,0.80626,0.80687,0.80626,0.80603,0.80626,0.80687,0.80626,0.80603,0.80626,0.80687,0.80626,0.80603,0.80626,0.80687,0.80626,0.80603,0.80626,0.80687,0.80626,0.80603,0.80626,0.80687,0.80626,0.80603,0.80626,0.80687,0.80626,0.80603,0.80626,0.80687,0.80626,0.80603,0.80626,0.80687,0.80626,0.80603,0.80626,0.80687,0.80626,0.80603,0.80626,0.80687,0.80626,0.80603,0.80626,0.80687,0.80626,0.80603,0.80626,0.80687,0.80626,0.80603,0.80626,0.80687,0.80626,0.80603,0.80626,0.80687,0.80626,0.80603,0.80626,0.80687,0.80626,0.80603,0.80626,0.80687,0.80626,0.80603,0.80626,0.80687,0.80626,0.80603,0.80626,0.80687,0.80626,0.80603,0.80626,0.80687,0.80626,0.80603,0.80626,0.80687,0.80626,0.80603,0.80626,0.80687,0.80626,0.80603,0.80626,0.80687,0.80626,0.80603,0.80626,0.80687,0.80626,0.80603,0.80626,0.80687,0.80626,0.80603,0.80626,0.80687,0.80626,0.80603,0.80626,0.80687,0.80626,0.80603,0.80626,0.80687,0.80626,0.80603,0.80626,0.80687,0.80626,0.80603,0.80626,0.80687,0.80626,0.80603,0.80626,0.80687,0.80626,0.80603,0.80626,0.80687,0.80626,0.80603,0.80626,0.80687,0.80626,0.80603,0.80626,0.80687,0.80626,0.80603,0.80626,0.80687,0.80626,0.80603,0.80626,0.80687,0.80626,0.80603,0.80626,0.80687,0.80626,0.80603,0.80626,0.80687,0.80626,0.80603,0.80626,0.80687,0.80626,0.80603,0.80626,0.80687,0.80626,0.80603,0.80626,0.80687,0.80626,0.80603,0.80626,0.80687,0.80626,0.80603,0.80626,0.80687,0.80626,0.80603,0.80626,0.80687,0.80626,0.80603,0.80626,0.80687,0.80626,0.80603,0.80626,0.80687,0.80626,0.80603,0.80626,0.80687,0.80626,0.80603,0.80717,0.80687,0.80436,0.81158,0.80104,0.80687,0.81766,0.78482,0.82776,0.80687,0.76149,0.91382,0.6299
0.82792,0.89169,0.77063,0.85524,0.82792,0.81343,0.84174,0.82061,0.82792,0.83072,0.82465,0.82887,0.82792,0.82729,0.82706,0.82729,0.82792,0.82729,0.82706,0.82729,0.82792,0.82729,0.82706,0.82729,0.82792,0.82729,0.82706,0.82729,0.82792,0.82729,0.82706,0.82729,0.82792,0.82729,0.82706,0.82729,0.82792,0.82729,0.82706,0.82729,0.82792,0.82729,0.82706,0.82729,0.82792,0.82729,0.82706,0.82729,0.82792,0.82729,0.82706,0.82729,0.82792,0.82729,0.82706,0.82729,0.82792,0.82729,0.82706,0.82729,0.82792,0.82729,0.82706,0.82729,0.82792,0.82729,0.82706,0.82729,0.82792,0.82729,0.82706,0.82729,0.82792,0.82729,0.82706,0.82729,0.82792,0.82729,0.82706,0.82729,0.82792,0.82729,0.82706,0.82729,0.82792,0.82729,0.82706,0.82729,0.82792,0.82729,0.82706,0.82729,0.82792,0.82729,0.82706,0.82729,0.82792,0.82729,0.82706,0.82729,0.82792,0.82729,0.82706,0.82729,0.82792,0.82729,0.82706,0.82729,0.82792,0.82729,0.82706,0.82729,0.82792,0.82729,0.82706,0.82729,0.82792,0.82729,0.82706,0.82729,0.82792,0.82729,0.82706,0.82729,0.82792,0.82729,0.82706,0.82729,0.82792,0.82729,0.82706,0.82729,0.82792,0.82729,0.82706,0.82729,0.82792,0.82729,0.82706,0.82729,0.82792,0.82729,0.82706,0.82729,0.82792,0.82729,0.82706,0.82729,0.82792,0.82729,0.82706,0.82729,0.82792,0.82729,0.82706,0.82729,0.82792,0.82729,0.82706,0.82729,0.82792,0.82729,0.82706,0.82729,0.82792,0.82729,0.82706,0.82729,0.82792,0.82729,0.82706,0.82729,0.82792,0.82729,0.82706,0.82729,0.82792,0.82729,0.82706,0.82729,0.82792,0.82729,0.82706,0.82729,0.82792,0.82729,0.82706,0.82729,0.82792,0.82729,0.82706,0.82729,0.82792,0.82729,0.82706,0.82729,0.82792,0.82729,0.82706,0.82729,0.82792,0.82729,0.82706,0.82729,0.82792,0.82729,0.82706,0.82729,0.82792,0.82729,0.82706,0.82729,0.82792,0.82729,0.82706,0.82729,0.82792,0.82729,0.82706,0.82729,0.82792,0.82729,0.82706,0.82729,0.82792,0.82729,0.82706,0.82729,0.82792,0.82729,0.82706,0.82729,0.82792,0.82729,0.82706,0.82729,0.82792,0.82729,0.82706,0.82729,0.82792,0.82729,0.82706,0.82823,0.82792,0.82535,0.83275,0.82194,0.82792,0.83899,0.8053,0.84936,0.82792,0.78136,0.93766,0.64633
0.50306,0.54181,0.46825,0.51966,0.50306,0.49426,0.51146,0.49862,0.50306,0.50476,0.50107,0.50364,0.50306,0.50268,0.50254,0.50268,0.50306,0.50268,0.50254,0.50268,0.50306,0.50268,0.50254,0.50268,0.50306,0.50268,0.50254,0.50268,0.50306,0.50268,0.50254,0.50268,0.50306,0.50268,0.50254,0.50268,0.50306,0.50268,0.50254,0.50268,0.50306,0.50268,0.50254,0.50268,0.50306,0.50268,0.50254,0.50268,0.50306,0.50268,0.50254,0.50268,0.50306,0.50268,0.50254,0.50268,0.50306,0.50268,0.50254,0.50268,0.50306,0.50268,0.50254,0.50268,0.50306,0.50268,0.50254,0.50268,0.50306,0.50268,0.50254,0.50268,0.50306,0.50268,0.50254,0.50268,0.50306,0.50268,0.50254,0.50268,0.50306,0.50268,0.50254,0.50268,0.50306,0.50268,0.50254,0.50268,0.50306,0.50268,0.50254,0.50268,0.50306,0.50268,0.50254,0.50268,0.50306,0.50268,0.50254,0.50268,0.50306,0.50268,0.50254,0.50268,0.50306,0.50268,0.50254,0.50268,0.50306,0.50268,0.50254,0.50268,0.50306,0.50268,0.50254,0.50235,0.50306,0.50337,0.50053,0.50457,0.50306,0.49854,0.51024,0.49488,0.50306,0.51892,0.46343,0.56668,0.79585,0.81803,0.77507,0.80513,0.79585,0.79035,0.80022,0.79289,0.79585,0.79646,0.79418,0.79581,0.79585,0.79525,0.79503,0.79525,0.79585,0.79525,0.79503,0.79525,0.79585,0.79525,0.79503,0.79525,0.79585,0.79525,0.79503,0.79525,0.79585,0.79525,0.79503,0.79525,0.79585,0.79525,0.79503,0.79525,0.79585,0.79525,0.79503,0.79525,0.79585,0.79525,0.79503,0.79525,0.79585,0.79525,0.79503,0.79525,0.79585,0.79525,0.79503,0.79525,0.79585,0.79525,0.79503,0.79525,0.79585,0.79525,0.79503,0.79525,0.79585,0.79525,0.79503,0.79525,0.79585,0.79525,0.79503,0.79525,0.79585,0.79525,0.79503,0.79525,0.79585,0.79525,0.79503,0.79525,0.79585,0.79525,0.79503,0.79525,0.79585,0.79525,0.79503,0.79525,0.79585,0.79525,0.79503,0.79525,0.79585,0.79525,0.79503,0.79525,0.79585,0.79525,0.79503,0.79525,0.79585,0.79525,0.79503,0.79525,0.79585,0.79525,0.79503,0.79525,0.79585,0.79525,0.79503,0.79525,0.79585,0.79525,0.79503,0.79525,0.79585,0.79525,0.79503,0.79615,0.79585,0.79338,0.8005,0.79011,0.79585,0.8065,0.77411,0.81646,0.79585,0.7511,0.90135,0.6213
0.71607,0.77122,0.66651,0.73969,0.71607,0.70353,0.72802,0.70974,0.71607,0.71848,0.71324,0.71689,0.71607,0.71552,0.71532,0.71552,0.71607,0.71552,0.71532,0.71552,0.71607,0.71552,0.71532,0.71552,0.71607,0.71552,0.71532,0.71552,0.71607,0.71552,0.71532,0.71552,0.71607,0.71552,0.71532,0.71552,0.71607,0.71552,0.71532,0.71552,0.71607,0.71552,0.71532,0.71552,0.71607,0.71552,0.71532,0.71552,0.71607,0.71552,0.71532,0.71552,0.71607,0.71552,0.71532,0.71552,0.71607,0.71552,0.71532,0.71552,0.71607,0.71552,0.71532,0.71552,0.71607,0.71552,0.71532,0.71552,0.71607,0.71552,0.71532,0.71552,0.71607,0.71552,0.71532,0.71552,0.71607,0.71552,0.71532,0.71552,0.71607,0.71552,0.71532,0.71552,0.71607,0.71552,0.71532,0.71552,0.71607,0.71552,0.71532,0.71552,0.71607,0.71552,0.71532,0.71552,0.71607,0.71552,0.71532,0.71552,0.71607,0.71552,0.71532,0.71552,0.71607,0.71552,0.71532,0.71552,0.71607,0.71552,0.71532,0.71552,0.71607,0.71552,0.71532,0.71552,0.71607,0.71552,0.71532,0.71552,0.71607,0.71552,0.71532,0.71552,0.71607,0.71552,0.71532,0.71552,0.71607,0.71552,0.71532,0.71552,0.71607,0.71552,0.71532,0.71552,0.71607,0.71552,0.71532,0.71552,0.71607,0.71552,0.71532,0.71552,0.71607,0.71552,0.71532,0.71552,0.71607,0.71552,0.71532,0.71552,0.71607,0.71552,0.71532,0.71552,0.71607,0.71552,0.71532,0.71552,0.71607,0.71552,0.71532,0.71552,0.71607,0.71552,0.71532,0.71552,0.71607,0.71552,0.71532,0.71552,0.71607,0.71552,0.71532,0.71552,0.71607,0.71552,0.71532,0.71552,0.71607,0.71552,0.71532,0.71552,0.71607,0.71552,0.71532,0.71552,0.71607,0.71552,0.71532,0.71552,0.71607,0.71552,0.71532,0.71552,0.71607,0.71552,0.71532,0.71552,0.71607,0.71552,0.71532,0.71552,0.71607,0.71552,0.71532,0.71552,0.71607,0.71552,0.71532,0.71552,0.71607,0.71552,0.71532,0.71552,0.71607,0.71552,0.71532,0.71552,0.71607,0.71552,0.71532,0.71552,0.71607,0.71552,0.71532,0.71552,0.71607,0.71552,0.71532,0.71552,0.71607,0.71552,0.71532,0.71552,0.71607,0.71552,0.71532,0.71552,0.71607,0.71552,0.71532,0.71633,0.71607,0.71384,0.72024,0.7109,0.71607,0.72564,0.6965,0.73461,0.71607,0.6758,0.81098,0.55901
0.79596,0.85727,0.74088,0.82222,0.79596,0.78203,0.80925,0.78893,0.79596,0.79865,0.79282,0.79687,0.79596,0.79536,0.79513,0.79536,0.79596,0.79536,0.79513,0.79536,0.79596,0.79536,0.79513,0.79536,0.79596,0.79536,0.79513,0.79536,0.79596,0.79536,0.79513,0.79536,0.79596,0.79536,0.79513,0.79536,0.79596,0.79536,0.79513,0.79536,0.79596,0.79536,0.79513,0.79536,0.79596,0.79536,0.79513,0.79536,0.79596,0.79536,0.79513,0.79536,0.79596,0.79536,0.79513,0.79536,0.79596,0.79536,0.79513,0.79536,0.79596,0.79536,0.79513,0.79536,0.79596,0.79536,0.79513,0.79536,0.79596,0.79536,0.79513,0.79536,0.79596,0.79536,0.79513,0.79536,0.79596,0.79536,0.79513,0.79536,0.79596,0.79536,0.79513,0.79536,0.79596,0.79536,0.79513,0.79536,0.79596,0.79536,0.79513,0.79536,0.79596,0.79536,0.79513,0.79536,0.79596,0.79536,0.79513,0.79536,0.79596,0.79536,0.79513,0.79536,0.79596,0.79536,0.79513,0.79536,0.79596,0.79536,0.79513,0.79536,0.79596,0.79536,0.79513,0.79581,0.79596,0.79442,0.79788,0.79277,0.79596,0.80101,0.78462,0.80602,0.79596,0.77317,0.84856,0.70794,0.39601,0.3646,0.42286,0.38221,0.39601,0.40241,0.38851,0.39894,0.39601,0.39406,0.39676,0.39495,0.39601,0.39571,0.3956,0.39571,0.39601,0.39571,0.3956,0.39571,0.39601,0.39571,0.3956,0.39571,0.39601,0.39571,0.3956,0.39571,0.39601,0.39571,0.3956,0.39571,0.39601,0.39571,0.3956,0.39571,0.39601,0.39571,0.3956,0.39571,0.39601,0.39571,0.3956,0.39571,0.39601,0.39571,0.3956,0.39571,0.39601,0.39571,0.3956,0.39571,0.39601,0.39571,0.3956,0.39571,0.39601,0.39571,0.3956,0.39571,0.39601,0.39571,0.3956,0.39571,0.39601,0.39571,0.3956,0.39571,0.39601,0.39571,0.3956,0.39571,0.39601,0.39571,0.3956,0.39571,0.39601,0.39571,0.3956,0.39571,0.39601,0.39571,0.3956,0.39571,0.39601,0.39571,0.3956,0.39571,0.39601,0.39571,0.3956,0.39571,0.39601,0.39571,0.3956,0.39571,0.39601,0.39571,0.3956,0.39571,0.39601,0.39571,0.3956,0.39571,0.39601,0.39571,0.3956,0.39571,0.39601,0.39571,0.3956,0.39571,0.39601,0.39571,0.3956,0.39616,0.39601,0.39478,0.39832,0.39315,0.39601,0.40131,0.38519,0.40626,0.39601,0.37374,0.4485,0.30915
0.61296,0.66017,0.57054,0.63318,0.61296,0.60223,0.6232,0.60755,0.61296,0.61503,0.61054,0.61366,0.61296,0.6125,0.61233,0.6125,0.61296,0.6125,0.61233,0.6125,0.61296,0.6125,0.61233,0.6125,0.61296,0.6125,0.61233,0.6125,0.61296,0.6125,0.61233,0.6125,0.61296,0.6125,0.61233,0.6125,0.61296,0.6125,0.61233,0.6125,0.61296,0.6125,0.61233,0.6125,0.61296,0.6125,0.61233,0.6125,0.61296,0.6125,0.61233,0.6125,0.61296,0.6125,0.61233,0.6125,0.61296,0.6125,0.61233,0.6125,0.61296,0.6125,0.61233,0.6125,0.61296,0.6125,0.61233,0.6125,0.61296,0.6125,0.61233,0.6125,0.61296,0.6125,0.61233,0.6125,0.61296,0.6125,0.61233,0.6125,0.61296,0.6125,0.61233,0.6125,0.61296,0.6125,0.61233,0.6125,0.61296,0.6125,0.61233,0.6125,0.61296,0.6125,0.61233,0.6125,0.61296,0.6125,0.61233,0.6125,0.61296,0.6125,0.61233,0.6125,0.61296,0.6125,0.61233,0.6125,0.61296,0.6125,0.61233,0.6125,0.61296,0.6125,0.61233,0.61235,0.61296,0.6128,0.61144,0.61333,0.61296,0.61068,0.61572,0.60906,0.61296,0.61965,0.5951,0.64068,0.74191,0.75138,0.73235,0.7457,0.74191,0.73919,0.74343,0.74031,0.74191,0.74188,0.74076,0.74159,0.74191,0.74135,0.74114,0.74135,0.74191,0.74135,0.74114,0.74135,0.74191,0.74135,0.74114,0.74135,0.74191,0.74135,0.74114,0.74135,0.74191,0.74135,0.74114,0.74135,0.74191,0.74135,0.74114,0.74135,0.74191,0.74135,0.74114,0.74135,0.74191,0.74135,0.74114,0.74135,0.74191,0.74135,0.74114,0.74135,0.74191,0.74135,0.74114,0.74135,0.74191,0.74135,0.74114,0.74135,0.74191,0.74135,0.74114,0.74135,0.74191,0.74135,0.74114,0.74135,0.74191,0.74135,0.74114,0.74135,0.74191,0.74135,0.74114,0.74135,0.74191,0.74135,0.74114,0.74135,0.74191,0.74135,0.74114,0.74135,0.74191,0.74135,0.74114,0.74135,0.74191,0.74135,0.74114,0.74135,0.74191,0.74135,0.74114,0.74135,0.74191,0.74135,0.74114,0.74135,0.74191,0.74135,0.74114,0.74135,0.74191,0.74135,0.74114,0.74135,0.74191,0.74135,0.74114,0.74135,0.74191,0.74135,0.74114,0.74135,0.74191,0.74135,0.74114,0.74219,0.74191,0.7396,0.74624,0.73655,0.74191,0.75183,0.72163,0.76112,0.74191,0.70019,0.84025,0.57918
0.15078,0.1624,0.14035,0.15576,0.15078,0.14814,0.1533,0.14945,0.15078,0.15129,0.15019,0.15095,0.15078,0.15067,0.15063,0.15067,0.15078,0.15067,0.15063,0.15067,0.15078,0.15067,0.15063,0.15067,0.15078,0.15067,0.15063,0.15067,0.15078,0.15067,0.15063,0.15067,0.15078,0.15067,0.15063,0.15067,0.15078,0.15067,0.15063,0.15067,0.15078,0.15067,0.15063,0.15067,0.15078,0.15067,0.15063,0.15067,0.15078,0.15067,0.15063,0.15067,0.15078,0.15067,0.15063,0.15067,0.15078,0.15067,0.15063,0.15067,0.15078,0.15067,0.15063,0.15067,0.15078,0.15067,0.15063,0.15067,0.15078,0.15067,0.15063,0.15067,0.15078,0.15067,0.15063,0.15067,0.15078,0.15067,0.15063,0.15067,0.15078,0.15067,0.15063,0.15067,0.15078,0.15067,0.15063,0.15067,0.15078,0.15067,0.15063,0.15067,0.15078,0.15067,0.15063,0.15067,0.15078,0.15067,0.15063,0.15067,0.15078,0.15067,0.15063,0.15067,0.15078,0.15067,0.15063,0.15067,0.15078,0.15067,0.15063,0.15067,0.15078,0.15067,0.15063,0.14987,0.15078,0.15232,0.1458,0.15521,0.15078,0.14075,0.16908,0.13196,0.15078,0.18961,0.056844,0.30411,0.85279,0.90674,0.80405,0.87584,0.85279,0.84039,0.86435,0.84648,0.85279,0.85505,0.84986,0.85348,0.85279,0.85214,0.85191,0.85214,0.85279,0.85214,0.85191,0.85214,0.85279,0.85214,0.85191,0.85214,0.85279,0.85214,0.85191,0.85214,0.85279,0.85214,0.85191,0.85214,0.85279,0.85214,0.85191,0.85214,0.85279,0.85214,0.85191,0.85214,0.85279,0.85214,0.85191,0.85214,0.85279,0.85214,0.85191,0.85214,0.85279,0.85214,0.85191,0.85214,0.85279,0.85214,0.85191,0.85214,0.85279,0.85214,0.85191,0.85214,0.85279,0.85214,0.85191,0.85214,0.85279,0.85214,0.85191,0.85214,0.85279,0.85214,0.85191,0.85214,0.85279,0.85214,0.85191,0.85214,0.85279,0.85214,0.85191,0.85214,0.85279,0.85214,0.85191,0.85214,0.85279,0.85214,0.85191,0.85214,0.85279,0.85214,0.85191,0.85214,0.85279,0.85214,0.85191,0.85214,0.85279,0.85214,0.85191,0.85214,0.85279,0.85214,0.85191,0.85214,0.85279,0.85214,0.85191,0.85214,0.85279,0.85214,0.85191,0.85214,0.85279,0.85214,0.85191,0.85311,0.85279,0.85014,0.85776,0.84663,0.85279,0.8642,0.82948,0.87487,0.85279,0.80483,0.96583,0.66575
0.52209,0.5623,0.48596,0.53931,0.52209,0.51295,0.5308,0.51748,0.52209,0.52385,0.52002,0.52268,0.52209,0.52169,0.52154,0.52169,0.52209,0.52169,0.52154,0.52169,0.52209,0.52169,0.52154,0.52169,0.52209,0.52169,0.52154,0.52169,0.52209,0.52169,0.52154,0.52169,0.52209,0.52169,0.52154,0.52169,0.52209,0.52169,0.52154,0.52169,0.52209,0.52169,0.52154,0.52169,0.52209,0.52169,0.52154,0.52169,0.52209,0.52169,0.52154,0.52169,0.52209,0.52169,0.52154,0.52169,0.52209,0.52169,0.52154,0.52169,0.52209,0.52169,0.52154,0.52169,0.52209,0.52169,0.52154,0.52169,0.52209,0.52169,0.52154,0.52169,0.52209,0.52169,0.52154,0.52169,0.52209,0.52169,0.52154,0.52169,0.52209,0.52169,0.52154,0.52169,0.52209,0.52169,0.52154,0.52169,0.52209,0.52169,0.52154,0.52169,0.52209,0.52169,0.52154,0.52169,0.52209,0.52169,0.52154,0.52169,0.52209,0.52169,0.52154,0.52169,0.52209,0.52169,0.52154,0.52169,0.52209,0.52169,0.52154,0.52169,0.52209,0.52169,0.52154,0.52134,0.52209,0.52242,0.5194,0.52371,0.52209,0.51728,0.52975,0.51337,0.52209,0.539,0.47986,0.5899,0.83414,0.85778,0.81201,0.84404,0.83414,0.82829,0.83881,0.83099,0.83414,0.8348,0.83237,0.8341,0.83414,0.83351,0.83328,0.83351,0.83414,0.83351,0.83328,0.83351,0.83414,0.83351,0.83328,0.83351,0.83414,0.83351,0.83328,0.83351,0.83414,0.83351,0.83328,0.83351,0.83414,0.83351,0.83328,0.83351,0.83414,0.83351,0.83328,0.83351,0.83414,0.83351,0.83328,0.83351,0.83414,0.83351,0.83328,0.83351,0.83414,0.83351,0.83328,0.83351,0.83414,0.83351,0.83328,0.83351,0.83414,0.83351,0.83328,0.83351,0.83414,0.83351,0.83328,0.83351,0.83414,0.83351,0.83328,0.83351,0.83414,0.83351,0.83328,0.83351,0.83414,0.83351,0.83328,0.83351,0.83414,0.83351,0.83328,0.83351,0.83414,0.83351,0.83328,0.83351,0.83414,0.83351,0.83328,0.83351,0.83414,0.83351,0.83328,0.83351,0.83414,0.83351,0.83328,0.83351,0.83414,0.83351,0.83328,0.83351,0.83414,0.83351,0.83328,0.83351,0.83414,0.83351,0.83328,0.83351,0.83414,0.83351,0.83328,0.83351,0.83414,0.83351,0.83328,0.83445,0.83414,0.83155,0.83901,0.82812,0.83414,0.8453,0.81135,0.85574,0.83414,0.78724,0.94471,0.65119
0.78574,0.84626,0.73137,0.81167,0.78574,0.77199,0.79886,0.77881,0.78574,0.7884,0.78264,0.78664,0.78574,0.78515,0.78493,0.78515,0.78574,0.78515,0.78493,0.78515,0.78574,0.78515,0.78493,0.78515,0.78574,0.78515,0.78493,0.78515,0.78574,0.78515,0.78493,0.78515,0.78574,0.78515,0.78493,0.78515,0.78574,0.78515,0.78493,0.78515,0.78574,0.78515,0.78493,0.78515,0.78574,0.78515,0.78493,0.78515,0.78574,0.78515,0.78493,0.78515,0.78574,0.78515,0.78493,0.78515,0.78574,0.78515,0.78493,0.78515,0.78574,0.78515,0.78493,0.78515,0.78574,0.78515,0.78493,0.78515,0.78574,0.78515,0.78493,0.78515,0.78574,0.78515,0.78493,0.78515,0.78574,0.78515,0.78493,0.78515,0.78574,0.78515,0.78493,0.78515,0.78574,0.78515,0.78493,0.78515,0.78574,0.78515,0.78493,0.78515,0.78574,0.78515,0.78493,0.78515,0.78574,0.78515,0.78493,0.78515,0.78574,0.78515,0.78493,0.78515,0.78574,0.78515,0.78493,0.78515,0.78574,0.78515,0.78493,0.78515,0.78574,0.78515,0.78493,0.78566,0.78574,0.7841,0.788,0.78226,0.78574,0.79146,0.77319,0.79706,0.78574,0.76037,0.84461,0.68751,0.33902,0.30402,0.36912,0.32369,0.33902,0.34625,0.33075,0.34237,0.33902,0.33692,0.33997,0.33792,0.33902,0.33877,0.33867,0.33877,0.33902,0.33877,0.33867,0.33877,0.33902,0.33877,0.33867,0.33877,0.33902,0.33877,0.33867,0.33877,0.33902,0.33877,0.33867,0.33877,0.33902,0.33877,0.33867,0.33877,0.33902,0.33877,0.33867,0.33877,0.33902,0.33877,0.33867,0.33877,0.33902,0.33877,0.33867,0.33877,0.33902,0.33877,0.33867,0.33877,0.33902,0.33877,0.33867,0.33877,0.33902,0.33877,0.33867,0.33877,0.33902,0.33877,0.33867,0.33877,0.33902,0.33877,0.33867,0.33877,0.33902,0.33877,0.33867,0.33877,0.33902,0.33877,0.33867,0.33877,0.33902,0.33877,0.33867,0.33877,0.33902,0.33877,0.33867,0.33877,0.33902,0.33877,0.33867,0.33877,0.33902,0.33877,0.33867,0.33877,0.33902,0.33877,0.33867,0.33877,0.33902,0.33877,0.33867,0.33877,0.33902,0.33877,0.33867,0.33877,0.33902,0.33877,0.33867,0.33877,0.33902,0.33877,0.33867,0.33877,0.33902,0.33877,0.33867,0.33915,0.33902,0.33797,0.341,0.33658,0.33902,0.34356,0.32976,0.3478,0.33902,0.31996,0.38396,0.26467
0.83732,0.90181,0.77937,0.86494,0.83732,0.82266,0.8513,0.82992,0.83732,0.84015,0.83401,0.83828,0.83732,0.83668,0.83645,0.83668,0.83732,0.83668,0.83645,0.83668,0.83732,0.83668,0.83645,0.83668,0.83732,0.83668,0.83645,0.83668,0.83732,0.83668,0.83645,0.83668,0.83732,0.83668,0.83645,0.83668,0.83732,0.83668,0.83645,0.83668,0.83732,0.83668,0.83645,0.83668,0.83732,0.83668,0.83645,0.83668,0.83732,0.83668,0.83645,0.83668,0.83732,0.83668,0.83645,0.83668,0.83732,0.83668,0.83645,0.83668,0.83732,0.83668,0.83645,0.83668,0.83732,0.83668,0.83645,0.83668,0.83732,0.83668,0.83645,0.83668,0.83732,0.83668,0.83645,0.83668,0.83732,0.83668,0.83645,0.83668,0.83732,0.83668,0.83645,0.83668,0.83732,0.83668,0.83645,0.83668,0.83732,0.83668,0.83645,0.83668,0.83732,0.83668,0.83645,0.83668,0.83732,0.83668,0.83645,0.83668,0.83732,0.83668,0.83645,0.83668,0.83732,0.83668,0.83645,0.83668,0.83732,0.83668,0.83645,0.83668,0.83732,0.83668,0.83645,0.83718,0.83732,0.83565,0.83946,0.83385,0.83732,0.84288,0.82493,0.84837,0.83732,0.81237,0.89501,0.74087,0.39895,0.36455,0.42842,0.38386,0.39895,0.40599,0.39077,0.40219,0.39895,0.39684,0.39982,0.39782,0.39895,0.39865,0.39854,0.39865,0.39895,0.39865,0.39854,0.39865,0.39895,0.39865,0.39854,0.39865,0.39895,0.39865,0.39854,0.39865,0.39895,0.39865,0.39854,0.39865,0.39895,0.39865,0.39854,0.39865,0.39895,0.39865,0.39854,0.39865,0.39895,0.39865,0.39854,0.39865,0.39895,0.39865,0.39854,0.39865,0.39895,0.39865,0.39854,0.39865,0.39895,0.39865,0.39854,0.39865,0.39895,0.39865,0.39854,0.39865,0.39895,0.39865,0.39854,0.39865,0.39895,0.39865,0.39854,0.39865,0.39895,0.39865,0.39854,0.39865,0.39895,0.39865,0.39854,0.39865,0.39895,0.39865,0.39854,0.39865,0.39895,0.39865,0.39854,0.39865,0.39895,0.39865,0.39854,0.39865,0.39895,0.39865,0.39854,0.39865,0.39895,0.39865,0.39854,0.39865,0.39895,0.39865,0.39854,0.39865,0.39895,0.39865,0.39854,0.39865,0.39895,0.39865,0.39854,0.39865,0.39895,0.39865,0.39854,0.39865,0.39895,0.39865,0.39854,0.3991,0.39895,0.39771,0.40128,0.39607,0.39895,0.40429,0.38805,0.40928,0.39895,0.37652,0.45183,0.31145
0.64348,0.69304,0.59895,0.66471,0.64348,0.63222,0.65422,0.6378,0.64348,0.64565,0.64094,0.64421,0.64348,0.64299,0.64281,0.64299,0.64348,0.64299,0.64281,0.64299,0.64348,0.64299,0.64281,0.64299,0.64348,0.64299,0.64281,0.64299,0.64348,0.64299,0.64281,0.64299,0.64348,0.64299,0.64281,0.64299,0.64348,0.64299,0.64281,0.64299,0.64348,0.64299,0.64281,0.64299,0.64348,0.64299,0.64281,0.64299,0.64348,0.64299,0.64281,0.64299,0.64348,0.64299,0.64281,0.64299,0.64348,0.64299,0.64281,0.64299,0.64348,0.64299,0.64281,0.64299,0.64348,0.64299,0.64281,0.64299,0.64348,0.64299,0.64281,0.64299,0.64348,0.64299,0.64281,0.64299,0.64348,0.64299,0.64281,0.64299,0.64348,0.64299,0.64281,0.64299,0.64348,0.64299,0.64281,0.64299,0.64348,0.64299,0.64281,0.64299,0.64348,0.64299,0.64281,0.64299,0.64348,0.64299,0.64281,0.64299,0.64348,0.64299,0.64281,0.64299,0.64348,0.64299,0.64281,0.64299,0.64348,0.64299,0.64281,0.64299,0.64348,0.64299,0.64281,0.64279,0.64348,0.6434,0.64161,0.64412,0.64348,0.64052,0.64741,0.63833,0.64348,0.65269,0.61946,0.6812,0.8183,0.83128,0.80554,0.82358,0.8183,0.81475,0.82055,0.81627,0.8183,0.8184,0.81694,0.81801,0.8183,0.81768,0.81745,0.81768,0.8183,0.81768,0.81745,0.81768,0.8183,0.81768,0.81745,0.81768,0.8183,0.81768,0.81745,0.81768,0.8183,0.81768,0.81745,0.81768,0.8183,0.81768,0.81745,0.81768,0.8183,0.81768,0.81745,0.81768,0.8183,0.81768,0.81745,0.81768,0.8183,0.81768,0.81745,0.81768,0.8183,0.81768,0.81745,0.81768,0.8183,0.81768,0.81745,0.81768,0.8183,0.81768,0.81745,0.81768,0.8183,0.81768,0.81745,0.81768,0.8183,0.81768,0.81745,0.81768,0.8183,0.81768,0.81745,0.81768,0.8183,0.81768,0.81745,0.81768,0.8183,0.81768,0.81745,0.81768,0.8183,0.81768,0.81745,0.81768,0.8183,0.81768,0.81745,0.81768,0.8183,0.81768,0.81745,0.81768,0.8183,0.81768,0.81745,0.81768,0.8183,0.81768,0.81745,0.81768,0.8183,0.81768,0.81745,0.81768,0.8183,0.81768,0.81745,0.81768,0.8183,0.81768,0.81745,0.81768,0.8183,0.81768,0.81745,0.81861,0.8183,0.81576,0.82307,0.81239,0.8183,0.82925,0.79594,0.83949,0.8183,0.77228,0.92677,0.63882
0.77577,0.83552,0.72208,0.80136,0.77577,0.76219,0.78872,0.76892,0.77577,0.77839,0.7727,0.77666,0.77577,0.77518,0.77497,0.77518,0.77577,0.77518,0.77497,0.77518,0.77577,0.77518,0.77497,0.77518,0.77577,0.77518,0.77497,0.77518,0.77577,0.77518,0.77497,0.77518,0.77577,0.77518,0.77497,0.77518,0.77577,0.77518,0.77497,0.77518,0.77577,0.77518,0.77497,0.77518,0.77577,0.77518,0.77497,0.77518,0.77577,0.77518,0.77497,0.77518,0.77577,0.77518,0.77497,0.77518,0.77577,0.77518,0.77497,0.77518,0.77577,0.77518,0.77497,0.77518,0.77577,0.77518,0.77497,0.77518,0.77577,0.77518,0.77497,0.77518,0.77577,0.77518,0.77497,0.77518,0.77577,0.77518,0.77497,0.77518,0.77577,0.77518,0.77497,0.77518,0.77577,0.77518,0.77497,0.77518,0.77577,0.77518,0.77497,0.77518,0.77577,0.77518,0.77497,0.77518,0.77577,0.77518,0.77497,0.77518,0.77577,0.77518,0.77497,0.77518,0.77577,0.77518,0.77497,0.77518,0.77577,0.77518,0.77497,0.77518,0.77577,0.77518,0.77497,0.77518,0.77577,0.77518,0.77497,0.77518,0.77577,0.77518,0.77497,0.77518,0.77577,0.77518,0.77497,0.77518,0.77577,0.77518,0.77497,0.77518,0.77577,0.77518,0.77497,0.77518,0.77577,0.77518,0.77497,0.77518,0.77577,0.77518,0.77497,0.77518,0.77577,0.77518,0.77497,0.77518,0.77577,0.77518,0.77497,0.77518,0.77577,0.77518,0.77497,0.77518,0.77577,0.77518,0.77497,0.77518,0.77577,0.77518,0.77497,0.77518,0.77577,0.77518,0.77497,0.77518,0.77577,0.77518,0.77497,0.77518,0.77577,0.77518,0.77497,0.77518,0.77577,0.77518,0.77497,0.77518,0.77577,0.77518,0.77497,0.77518,0.77577,0.77518,0.77497,0.77518,0.77577,0.77518,0.77497,0.77518,0.77577,0.77518,0.77497,0.77518,0.77577,0.77518,0.77497,0.77518,0.77577,0.77518,0.77497,0.77518,0.77577,0.77518,0.77497,0.77518,0.77577,0.77518,0.77497,0.77518,0.77577,0.77518,0.77497,0.77518,0.77577,0.77518,0.77497,0.77518,0.77577,0.77518,0.77497,0.77518,0.77577,0.77518,0.77497,0.77518,0.77577,0.77518,0.77497,0.77518,0.77577,0.77518,0.77497,0.77518,0.77577,0.77518,0.77497,0.77518,0.77577,0.77518,0.77497,0.77606,0.77577,0.77336,0.7803,0.77017,0.77577,0.78615,0.75457,0.79586,0.77577,0.73215,0.8786,0.60562
0.82587,0.88949,0.76872,0.85312,0.82587,0.81142,0.83966,0.81858,0.82587,0.82866,0.82261,0.82682,0.82587,0.82525,0.82502,0.82525,0.82587,0.82525,0.82502,0.82525,0.82587,0.82525,0.82502,0.82525,0.82587,0.82525,0.82502,0.82525,0.82587,0.82525,0.82502,0.82525,0.82587,0.82525,0.82502,0.82525,0.82587,0.82525,0.82502,0.82525,0.82587,0.82525,0.82502,0.82525,0.82587,0.82525,0.82502,0.82525,0.82587,0.82525,0.82502,0.82525,0.82587,0.82525,0.82502,0.82525,0.82587,0.82525,0.82502,0.82525,0.82587,0.82525,0.82502,0.82525,0.82587,0.82525,0.82502,0.82525,0.82587,0.82525,0.82502,0.82525,0.82587,0.82525,0.82502,0.82525,0.82587,0.82525,0.82502,0.82525,0.82587,0.82525,0.82502,0.82525,0.82587,0.82525,0.82502,0.82525,0.82587,0.82525,0.82502,0.82525,0.82587,0.82525,0.82502,0.82525,0.82587,0.82525,0.82502,0.82525,0.82587,0.82525,0.82502,0.82525,0.82587,0.82525,0.82502,0.82525,0.82587,0.82525,0.82502,0.82525,0.82587,0.82525,0.82502,0.82583,0.82587,0.82405,0.82853,0.82194,0.82587,0.83248,0.81157,0.83888,0.82587,0.79687,0.89337,0.71342,0.31424,0.27421,0.34879,0.29674,0.31424,0.32257,0.30485,0.31814,0.31424,0.31189,0.31541,0.31303,0.31424,0.31401,0.31392,0.31401,0.31424,0.31401,0.31392,0.31401,0.31424,0.31401,0.31392,0.31401,0.31424,0.31401,0.31392,0.31401,0.31424,0.31401,0.31392,0.31401,0.31424,0.31401,0.31392,0.31401,0.31424,0.31401,0.31392,0.31401,0.31424,0.31401,0.31392,0.31401,0.31424,0.31401,0.31392,0.31401,0.31424,0.31401,0.31392,0.31401,0.31424,0.31401,0.31392,0.31401,0.31424,0.31401,0.31392,0.31401,0.31424,0.31401,0.31392,0.31401,0.31424,0.31401,0.31392,0.31401,0.31424,0.31401,0.31392,0.31401,0.31424,0.31401,0.31392,0.31401,0.31424,0.31401,0.31392,0.31401,0.31424,0.31401,0.31392,0.31401,0.31424,0.31401,0.31392,0.31401,0.31424,0.31401,0.31392,0.31401,0.31424,0.31401,0.31392,0.31401,0.31424,0.31401,0.31392,0.31401,0.31424,0.31401,0.31392,0.31401,0.31424,0.31401,0.31392,0.31401,0.31424,0.31401,0.31392,0.31401,0.31424,0.31401,0.31392,0.31436,0.31424,0.31327,0.31608,0.31197,0.31424,0.31845,0.30566,0.32238,0.31424,0.29657,0.3559,0.24532
0.8098,0.87218,0.75377,0.83652,0.8098,0.79563,0.82333,0.80265,0.8098,0.81254,0.80661,0.81073,0.8098,0.80919,0.80897,0.80919,0.8098,0.80919,0.80897,0.80919,0.8098,0.80919,0.80897,0.80919,0.8098,0.80919,0.80897,0.80919,0.8098,0.80919,0.80897,0.80919,0.8098,0.80919,0.80897,0.80919,0.8098,0.80919,0.80897,0.80919,0.8098,0.80919,0.80897,0.80919,0.8098,0.80919,0.80897,0.80919,0.8098,0.80919,0.80897,0.80919,0.8098,0.80919,0.80897,0.80919,0.8098,0.80919,0.80897,0.80919,0.8098,0.80919,0.80897,0.80919,0.8098,0.80919,0.80897,0.80919,0.8098,0.80919,0.80897,0.80919,0.8098,0.80919,0.80897,0.80919,0.8098,0.80919,0.80897,0.80919,0.8098,0.80919,0.80897,0.80919,0.8098,0.80919,0.80897,0.80919,0.8098,0.80919,0.80897,0.80919,0.8098,0.80919,0.80897,0.80919,0.8098,0.80919,0.80897,0.80919,0.8098,0.80919,0.80897,0.80919,0.8098,0.80919,0.80897,0.80919,0.8098,0.80919,0.80897,0.80919,0.8098,0.80919,0.80897,0.80947,0.8098,0.80862,0.81064,0.80762,0.8098,0.81263,0.80257,0.81568,0.8098,0.79569,0.84148,0.756,0.56645,0.54709,0.58245,0.55781,0.56645,0.5701,0.56155,0.56799,0.56645,0.56502,0.56657,0.56556,0.56645,0.56602,0.56586,0.56602,0.56645,0.56602,0.56586,0.56602,0.56645,0.56602,0.56586,0.56602,0.56645,0.56602,0.56586,0.56602,0.56645,0.56602,0.56586,0.56602,0.56645,0.56602,0.56586,0.56602,0.56645,0.56602,0.56586,0.56602,0.56645,0.56602,0.56586,0.56602,0.56645,0.56602,0.56586,0.56602,0.56645,0.56602,0.56586,0.56602,0.56645,0.56602,0.56586,0.56602,0.56645,0.56602,0.56586,0.56602,0.56645,0.56602,0.56586,0.56602,0.56645,0.56602,0.56586,0.56602,0.56645,0.56602,0.56586,0.56602,0.56645,0.56602,0.56586,0.56602,0.56645,0.56602,0.56586,0.56602,0.56645,0.56602,0.56586,0.56602,0.56645,0.56602,0.56586,0.56602,0.56645,0.56602,0.56586,0.56602,0.56645,0.56602,0.56586,0.56602,0.56645,0.56602,0.56586,0.56602,0.56645,0.56602,0.56586,0.56602,0.56645,0.56602,0.56586,0.56602,0.56645,0.56602,0.56586,0.56602,0.56645,0.56602,0.56586,0.56666,0.56645,0.56469,0.56976,0.56236,0.56645,0.57403,0.55097,0.58112,0.56645,0.5346,0.64154,0.44221
0.76029,0.81885,0.70768,0.78538,0.76029,0.74698,0.77299,0.75358,0.76029,0.76286,0.75729,0.76116,0.76029,0.75972,0.7595,0.75972,0.76029,0.75972,0.7595,0.75972,0.76029,0.75972,0.7595,0.75972,0.76029,0.75972,0.7595,0.75972,0.76029,0.75972,0.7595,0.75972,0.76029,0.75972,0.7595,0.75972,0.76029,0.75972,0.7595,0.75972,0.76029,0.75972,0.7595,0.75972,0.76029,0.75972,0.7595,0.75972,0.76029,0.75972,0.7595,0.75972,0.76029,0.75972,0.7595,0.75972,0.76029,0.75972,0.7595,0.75972,0.76029,0.75972,0.7595,0.75972,0.76029,0.75972,0.7595,0.75972,0.76029,0.75972,0.7595,0.75972,0.76029,0.75972,0.7595,0.75972,0.76029,0.75972,0.7595,0.75972,0.76029,0.75972,0.7595,0.75972,0.76029,0.75972,0.7595,0.75972,0.76029,0.75972,0.7595,0.75972,0.76029,0.75972,0.7595,0.75972,0.76029,0.75972,0.7595,0.75972,0.76029,0.75972,0.7595,0.75972,0.76029,0.75972,0.7595,0.75972,0.76029,0.75972,0.7595,0.75972,0.76029,0.75972,0.7595,0.76022,0.76029,0.75866,0.76258,0.75682,0.76029,0.76605,0.74772,0.77166,0.76029,0.73485,0.81939,0.66173,0.31201,0.27691,0.34225,0.29665,0.31201,0.31928,0.30374,0.31539,0.31201,0.30992,0.31299,0.31092,0.31201,0.31177,0.31169,0.31177,0.31201,0.31177,0.31169,0.31177,0.31201,0.31177,0.31169,0.31177,0.31201,0.31177,0.31169,0.31177,0.31201,0.31177,0.31169,0.31177,0.31201,0.31177,0.31169,0.31177,0.31201,0.31177,0.31169,0.31177,0.31201,0.31177,0.31169,0.31177,0.31201,0.31177,0.31169,0.31177,0.31201,0.31177,0.31169,0.31177,0.31201,0.31177,0.31169,0.31177,0.31201,0.31177,0.31169,0.31177,0.31201,0.31177,0.31169,0.31177,0.31201,0.31177,0.31169,0.31177,0.31201,0.31177,0.31169,0.31177,0.31201,0.31177,0.31169,0.31177,0.31201,0.31177,0.31169,0.31177,0.31201,0.31177,0.31169,0.31177,0.31201,0.31177,0.31169,0.31177,0.31201,0.31177,0.31169,0.31177,0.31201,0.31177,0.31169,0.31177,0.31201,0.31177,0.31169,0.31177,0.31201,0.31177,0.31169,0.31177,0.31201,0.31177,0.31169,0.31177,0.31201,0.31177,0.31169,0.31177,0.31201,0.31177,0.31169,0.31213,0.31201,0.31104,0.31383,0.30976,0.31201,0.31618,0.30348,0.32009,0.31201,0.29447,0.35337,0.24358
0.11393,0.1227,0.10605,0.11769,0.11393,0.11194,0.11583,0.11292,0.11393,0.11431,0.11348,0.11406,0.11393,0.11384,0.11381,0.11384,0.11393,0.11384,0.11381,0.11384,0.11393,0.11384,0.11381,0.11384,0.11393,0.11384,0.11381,0.11384,0.11393,0.11384,0.11381,0.11384,0.11393,0.11384,0.11381,0.11384,0.11393,0.11384,0.11381,0.11384,0.11393,0.11384,0.11381,0.11384,0.11393,0.11384,0.11381,0.11384,0.11393,0.11384,0.11381,0.11384,0.11393,0.11384,0.11381,0.11384,0.11393,0.11384,0.11381,0.11384,0.11393,0.11384,0.11381,0.11384,0.11393,0.11384,0.11381,0.11384,0.11393,0.11384,0.11381,0.11384,0.11393,0.11384,0.11381,0.11384,0.11393,0.11384,0.11381,0.11384,0.11393,0.11384,0.11381,0.11384,0.11393,0.11384,0.11381,0.11384,0.11393,0.11384,0.11381,0.11384,0.11393,0.11384,0.11381,0.11384,0.11393,0.11384,0.11381,0.11384,0.11393,0.11384,0.11381,0.11384,0.11393,0.11384,0.11381,0.11384,0.11393,0.11384,0.11381,0.11384,0.11393,0.11384,0.11381,0.113,0.11393,0.1156,0.10866,0.11869,0.11393,0.10325,0.13351,0.093872,0.11393,0.15542,0.013699,0.27764,0.86333,0.92096,0.81135,0.88797,0.86333,0.85013,0.87572,0.85663,0.86333,0.86577,0.86025,0.8641,0.86333,0.86268,0.86243,0.86268,0.86333,0.86268,0.86243,0.86268,0.86333,0.86268,0.86243,0.86268,0.86333,0.86268,0.86243,0.86268,0.86333,0.86268,0.86243,0.86268,0.86333,0.86268,0.86243,0.86268,0.86333,0.86268,0.86243,0.86268,0.86333,0.86268,0.86243,0.86268,0.86333,0.86268,0.86243,0.86268,0.86333,0.86268,0.86243,0.86268,0.86333,0.86268,0.86243,0.86268,0.86333,0.86268,0.86243,0.86268,0.86333,0.86268,0.86243,0.86268,0.86333,0.86268,0.86243,0.86268,0.86333,0.86268,0.86243,0.86268,0.86333,0.86268,0.86243,0.86268,0.86333,0.86268,0.86243,0.86268,0.86333,0.86268,0.86243,0.86268,0.86333,0.86268,0.86243,0.86268,0.86333,0.86268,0.86243,0.86268,0.86333,0.86268,0.86243,0.86268,0.86333,0.86268,0.86243,0.86268,0.86333,0.86268,0.86243,0.86268,0.86333,0.86268,0.86243,0.86268,0.86333,0.86268,0.86243,0.86268,0.86333,0.86268,0.86243,0.86365,0.86333,0.86065,0.86837,0.85709,0.86333,0.87488,0.83974,0.88568,0.86333,0.81478,0.97777,0.67397
0.40757,0.43896,0.37937,0.42102,0.40757,0.40044,0.41437,0.40397,0.40757,0.40895,0.40596,0.40804,0.40757,0.40726,0.40715,0.40726,0.40757,0.40726,0.40715,0.40726,0.40757,0.40726,0.40715,0.40726,0.40757,0.40726,0.40715,0.40726,0.40757,0.40726,0.40715,0.40726,0.40757,0.40726,0.40715,0.40726,0.40757,0.40726,0.40715,0.40726,0.40757,0.40726,0.40715,0.40726,0.40757,0.40726,0.40715,0.40726,0.40757,0.40726,0.40715,0.40731,0.40757,0.40716,0.40746,0.40697,0.40757,0.4079,0.40597,0.40846,0.40757,0.40477,0.41315,0.39744,0.36265,0.35888,0.36534,0.36086,0.36265,0.36313,0.36148,0.36274,0.36265,0.36219,0.36241,0.36229,0.36265,0.36238,0.36228,0.36238,0.36265,0.36238,0.36228,0.36238,0.36265,0.36238,0.36228,0.36238,0.36265,0.36238,0.36228,0.36238,0.36265,0.36238,0.36228,0.36238,0.36265,0.36238,0.36228,0.36238,0.36265,0.36238,0.36228,0.36238,0.36265,0.36238,0.36228,0.36238,0.36265,0.36238,0.36228,0.36238,0.36265,0.36238,0.36228,0.36248,0.36265,0.36218,0.36287,0.36182,0.36265,0.36359,0.36002,0.36466,0.36265,0.35762,0.37373,0.34364,0.27691,0.27003,0.28247,0.27381,0.27691,0.27814,0.2751,0.27739,0.27691,0.27635,0.27687,0.27654,0.27691,0.2767,0.27662,0.2767,0.27691,0.2767,0.27662,0.2767,0.27691,0.2767,0.27662,0.2767,0.27691,0.2767,0.27662,0.2767,0.27691,0.2767,0.27662,0.2767,0.27691,0.2767,0.27662,0.2767,0.27691,0.2767,0.27662,0.2767,0.27691,0.2767,0.27662,0.2767,0.27691,0.2767,0.27662,0.2767,0.27691,0.2767,0.27662,0.27619,0.27691,0.27778,0.27348,0.27966,0.27691,0.27024,0.28865,0.26451,0.27691,0.30209,0.2155,0.37671,0.73447,0.76951,0.70252,0.74936,0.73447,0.72626,0.74183,0.73022,0.73447,0.73581,0.73238,0.73479,0.73447,0.73392,0.73371,0.73392,0.73447,0.73392,0.73371,0.73392,0.73447,0.73392,0.73371,0.73392,0.73447,0.73392,0.73371,0.73392,0.73447,0.73392,0.73371,0.73392,0.73447,0.73392,0.73371,0.73392,0.73447,0.73392,0.73371,0.73392,0.73447,0.73392,0.73371,0.73392,0.73447,0.73392,0.73371,0.73392,0.73447,0.73392,0.73371,0.73475,0.73447,0.73219,0.73876,0.72917,0.73447,0.7443,0.7144,0.75349,0.73447,0.69317,0.83183,0.57338
0.84474,0.90981,0.78629,0.87262,0.84474,0.82996,0.85885,0.83729,0.84474,0.8476,0.84141,0.84571,0.84474,0.84411,0.84387,0.84411,0.84474,0.84411,0.84387,0.84411,0.84474,0.84411,0.84387,0.84411,0.84474,0.84411,0.84387,0.84411,0.84474,0.84411,0.84387,0.84411,0.84474,0.84411,0.84387,0.84411,0.84474,0.84411,0.84387,0.84411,0.84474,0.84411,0.84387,0.84411,0.84474,0.84411,0.84387,0.84411,0.84474,0.84411,0.84387,0.84411,0.84474,0.84411,0.84387,0.84411,0.84474,0.84411,0.84387,0.84411,0.84474,0.84411,0.84387,0.84411,0.84474,0.84411,0.84387,0.84411,0.84474,0.84411,0.84387,0.84411,0.84474,0.84411,0.84387,0.84411,0.84474,0.84411,0.84387,0.84411,0.84474,0.84411,0.84387,0.84411,0.84474,0.84411,0.84387,0.84411,0.84474,0.84411,0.84387,0.84411,0.84474,0.84411,0.84387,0.84411,0.84474,0.84411,0.84387,0.84411,0.84474,0.84411,0.84387,0.84411,0.84474,0.84411,0.84387,0.84411,0.84474,0.84411,0.84387,0.84411,0.84474,0.84411,0.84387,0.84411,0.84474,0.84411,0.84387,0.84411,0.84474,0.84411,0.84387,0.84411,0.84474,0.84411,0.84387,0.84411,0.84474,0.84411,0.84387,0.84411,0.84474,0.84411,0.84387,0.84411,0.84474,0.84411,0.84387,0.84411,0.84474,0.84411,0.84387,0.84411,0.84474,0.84411,0.84387,0.84411,0.84474,0.84411,0.84387,0.84411,0.84474,0.84411,0.84387,0.84411,0.84474,0.84411,0.84387,0.84411,0.84474,0.84411,0.84387,0.84411,0.84474,0.84411,0.84387,0.84411,0.84474,0.84411,0.84387,0.84411,0.84474,0.84411,0.84387,0.84411,0.84474,0.84411,0.84387,0.84411,0.84474,0.84411,0.84387,0.84411,0.84474,0.84411,0.84387,0.84411,0.84474,0.84411,0.84387,0.84411,0.84474,0.84411,0.84387,0.84411,0.84474,0.84411,0.84387,0.84411,0.84474,0.84411,0.84387,0.84411,0.84474,0.84411,0.84387,0.84411,0.84474,0.84411,0.84387,0.84411,0.84474,0.84411,0.84387,0.84411,0.84474,0.84411,0.84387,0.84411,0.84474,0.84411,0.84387,0.84411,0.84474,0.84411,0.84387,0.84411,0.84474,0.84411,0.84387,0.84411,0.84474,0.84411,0.84387,0.84411,0.84474,0.84411,0.84387,0.84411,0.84474,0.84411,0.84387,0.84506,0.84474,0.84212,0.84967,0.83864,0.84474,0.85604,0.82166,0.86662,0.84474,0.79724,0.95672,0.65947
0.80564,0.86769,0.74989,0.83222,0.80564,0.79154,0.81909,0.79852,0.80564,0.80836,0.80246,0.80656,0.80564,0.80503,0.8048,0.80503,0.80564,0.80503,0.8048,0.80503,0.80564,0.80503,0.8048,0.80503,0.80564,0.80503,0.8048,0.80503,0.80564,0.80503,0.8048,0.80503,0.80564,0.80503,0.8048,0.80503,0.80564,0.80503,0.8048,0.80503,0.80564,0.80503,0.8048,0.80503,0.80564,0.80503,0.8048,0.80503,0.80564,0.80503,0.8048,0.80503,0.80564,0.80503,0.8048,0.80503,0.80564,0.80503,0.8048,0.80503,0.80564,0.80503,0.8048,0.80503,0.80564,0.80503,0.8048,0.80503,0.80564,0.80503,0.8048,0.80503,0.80564,0.80503,0.8048,0.80503,0.80564,0.80503,0.8048,0.80503,0.80564,0.80503,0.8048,0.80503,0.80564,0.80503,0.8048,0.80503,0.80564,0.80503,0.8048,0.80503,0.80564,0.80503,0.8048,0.80503,0.80564,0.80503,0.8048,0.80503,0.80564,0.80503,0.8048,0.80503,0.80564,0.80503,0.8048,0.80503,0.80564,0.80503,0.8048,0.80503,0.80564,0.80503,0.8048,0.80551,0.80564,0.80402,0.80775,0.80226,0.80564,0.81108,0.79355,0.81644,0.80564,0.78128,0.862,0.71145,0.3775,0.34391,0.40629,0.36276,0.3775,0.38438,0.36951,0.38067,0.3775,0.37544,0.37835,0.3764,0.3775,0.37721,0.37711,0.37721,0.3775,0.37721,0.37711,0.37721,0.3775,0.37721,0.37711,0.37721,0.3775,0.37721,0.37711,0.37721,0.3775,0.37721,0.37711,0.37721,0.3775,0.37721,0.37711,0.37721,0.3775,0.37721,0.37711,0.37721,0.3775,0.37721,0.37711,0.37721,0.3775,0.37721,0.37711,0.37721,0.3775,0.37721,0.37711,0.37721,0.3775,0.37721,0.37711,0.37721,0.3775,0.37721,0.37711,0.37721,0.3775,0.37721,0.37711,0.37721,0.3775,0.37721,0.37711,0.37721,0.3775,0.37721,0.37711,0.37721,0.3775,0.37721,0.37711,0.37721,0.3775,0.37721,0.37711,0.37721,0.3775,0.37721,0.37711,0.37721,0.3775,0.37721,0.37711,0.37721,0.3775,0.37721,0.37711,0.37721,0.3775,0.37721,0.37711,0.37721,0.3775,0.37721,0.37711,0.37721,0.3775,0.37721,0.37711,0.37721,0.3775,0.37721,0.37711,0.37721,0.3775,0.37721,0.37711,0.37721,0.3775,0.37721,0.37711,0.37764,0.3775,0.37632,0.3797,0.37477,0.3775,0.38255,0.36718,0.38727,0.3775,0.35627,0.42754,0.2947
0.42238,0.45491,0.39315,0.43632,0.42238,0.41499,0.42943,0.41865,0.42238,0.42381,0.42071,0.42286,0.42238,0.42206,0.42194,0.42206,0.42238,0.42206,0.42194,0.42206,0.42238,0.42206,0.42194,0.42206,0.42238,0.42206,0.42194,0.42206,0.42238,0.42206,0.42194,0.42206,0.42238,0.42206,0.42194,0.42206,0.42238,0.42206,0.42194,0.42206,0.42238,0.42206,0.42194,0.42206,0.42238,0.42206,0.42194,0.42206,0.42238,0.42206,0.42194,0.42206,0.42238,0.42206,0.42194,0.42206,0.42238,0.42206,0.42194,0.42206,0.42238,0.42206,0.42194,0.42206,0.42238,0.42206,0.42194,0.42206,0.42238,0.42206,0.42194,0.42206,0.42238,0.42206,0.42194,0.42206,0.42238,0.42206,0.42194,0.42206,0.42238,0.42206,0.42194,0.42206,0.42238,0.42206,0.42194,0.42206,0.42238,0.42206,0.42194,0.42206,0.42238,0.42206,0.42194,0.42206,0.42238,0.42206,0.42194,0.42206,0.42238,0.42206,0.42194,0.42206,0.42238,0.42206,0.42194,0.42206,0.42238,0.42206,0.42194,0.42206,0.42238,0.42206,0.42194,0.42167,0.42238,0.42288,0.41956,0.4243,0.42238,0.41715,0.43107,0.41281,0.42238,0.44132,0.37556,0.49795,0.7696,0.79603,0.74514,0.78074,0.7696,0.76321,0.77496,0.76622,0.7696,0.77045,0.76779,0.76968,0.7696,0.76902,0.7688,0.76902,0.7696,0.76902,0.7688,0.76902,0.7696,0.76902,0.7688,0.76902,0.7696,0.76902,0.7688,0.76902,0.7696,0.76902,0.7688,0.76902,0.7696,0.76902,0.7688,0.76902,0.7696,0.76902,0.7688,0.76902,0.7696,0.76902,0.7688,0.76902,0.7696,0.76902,0.7688,0.76902,0.7696,0.76902,0.7688,0.76902,0.7696,0.76902,0.7688,0.76902,0.7696,0.76902,0.7688,0.76902,0.7696,0.76902,0.7688,0.76902,0.7696,0.76902,0.7688,0.76902,0.7696,0.76902,0.7688,0.76902,0.7696,0.76902,0.7688,0.76902,0.7696,0.76902,0.7688,0.76902,0.7696,0.76902,0.7688,0.76902,0.7696,0.76902,0.7688,0.76902,0.7696,0.76902,0.7688,0.76902,0.7696,0.76902,0.7688,0.76902,0.7696,0.76902,0.7688,0.76902,0.7696,0.76902,0.7688,0.76902,0.7696,0.76902,0.7688,0.76902,0.7696,0.76902,0.7688,0.76902,0.7696,0.76902,0.7688,0.76989,0.7696,0.76721,0.77409,0.76404,0.7696,0.7799,0.74857,0.78953,0.7696,0.72632,0.87162,0.6008
0.81186,0.87439,0.75568,0.83865,0.81186,0.79765,0.82542,0.80469,0.81186,0.8146,0.80866,0.81279,0.81186,0.81125,0.81102,0.81125,0.81186,0.81125,0.81102,0.81125,0.81186,0.81125,0.81102,0.81125,0.81186,0.81125,0.81102,0.81125,0.81186,0.81125,0.81102,0.81125,0.81186,0.81125,0.81102,0.81125,0.81186,0.81125,0.81102,0.81125,0.81186,0.81125,0.81102,0.81125,0.81186,0.81125,0.81102,0.81125,0.81186,0.81125,0.81102,0.81125,0.81186,0.81125,0.81102,0.81125,0.81186,0.81125,0.81102,0.81125,0.81186,0.81125,0.81102,0.81125,0.81186,0.81125,0.81102,0.81125,0.81186,0.81125,0.81102,0.81125,0.81186,0.81125,0.81102,0.81125,0.81186,0.81125,0.81102,0.81125,0.81186,0.81125,0.81102,0.81125,0.81186,0.81125,0.81102,0.81125,0.81186,0.81125,0.81102,0.81125,0.81186,0.81125,0.81102,0.81125,0.81186,0.81125,0.81102,0.81125,0.81186,0.81125,0.81102,0.81125,0.81186,0.81125,0.81102,0.81125,0.81186,0.81125,0.81102,0.81125,0.81186,0.81125,0.81102,0.81125,0.81186,0.81125,0.81102,0.81125,0.81186,0.81125,0.81102,0.81125,0.81186,0.81125,0.81102,0.81125,0.81186,0.81125,0.81102,0.81125,0.81186,0.81125,0.81102,0.81125,0.81186,0.81125,0.81102,0.81125,0.81186,0.81125,0.81102,0.81125,0.81186,0.81125,0.81102,0.81125,0.81186,0.81125,0.81102,0.81125,0.81186,0.81125,0.81102,0.81125,0.81186,0.81125,0.81102,0.81125,0.81186,0.81125,0.81102,0.81125,0.81186,0.81125,0.81102,0.81125,0.81186,0.81125,0.81102,0.81125,0.81186,0.81125,0.81102,0.81125,0.81186,0.81125,0.81102,0.81125,0.81186,0.81125,0.81102,0.81125,0.81186,0.81125,0.81102,0.81125,0.81186,0.81125,0.81102,0.81125,0.81186,0.81125,0.81102,0.81125,0.81186,0.81125,0.81102,0.81125,0.81186,0.81125,0.81102,0.81125,0.81186,0.81125,0.81102,0.81125,0.81186,0.81125,0.81102,0.81125,0.81186,0.81125,0.81102,0.81125,0.81186,0.81125,0.81102,0.81125,0.81186,0.81125,0.81102,0.81125,0.81186,0.81125,0.81102,0.81125,0.81186,0.81125,0.81102,0.81125,0.81186,0.81125,0.81102,0.81125,0.81186,0.81125,0.81102,0.81125,0.81186,0.81125,0.81102,0.81217,0.81186,0.80934,0.8166,0.806,0.81186,0.82272,0.78968,0.83288,0.81186,0.76621,0.91948,0.6338
0.78435,0.84476,0.73007,0.81023,0.78435,0.77062,0.79744,0.77742,0.78435,0.787,0.78125,0.78525,0.78435,0.78376,0.78354,0.78376,0.78435,0.78376,0.78354,0.78376,0.78435,0.78376,0.78354,0.78376,0.78435,0.78376,0.78354,0.78376,0.78435,0.78376,0.78354,0.78376,0.78435,0.78376,0.78354,0.78376,0.78435,0.78376,0.78354,0.78376,0.78435,0.78376,0.78354,0.78376,0.78435,0.78376,0.78354,0.78376,0.78435,0.78376,0.78354,0.78376,0.78435,0.78376,0.78354,0.78376,0.78435,0.78376,0.78354,0.78376,0.78435,0.78376,0.78354,0.78376,0.78435,0.78376,0.78354,0.78376,0.78435,0.78376,0.78354,0.78376,0.78435,0.78376,0.78354,0.78376,0.78435,0.78376,0.78354,0.78376,0.78435,0.78376,0.78354,0.78376,0.78435,0.78376,0.78354,0.78376,0.78435,0.78376,0.78354,0.78376,0.78435,0.78376,0.78354,0.78376,0.78435,0.78376,0.78354,0.78376,0.78435,0.78376,0.78354,0.78376,0.78435,0.78376,0.78354,0.78376,0.78435,0.78376,0.78354,0.78376,0.78435,0.78376,0.78354,0.78376,0.78435,0.78376,0.78354,0.78376,0.78435,0.78376,0.78354,0.78376,0.78435,0.78376,0.78354,0.78376,0.78435,0.78376,0.78354,0.78376,0.78435,0.78376,0.78354,0.78376,0.78435,0.78376,0.78354,0.78376,0.78435,0.78376,0.78354,0.78376,0.78435,0.78376,0.78354,0.78376,0.78435,0.78376,0.78354,0.78376,0.78435,0.78376,0.78354,0.78376,0.78435,0.78376,0.78354,0.78376,0.78435,0.78376,0.78354,0.78376,0.78435,0.78376,0.78354,0.78376,0.78435,0.78376,0.78354,0.78376,0.78435,0.78376,0.78354,0.78376,0.78435,0.78376,0.78354,0.78376,0.78435,0.78376,0.78354,0.78376,0.78435,0.78376,0.78354,0.78376,0.78435,0.78376,0.78354,0.78376,0.78435,0.78376,0.78354,0.78376,0.78435,0.78376,0.78354,0.78376,0.78435,0.78376,0.78354,0.78376,0.78435,0.78376,0.78354,0.78376,0.78435,0.78376,0.78354,0.78376,0.78435,0.78376,0.78354,0.78376,0.78435,0.78376,0.78354,0.78376,0.78435,0.78376,0.78354,0.78376,0.78435,0.78376,0.78354,0.78376,0.78435,0.78376,0.78354,0.78376,0.78435,0.78376,0.78354,0.78376,0.78435,0.78376,0.78354,0.78376,0.78435,0.78376,0.78354,0.78464,0.78435,0.78191,0.78893,0.77868,0.78435,0.79484,0.76291,0.80466,0.78435,0.74024,0.88832,0.61232
0.62852,0.67693,0.58502,0.64925,0.62852,0.61752,0.63901,0.62297,0.62852,0.63064,0.62603,0.62924,0.62852,0.62804,0.62787,0.62804,0.62852,0.62804,0.62787,0.62804,0.62852,0.62804,0.62787,0.62804,0.62852,0.62804,0.62787,0.62804,0.62852,0.62804,0.62787,0.62804,0.62852,0.62804,0.62787,0.62804,0.62852,0.62804,0.62787,0.62804,0.62852,0.62804,0.62787,0.62804,0.62852,0.62804,0.62787,0.62804,0.62852,0.62804,0.62787,0.62804,0.62852,0.62804,0.62787,0.62804,0.62852,0.62804,0.62787,0.62804,0.62852,0.62804,0.62787,0.62804,0.62852,0.62804,0.62787,0.62804,0.62852,0.62804,0.62787,0.62804,0.62852,0.62804,0.62787,0.62804,0.62852,0.62804,0.62787,0.62804,0.62852,0.62804,0.62787,0.62804,0.62852,0.62804,0.62787,0.62804,0.62852,0.62804,0.62787,0.62804,0.62852,0.62804,0.62787,0.62804,0.62852,0.62804,0.62787,0.62804,0.62852,0.62804,0.62787,0.62804,0.62852,0.62804,0.62787,0.62804,0.62852,0.62804,0.62787,0.62804,0.62852,0.62804,0.62787,0.62785,0.62852,0.62845,0.62668,0.62916,0.62852,0.62559,0.63242,0.62342,0.62852,0.63766,0.60471,0.66592,0.80182,0.81469,0.78918,0.80706,0.80182,0.79831,0.80406,0.79981,0.80182,0.80193,0.80048,0.80154,0.80182,0.80121,0.80099,0.80121,0.80182,0.80121,0.80099,0.80121,0.80182,0.80121,0.80099,0.80121,0.80182,0.80121,0.80099,0.80121,0.80182,0.80121,0.80099,0.80121,0.80182,0.80121,0.80099,0.80121,0.80182,0.80121,0.80099,0.80121,0.80182,0.80121,0.80099,0.80121,0.80182,0.80121,0.80099,0.80121,0.80182,0.80121,0.80099,0.80121,0.80182,0.80121,0.80099,0.80121,0.80182,0.80121,0.80099,0.80121,0.80182,0.80121,0.80099,0.80121,0.80182,0.80121,0.80099,0.80121,0.80182,0.80121,0.80099,0.80121,0.80182,0.80121,0.80099,0.80121,0.80182,0.80121,0.80099,0.80121,0.80182,0.80121,0.80099,0.80121,0.80182,0.80121,0.80099,0.80121,0.80182,0.80121,0.80099,0.80121,0.80182,0.80121,0.80099,0.80121,0.80182,0.80121,0.80099,0.80121,0.80182,0.80121,0.80099,0.80121,0.80182,0.80121,0.80099,0.80121,0.80182,0.80121,0.80099,0.80121,0.80182,0.80121,0.80099,0.80212,0.80182,0.79933,0.8065,0.79603,0.80182,0.81255,0.77991,0.82258,0.80182,0.75673,0.90811,0.62596
0.78141,0.8416,0.72734,0.8072,0.78141,0.76774,0.79446,0.77451,0.78141,0.78405,0.77833,0.78231,0.78141,0.78082,0.7806,0.78082,0.78141,0.78082,0.7806,0.78082,0.78141,0.78082,0.7806,0.78082,0.78141,0.78082,0.7806,0.78082,0.78141,0.78082,0.7806,0.78082,0.78141,0.78082,0.7806,0.78082,0.78141,0.78082,0.7806,0.78082,0.78141,0.78082,0.7806,0.78082,0.78141,0.78082,0.7806,0.78082,0.78141,0.78082,0.7806,0.78082,0.78141,0.78082,0.7806,0.78082,0.78141,0.78082,0.7806,0.78082,0.78141,0.78082,0.7806,0.78082,0.78141,0.78082,0.7806,0.78082,0.78141,0.78082,0.7806,0.78082,0.78141,0.78082,0.7806,0.78082,0.78141,0.78082,0.7806,0.78082,0.78141,0.78082,0.7806,0.78082,0.78141,0.78082,0.7806,0.78082,0.78141,0.78082,0.7806,0.78082,0.78141,0.78082,0.7806,0.78082,0.78141,0.78082,0.7806,0.78082,0.78141,0.78082,0.7806,0.78082,0.78141,0.78082,0.7806,0.78082,0.78141,0.78082,0.7806,0.78082,0.78141,0.78082,0.7806,0.78082,0.78141,0.78082,0.7806,0.78082,0.78141,0.78082,0.7806,0.78082,0.78141,0.78082,0.7806,0.78082,0.78141,0.78082,0.7806,0.78082,0.78141,0.78082,0.7806,0.78082,0.78141,0.78082,0.7806,0.78082,0.78141,0.78082,0.7806,0.78082,0.78141,0.78082,0.7806,0.78082,0.78141,0.78082,0.7806,0.78082,0.78141,0.78082,0.7806,0.78082,0.78141,0.78082,0.7806,0.78082,0.78141,0.78082,0.7806,0.78082,0.78141,0.78082,0.7806,0.78082,0.78141,0.78082,0.7806,0.78082,0.78141,0.78082,0.7806,0.78082,0.78141,0.78082,0.7806,0.78082,0.78141,0.78082,0.7806,0.78082,0.78141,0.78082,0.7806,0.78082,0.78141,0.78082,0.7806,0.78082,0.78141,0.78082,0.7806,0.78082,0.78141,0.78082,0.7806,0.78082,0.78141,0.78082,0.7806,0.78082,0.78141,0.78082,0.7806,0.78082,0.78141,0.78082,0.7806,0.78082,0.78141,0.78082,0.7806,0.78082,0.78141,0.78082,0.7806,0.78082,0.78141,0.78082,0.7806,0.78082,0.78141,0.78082,0.7806,0.78082,0.78141,0.78082,0.7806,0.78082,0.78141,0.78082,0.7806,0.78082,0.78141,0.78082,0.7806,0.78082,0.78141,0.78082,0.7806,0.78171,0.78141,0.77899,0.78597,0.77577,0.78141,0.79187,0.76006,0.80165,0.78141,0.73747,0.88499,0.61002
0.81429,0.87701,0.75794,0.84116,0.81429,0.80004,0.82789,0.8071,0.81429,0.81704,0.81108,0.81522,0.81429,0.81368,0.81345,0.81368,0.81429,0.81368,0.81345,0.81368,0.81429,0.81368,0.81345,0.81368,0.81429,0.81368,0.81345,0.81368,0.81429,0.81368,0.81345,0.81368,0.81429,0.81368,0.81345,0.81368,0.81429,0.81368,0.81345,0.81368,0.81429,0.81368,0.81345,0.81368,0.81429,0.81368,0.81345,0.81368,0.81429,0.81368,0.81345,0.81368,0.81429,0.81368,0.81345,0.81368,0.81429,0.81368,0.81345,0.81368,0.81429,0.81368,0.81345,0.81368,0.81429,0.81368,0.81345,0.81368,0.81429,0.81368,0.81345,0.81368,0.81429,0.81368,0.81345,0.81368,0.81429,0.81368,0.81345,0.81368,0.81429,0.81368,0.81345,0.81368,0.81429,0.81368,0.81345,0.81368,0.81429,0.81368,0.81345,0.81368,0.81429,0.81368,0.81345,0.81368,0.81429,0.81368,0.81345,0.81368,0.81429,0.81368,0.81345,0.81368,0.81429,0.81368,0.81345,0.81368,0.81429,0.81368,0.81345,0.81368,0.81429,0.81368,0.81345,0.81368,0.81429,0.81368,0.81345,0.81368,0.81429,0.81368,0.81345,0.81368,0.81429,0.81368,0.81345,0.81368,0.81429,0.81368,0.81345,0.81368,0.81429,0.81368,0.81345,0.81368,0.81429,0.81368,0.81345,0.81368,0.81429,0.81368,0.81345,0.81368,0.81429,0.81368,0.81345,0.81368,0.81429,0.81368,0.81345,0.81368,0.81429,0.81368,0.81345,0.81368,0.81429,0.81368,0.81345,0.81368,0.81429,0.81368,0.81345,0.81368,0.81429,0.81368,0.81345,0.81368,0.81429,0.81368,0.81345,0.81368,0.81429,0.81368,0.81345,0.81368,0.81429,0.81368,0.81345,0.81368,0.81429,0.81368,0.81345,0.81368,0.81429,0.81368,0.81345,0.81368,0.81429,0.81368,0.81345,0.81368,0.81429,0.81368,0.81345,0.81368,0.81429,0.81368,0.81345,0.81368,0.81429,0.81368,0.81345,0.81368,0.81429,0.81368,0.81345,0.81368,0.81429,0.81368,0.81345,0.81368,0.81429,0.81368,0.81345,0.81368,0.81429,0.81368,0.81345,0.81368,0.81429,0.81368,0.81345,0.81368,0.81429,0.81368,0.81345,0.81368,0.81429,0.81368,0.81345,0.81368,0.81429,0.81368,0.81345,0.81368,0.81429,0.81368,0.81345,0.81368,0.81429,0.81368,0.81345,0.8146,0.81429,0.81176,0.81904,0.80841,0.81429,0.82518,0.79204,0.83538,0.81429,0.7685,0.92223,0.63569
0.74137,0.79848,0.69007,0.76584,0.74137,0.7284,0.75375,0.73483,0.74137,0.74388,0.73845,0.74222,0.74137,0.74081,0.74061,0.74081,0.74137,0.74081,0.74061,0.74081,0.74137,0.74081,0.74061,0.74081,0.74137,0.74081,0.74061,0.74081,0.74137,0.74081,0.74061,0.74081,0.74137,0.74081,0.74061,0.74081,0.74137,0.74081,0.74061,0.74081,0.74137,0.74081,0.74061,0.74081,0.74137,0.74081,0.74061,0.74081,0.74137,0.74081,0.74061,0.74081,0.74137,0.74081,0.74061,0.74081,0.74137,0.74081,0.74061,0.74081,0.74137,0.74081,0.74061,0.74081,0.74137,0.74081,0.74061,0.74081,0.74137,0.74081,0.74061,0.74081,0.74137,0.74081,0.74061,0.74081,0.74137,0.74081,0.74061,0.74081,0.74137,0.74081,0.74061,0.74081,0.74137,0.74081,0.74061,0.74081,0.74137,0.74081,0.74061,0.74081,0.74137,0.74081,0.74061,0.74081,0.74137,0.74081,0.74061,0.74081,0.74137,0.74081,0.74061,0.74081,0.74137,0.74081,0.74061,0.74081,0.74137,0.74081,0.74061,0.74081,0.74137,0.74081,0.74061,0.74113,0.74137,0.74015,0.74255,0.73899,0.74137,0.74481,0.73318,0.74834,0.74137,0.72514,0.77835,0.67906,0.45886,0.43654,0.47764,0.44897,0.45886,0.46324,0.45337,0.46079,0.45886,0.45734,0.4592,0.45797,0.45886,0.45851,0.45838,0.45851,0.45886,0.45851,0.45838,0.45851,0.45886,0.45851,0.45838,0.45851,0.45886,0.45851,0.45838,0.45851,0.45886,0.45851,0.45838,0.45851,0.45886,0.45851,0.45838,0.45851,0.45886,0.45851,0.45838,0.45851,0.45886,0.45851,0.45838,0.45851,0.45886,0.45851,0.45838,0.45851,0.45886,0.45851,0.45838,0.45851,0.45886,0.45851,0.45838,0.45851,0.45886,0.45851,0.45838,0.45851,0.45886,0.45851,0.45838,0.45851,0.45886,0.45851,0.45838,0.45851,0.45886,0.45851,0.45838,0.45851,0.45886,0.45851,0.45838,0.45851,0.45886,0.45851,0.45838,0.45851,0.45886,0.45851,0.45838,0.45851,0.45886,0.45851,0.45838,0.45851,0.45886,0.45851,0.45838,0.45851,0.45886,0.45851,0.45838,0.45851,0.45886,0.45851,0.45838,0.45851,0.45886,0.45851,0.45838,0.45851,0.45886,0.45851,0.45838,0.45851,0.45886,0.45851,0.45838,0.45851,0.45886,0.45851,0.45838,0.45903,0.45886,0.45743,0.46153,0.45554,0.45886,0.46499,0.44632,0.47074,0.45886,0.43305,0.51968,0.35822
0.81725,0.8802,0.7607,0.84422,0.81725,0.80295,0.8309,0.81004,0.81725,0.82001,0.81403,0.81819,0.81725,0.81664,0.81641,0.81664,0.81725,0.81664,0.81641,0.81664,0.81725,0.81664,0.81641,0.81664,0.81725,0.81664,0.81641,0.81664,0.81725,0.81664,0.81641,0.81664,0.81725,0.81664,0.81641,0.81664,0.81725,0.81664,0.81641,0.81664,0.81725,0.81664,0.81641,0.81664,0.81725,0.81664,0.81641,0.81664,0.81725,0.81664,0.81641,0.81664,0.81725,0.81664,0.81641,0.81664,0.81725,0.81664,0.81641,0.81664,0.81725,0.81664,0.81641,0.81664,0.81725,0.81664,0.81641,0.81664,0.81725,0.81664,0.81641,0.81664,0.81725,0.81664,0.81641,0.81664,0.81725,0.81664,0.81641,0.81664,0.81725,0.81664,0.81641,0.81664,0.81725,0.81664,0.81641,0.81664,0.81725,0.81664,0.81641,0.81664,0.81725,0.81664,0.81641,0.81664,0.81725,0.81664,0.81641,0.81664,0.81725,0.81664,0.81641,0.81664,0.81725,0.81664,0.81641,0.81664,0.81725,0.81664,0.81641,0.81664,0.81725,0.81664,0.81641,0.81664,0.81725,0.81664,0.81641,0.81664,0.81725,0.81664,0.81641,0.81664,0.81725,0.81664,0.81641,0.81664,0.81725,0.81664,0.81641,0.81664,0.81725,0.81664,0.81641,0.81664,0.81725,0.81664,0.81641,0.81664,0.81725,0.81664,0.81641,0.81664,0.81725,0.81664,0.81641,0.81664,0.81725,0.81664,0.81641,0.81664,0.81725,0.81664,0.81641,0.81664,0.81725,0.81664,0.81641,0.81664,0.81725,0.81664,0.81641,0.81664,0.81725,0.81664,0.81641,0.81664,0.81725,0.81664,0.81641,0.81664,0.81725,0.81664,0.81641,0.81664,0.81725,0.81664,0.81641,0.81664,0.81725,0.81664,0.81641,0.81664,0.81725,0.81664,0.81641,0.81664,0.81725,0.81664,0.81641,0.81664,0.81725,0.81664,0.81641,0.81664,0.81725,0.81664,0.81641,0.81664,0.81725,0.81664,0.81641,0.81664,0.81725,0.81664,0.81641,0.81664,0.81725,0.81664,0.81641,0.81664,0.81725,0.81664,0.81641,0.81664,0.81725,0.81664,0.81641,0.81664,0.81725,0.81664,0.81641,0.81664,0.81725,0.81664,0.81641,0.81664,0.81725,0.81664,0.81641,0.81664,0.81725,0.81664,0.81641,0.81664,0.81725,0.81664,0.81641,0.81664,0.81725,0.81664,0.81641,0.81756,0.81725,0.81472,0.82202,0.81135,0.81725,0.82819,0.79492,0.83842,0.81725,0.7713,0.92559,0.63801
0.79018,0.85104,0.7355,0.81625,0.79018,0.77635,0.80337,0.7832,0.79018,0.79285,0.78706,0.79108,0.79018,0.78958,0.78936,0.78958,0.79018,0.78958,0.78936,0.78958,0.79018,0.78958,0.78936,0.78958,0.79018,0.78958,0.78936,0.78958,0.79018,0.78958,0.78936,0.78958,0.79018,0.78958,0.78936,0.78958,0.79018,0.78958,0.78936,0.78958,0.79018,0.78958,0.78936,0.78958,0.79018,0.78958,0.78936,0.78958,0.79018,0.78958,0.78936,0.78958,0.79018,0.78958,0.78936,0.78958,0.79018,0.78958,0.78936,0.78958,0.79018,0.78958,0.78936,0.78958,0.79018,0.78958,0.78936,0.78958,0.79018,0.78958,0.78936,0.78958,0.79018,0.78958,0.78936,0.78958,0.79018,0.78958,0.78936,0.78958,0.79018,0.78958,0.78936,0.78958,0.79018,0.78958,0.78936,0.78958,0.79018,0.78958,0.78936,0.78958,0.79018,0.78958,0.78936,0.78958,0.79018,0.78958,0.78936,0.78958,0.79018,0.78958,0.78936,0.78958,0.79018,0.78958,0.78936,0.78958,0.79018,0.78958,0.78936,0.78958,0.79018,0.78958,0.78936,0.79012,0.79018,0.78845,0.79265,0.78648,0.79018,0.79635,0.77676,0.80235,0.79018,0.763,0.85336,0.68486,0.31106,0.27356,0.3434,0.29466,0.31106,0.31885,0.30225,0.3147,0.31106,0.30885,0.31214,0.30992,0.31106,0.31083,0.31074,0.31083,0.31106,0.31083,0.31074,0.31083,0.31106,0.31083,0.31074,0.31083,0.31106,0.31083,0.31074,0.31083,0.31106,0.31083,0.31074,0.31083,0.31106,0.31083,0.31074,0.31083,0.31106,0.31083,0.31074,0.31083,0.31106,0.31083,0.31074,0.31083,0.31106,0.31083,0.31074,0.31083,0.31106,0.31083,0.31074,0.31083,0.31106,0.31083,0.31074,0.31083,0.31106,0.31083,0.31074,0.31083,0.31106,0.31083,0.31074,0.31083,0.31106,0.31083,0.31074,0.31083,0.31106,0.31083,0.31074,0.31083,0.31106,0.31083,0.31074,0.31083,0.31106,0.31083,0.31074,0.31083,0.31106,0.31083,0.31074,0.31083,0.31106,0.31083,0.31074,0.31083,0.31106,0.31083,0.31074,0.31083,0.31106,0.31083,0.31074,0.31083,0.31106,0.31083,0.31074,0.31083,0.31106,0.31083,0.31074,0.31083,0.31106,0.31083,0.31074,0.31083,0.31106,0.31083,0.31074,0.31083,0.31106,0.31083,0.31074,0.31118,0.31106,0.3101,0.31288,0.30882,0.31106,0.31523,0.30256,0.31912,0.31106,0.29357,0.3523,0.24284
0.59328,0.63898,0.55223,0.61286,0.59328,0.5829,0.60319,0.58804,0.59328,0.59534,0.59085,0.59409,0.59328,0.59258,0.59322,0.59231,0.59328,0.59388,0.59055,0.59525,0.59328,0.5686,0.55751,0.56353,0.56224,0.56098,0.56247,0.56137,0.56224,0.56201,0.56137,0.56195,0.56224,0.56159,0.562,0.56144,0.56224,0.56251,0.56022,0.56324,0.56224,0.55781,0.57856,0.59964,0.59608,0.5942,0.5969,0.59493,0.59608,0.596,0.59512,0.59573,0.59608,0.59575,0.59501,0.59613,0.59608,0.59454,0.59748,0.59358,0.59608,0.59989,0.58521,0.6124,0.67281,0.67827,0.66689,0.6749,0.67281,0.67102,0.67348,0.67169,0.67281,0.67251,0.67206,0.67221,0.67281,0.67278,0.67108,0.67329,0.67281,0.67033,0.67611,0.66775,0.67281,0.71799,0.7384,0.72754,0.73133,0.73234,0.72904,0.73161,0.73133,0.7304,0.73098,0.73064,0.73133,0.73085,0.73057,0.73079,0.73133,0.73077,0.73061,0.73075,0.73133,0.73088,0.73018,0.72988,0.73053,0.73001,0.72974,0.72999,0.73053,0.72997,0.72978,0.73009,0.73053,0.72974,0.73047,0.72932,0.73053,0.73141,0.72711,0.73267,0.73053,0.72436,0.74329,0.70786,0.62935,0.62101,0.6356,0.62546,0.62935,0.63057,0.62691,0.62969,0.62935,0.62841,0.62907,0.62859,0.62935,0.62907,0.62828,0.62928,0.62935,0.62807,0.63034,0.62701,0.62935,0.6476,0.65586,0.65151,0.65333,0.65348,0.65202,0.65318,0.65333,0.65268,0.65289,0.65272,0.65333,0.65305,0.65233,0.65319,0.65333,0.65218,0.65401,0.65149,0.65333,0.65662,0.63671,0.61717,0.62141,0.62229,0.61942,0.6216,0.62141,0.62059,0.6211,0.62065,0.62141,0.62123,0.62002,0.62158,0.62141,0.61955,0.62337,0.61831,0.62141,0.62643,0.60756,0.64257,0.72034,0.72749,0.71285,0.72313,0.72034,0.71814,0.72135,0.71899,0.72034,0.72032,0.71913,0.72023,0.72034,0.7193,0.72067,0.71878,0.72034,0.72184,0.71546,0.72451,0.72034,0.67246,0.65092,0.66257,0.6597,0.65759,0.66061,0.65835,0.6597,0.6596,0.65854,0.6594,0.6597,0.65895,0.65935,0.65885,0.6597,0.65986,0.65767,0.66056,0.6597,0.65542,0.67498,0.69491,0.69165,0.68978,0.69229,0.69047,0.69165,0.69148,0.69061,0.69209,0.69165,0.68944,0.69575,0.68665,0.69165,0.7009,0.67275,0.70956,0.69165,0.65276,0.78333,0.53995
0.70828,0.76284,0.65927,0.73165,0.70828,0.69589,0.72011,0.70203,0.70828,0.71068,0.70549,0.7091,0.70828,0.70775,0.70755,0.70775,0.70828,0.70775,0.70755,0.70775,0.70828,0.70775,0.70755,0.70775,0.70828,0.70775,0.70755,0.70775,0.70828,0.70775,0.70755,0.70775,0.70828,0.70775,0.70755,0.70775,0.70828,0.70775,0.70755,0.70775,0.70828,0.70775,0.70755,0.70775,0.70828,0.70775,0.70755,0.70775,0.70828,0.70775,0.70755,0.70775,0.70828,0.70775,0.70755,0.70775,0.70828,0.70775,0.70755,0.70775,0.70828,0.70775,0.70755,0.70775,0.70828,0.70775,0.70755,0.70775,0.70828,0.70775,0.70755,0.70775,0.70828,0.70775,0.70755,0.70775,0.70828,0.70775,0.70755,0.70775,0.70828,0.70775,0.70755,0.70775,0.70828,0.70775,0.70755,0.70775,0.70828,0.70775,0.70755,0.70775,0.70828,0.70775,0.70755,0.70775,0.70828,0.70775,0.70755,0.70775,0.70828,0.70775,0.70755,0.70775,0.70828,0.70775,0.70755,0.70775,0.70828,0.70775,0.70755,0.70775,0.70828,0.70775,0.70755,0.7076,0.70828,0.70806,0.70666,0.70859,0.70828,0.70591,0.71097,0.70429,0.70828,0.71495,0.69021,0.73613,0.83813,0.8476,0.82842,0.84188,0.83813,0.83533,0.83957,0.83645,0.83813,0.83804,0.83689,0.83775,0.83813,0.8375,0.83727,0.8375,0.83813,0.8375,0.83727,0.8375,0.83813,0.8375,0.83727,0.8375,0.83813,0.8375,0.83727,0.8375,0.83813,0.8375,0.83727,0.8375,0.83813,0.8375,0.83727,0.8375,0.83813,0.8375,0.83727,0.8375,0.83813,0.8375,0.83727,0.8375,0.83813,0.8375,0.83727,0.8375,0.83813,0.8375,0.83727,0.8375,0.83813,0.8375,0.83727,0.8375,0.83813,0.8375,0.83727,0.8375,0.83813,0.8375,0.83727,0.8375,0.83813,0.8375,0.83727,0.8375,0.83813,0.8375,0.83727,0.8375,0.83813,0.8375,0.83727,0.8375,0.83813,0.8375,0.83727,0.8375,0.83813,0.8375,0.83727,0.8375,0.83813,0.8375,0.83727,0.8375,0.83813,0.8375,0.83727,0.8375,0.83813,0.8375,0.83727,0.8375,0.83813,0.8375,0.83727,0.8375,0.83813,0.8375,0.83727,0.8375,0.83813,0.8375,0.83727,0.8375,0.83813,0.8375,0.83727,0.8375,0.83813,0.8375,0.83727,0.83845,0.83813,0.83553,0.84303,0.83208,0.83813,0.84935,0.81523,0.85984,0.83813,0.791,0.94923,0.65431
0.83191,0.89599,0.77434,0.85936,0.83191,0.81735,0.8458,0.82457,0.83191,0.83472,0.82863,0.83287,0.83191,0.83129,0.83105,0.83129,0.83191,0.83129,0.83105,0.83129,0.83191,0.83129,0.83105,0.83129,0.83191,0.83129,0.83105,0.83129,0.83191,0.83129,0.83105,0.83129,0.83191,0.83129,0.83105,0.83129,0.83191,0.83129,0.83105,0.83129,0.83191,0.83129,0.83105,0.83129,0.83191,0.83129,0.83105,0.83129,0.83191,0.83129,0.83105,0.83129,0.83191,0.83129,0.83105,0.83129,0.83191,0.83129,0.83105,0.83129,0.83191,0.83129,0.83105,0.83129,0.83191,0.83129,0.83105,0.83129,0.83191,0.83129,0.83105,0.83129,0.83191,0.83129,0.83105,0.83129,0.83191,0.83129,0.83105,0.83129,0.83191,0.83129,0.83105,0.83129,0.83191,0.83129,0.83105,0.83129,0.83191,0.83129,0.83105,0.83129,0.83191,0.83129,0.83105,0.83129,0.83191,0.83129,0.83105,0.83129,0.83191,0.83129,0.83105,0.83129,0.83191,0.83129,0.83105,0.83129,0.83191,0.83129,0.83105,0.83129,0.83191,0.83129,0.83105,0.83129,0.83191,0.83129,0.83105,0.83129,0.83191,0.83129,0.83105,0.83129,0.83191,0.83129,0.83105,0.83129,0.83191,0.83129,0.83105,0.83129,0.83191,0.83129,0.83105,0.83129,0.83191,0.83129,0.83105,0.83129,0.83191,0.83129,0.83105,0.83129,0.83191,0.83129,0.83105,0.83129,0.83191,0.83129,0.83105,0.83129,0.83191,0.83129,0.83105,0.83129,0.83191,0.83129,0.83105,0.83129,0.83191,0.83129,0.83105,0.83129,0.83191,0.83129,0.83105,0.83129,0.83191,0.83129,0.83105,0.83129,0.83191,0.83129,0.83105,0.83129,0.83191,0.83129,0.83105,0.83129,0.83191,0.83129,0.83105,0.83129,0.83191,0.83129,0.83105,0.83129,0.83191,0.83129,0.83105,0.83129,0.83191,0.83129,0.83105,0.83129,0.83191,0.83129,0.83105,0.83129,0.83191,0.83129,0.83105,0.83129,0.83191,0.83129,0.83105,0.83129,0.83191,0.83129,0.83105,0.83129,0.83191,0.83129,0.83105,0.83129,0.83191,0.83129,0.83105,0.83129,0.83191,0.83129,0.83105,0.83129,0.83191,0.83129,0.83105,0.83129,0.83191,0.83129,0.83105,0.83129,0.83191,0.83129,0.83105,0.83129,0.83191,0.83129,0.83105,0.83129,0.83191,0.83129,0.83105,0.83223,0.83191,0.82933,0.83677,0.82591,0.83191,0.84304,0.80918,0.85346,0.83191,0.78513,0.94219,0.64945
0.70004,0.75396,0.6516,0.72314,0.70004,0.68779,0.71173,0.69386,0.70004,0.70241,0.69728,0.70084,0.70004,0.69951,0.69932,0.69951,0.70004,0.69951,0.69932,0.69951,0.70004,0.69951,0.69932,0.69951,0.70004,0.69951,0.69932,0.69951,0.70004,0.69951,0.69932,0.69951,0.70004,0.69951,0.69932,0.69951,0.70004,0.69951,0.69932,0.69951,0.70004,0.69951,0.69932,0.69951,0.70004,0.69951,0.69932,0.69951,0.70004,0.69951,0.69932,0.69951,0.70004,0.69951,0.69932,0.69951,0.70004,0.69951,0.69932,0.69951,0.70004,0.69951,0.69932,0.69951,0.70004,0.69951,0.69932,0.69951,0.70004,0.69951,0.69932,0.69951,0.70004,0.69951,0.69932,0.69951,0.70004,0.69951,0.69932,0.69951,0.70004,0.69951,0.69932,0.69951,0.70004,0.69951,0.69932,0.69951,0.70004,0.69951,0.69932,0.69951,0.70004,0.69951,0.69932,0.69951,0.70004,0.69951,0.69932,0.69951,0.70004,0.69951,0.69932,0.69951,0.70004,0.69951,0.69932,0.69951,0.70004,0.69951,0.69932,0.69951,0.70004,0.69951,0.69932,0.69985,0.70004,0.69881,0.70139,0.69757,0.70004,0.70377,0.6914,0.70754,0.70004,0.68281,0.73955,0.63369,0.39891,0.37518,0.41902,0.38844,0.39891,0.40365,0.39315,0.40104,0.39891,0.39736,0.39937,0.39803,0.39891,0.3986,0.39849,0.3986,0.39891,0.3986,0.39849,0.3986,0.39891,0.3986,0.39849,0.3986,0.39891,0.3986,0.39849,0.3986,0.39891,0.3986,0.39849,0.3986,0.39891,0.3986,0.39849,0.3986,0.39891,0.3986,0.39849,0.3986,0.39891,0.3986,0.39849,0.3986,0.39891,0.3986,0.39849,0.3986,0.39891,0.3986,0.39849,0.3986,0.39891,0.3986,0.39849,0.3986,0.39891,0.3986,0.39849,0.3986,0.39891,0.3986,0.39849,0.3986,0.39891,0.3986,0.39849,0.3986,0.39891,0.3986,0.39849,0.3986,0.39891,0.3986,0.39849,0.3986,0.39891,0.3986,0.39849,0.3986,0.39891,0.3986,0.39849,0.3986,0.39891,0.3986,0.39849,0.3986,0.39891,0.3986,0.39849,0.3986,0.39891,0.3986,0.39849,0.3986,0.39891,0.3986,0.39849,0.3986,0.39891,0.3986,0.39849,0.3986,0.39891,0.3986,0.39849,0.3986,0.39891,0.3986,0.39849,0.3986,0.39891,0.3986,0.39849,0.39906,0.39891,0.39767,0.40123,0.39603,0.39891,0.40424,0.38801,0.40924,0.39891,0.37647,0.45178,0.31141
0.78964,0.85046,0.735,0.81569,0.78964,0.77582,0.80283,0.78267,0.78964,0.79231,0.78652,0.79054,0.78964,0.78904,0.78882,0.78904,0.78964,0.78904,0.78882,0.78904,0.78964,0.78904,0.78882,0.78904,0.78964,0.78904,0.78882,0.78904,0.78964,0.78904,0.78882,0.78904,0.78964,0.78904,0.78882,0.78904,0.78964,0.78904,0.78882,0.78904,0.78964,0.78904,0.78882,0.78904,0.78964,0.78904,0.78882,0.78904,0.78964,0.78904,0.78882,0.78904,0.78964,0.78904,0.78882,0.78904,0.78964,0.78904,0.78882,0.78904,0.78964,0.78904,0.78882,0.78904,0.78964,0.78904,0.78882,0.78904,0.78964,0.78904,0.78882,0.78904,0.78964,0.78904,0.78882,0.78904,0.78964,0.78904,0.78882,0.78904,0.78964,0.78904,0.78882,0.78904,0.78964,0.78904,0.78882,0.78904,0.78964,0.78904,0.78882,0.78904,0.78964,0.78904,0.78882,0.78904,0.78964,0.78904,0.78882,0.78904,0.78964,0.78904,0.78882,0.78904,0.78964,0.78904,0.78882,0.78904,0.78964,0.78904,0.78882,0.78904,0.78964,0.78904,0.78882,0.78941,0.78964,0.78829,0.79102,0.78697,0.78964,0.79357,0.7804,0.79758,0.78964,0.77127,0.83161,0.71903,0.46932,0.44406,0.49067,0.45816,0.46932,0.47433,0.46316,0.47156,0.46932,0.46765,0.46977,0.46836,0.46932,0.46897,0.46884,0.46897,0.46932,0.46897,0.46884,0.46897,0.46932,0.46897,0.46884,0.46897,0.46932,0.46897,0.46884,0.46897,0.46932,0.46897,0.46884,0.46897,0.46932,0.46897,0.46884,0.46897,0.46932,0.46897,0.46884,0.46897,0.46932,0.46897,0.46884,0.46897,0.46932,0.46897,0.46884,0.46897,0.46932,0.46897,0.46884,0.46897,0.46932,0.46897,0.46884,0.46897,0.46932,0.46897,0.46884,0.46897,0.46932,0.46897,0.46884,0.46897,0.46932,0.46897,0.46884,0.46897,0.46932,0.46897,0.46884,0.46897,0.46932,0.46897,0.46884,0.46897,0.46932,0.46897,0.46884,0.46897,0.46932,0.46897,0.46884,0.46897,0.46932,0.46897,0.46884,0.46897,0.46932,0.46897,0.46884,0.46897,0.46932,0.46897,0.46884,0.46897,0.46932,0.46897,0.46884,0.46897,0.46932,0.46897,0.46884,0.46897,0.46932,0.46897,0.46884,0.46897,0.46932,0.46897,0.46884,0.46897,0.46932,0.46897,0.46884,0.4695,0.46932,0.46787,0.47206,0.46594,0.46932,0.4756,0.4565,0.48148,0.46932,0.44293,0.53154,0.36639
0.80582,0.86789,0.75006,0.83241,0.80582,0.79172,0.81928,0.79871,0.80582,0.80854,0.80264,0.80674,0.80582,0.80521,0.80499,0.80521,0.80582,0.80521,0.80499,0.80521,0.80582,0.80521,0.80499,0.80521,0.80582,0.80521,0.80499,0.80521,0.80582,0.80521,0.80499,0.80521,0.80582,0.80521,0.80499,0.80521,0.80582,0.80521,0.80499,0.80521,0.80582,0.80521,0.80499,0.80521,0.80582,0.80521,0.80499,0.80521,0.80582,0.80521,0.80499,0.80521,0.80582,0.80521,0.80499,0.80521,0.80582,0.80521,0.80499,0.80521,0.80582,0.80521,0.80499,0.80521,0.80582,0.80521,0.80499,0.80521,0.80582,0.80521,0.80499,0.80521,0.80582,0.80521,0.80499,0.80521,0.80582,0.80521,0.80499,0.80521,0.80582,0.80521,0.80499,0.80521,0.80582,0.80521,0.80499,0.80521,0.80582,0.80521,0.80499,0.80521,0.80582,0.80521,0.80499,0.80521,0.80582,0.80521,0.80499,0.80521,0.80582,0.80521,0.80499,0.80521,0.80582,0.80521,0.80499,0.80521,0.80582,0.80521,0.80499,0.80521,0.80582,0.80521,0.80499,0.80521,0.80582,0.80521,0.80499,0.80521,0.80582,0.80521,0.80499,0.80521,0.80582,0.80521,0.80499,0.80521,0.80582,0.80521,0.80499,0.80521,0.80582,0.80521,0.80499,0.80521,0.80582,0.80521,0.80499,0.80521,0.80582,0.80521,0.80499,0.80521,0.80582,0.80521,0.80499,0.80521,0.80582,0.80521,0.80499,0.80521,0.80582,0.80521,0.80499,0.80521,0.80582,0.80521,0.80499,0.80521,0.80582,0.80521,0.80499,0.80521,0.80582,0.80521,0.80499,0.80521,0.80582,0.80521,0.80499,0.80521,0.80582,0.80521,0.80499,0.80521,0.80582,0.80521,0.80499,0.80521,0.80582,0.80521,0.80499,0.80521,0.80582,0.80521,0.80499,0.80521,0.80582,0.80521,0.80499,0.80521,0.80582,0.80521,0.80499,0.80521,0.80582,0.80521,0.80499,0.80521,0.80582,0.80521,0.80499,0.80521,0.80582,0.80521,0.80499,0.80521,0.80582,0.80521,0.80499,0.80521,0.80582,0.80521,0.80499,0.80521,0.80582,0.80521,0.80499,0.80521,0.80582,0.80521,0.80499,0.80521,0.80582,0.80521,0.80499,0.80521,0.80582,0.80521,0.80499,0.80521,0.80582,0.80521,0.80499,0.80521,0.80582,0.80521,0.80499,0.80521,0.80582,0.80521,0.80499,0.80612,0.80582,0.80332,0.81052,0.8,0.80582,0.8166,0.7838,0.82669,0.80582,0.76051,0.91264,0.62908
0.62081,0.66863,0.57785,0.64129,0.62081,0.60994,0.63118,0.61533,0.62081,0.62291,0.61836,0.62152,0.62081,0.62034,0.62017,0.62034,0.62081,0.62034,0.62017,0.62034,0.62081,0.62034,0.62017,0.62034,0.62081,0.62034,0.62017,0.62034,0.62081,0.62034,0.62017,0.62034,0.62081,0.62034,0.62017,0.62034,0.62081,0.62034,0.62017,0.62034,0.62081,0.62034,0.62017,0.62034,0.62081,0.62034,0.62017,0.62034,0.62081,0.62034,0.62017,0.62034,0.62081,0.62034,0.62017,0.62034,0.62081,0.62034,0.62017,0.62034,0.62081,0.62034,0.62017,0.62034,0.62081,0.62034,0.62017,0.62034,0.62081,0.62034,0.62017,0.62034,0.62081,0.62034,0.62017,0.62034,0.62081,0.62034,0.62017,0.62034,0.62081,0.62034,0.62017,0.62034,0.62081,0.62034,0.62017,0.62034,0.62081,0.62034,0.62017,0.62034,0.62081,0.62034,0.62017,0.62034,0.62081,0.62034,0.62017,0.62034,0.62081,0.62034,0.62017,0.62034,0.62081,0.62034,0.62017,0.62034,0.62081,0.62034,0.62017,0.62034,0.62081,0.62034,0.62017,0.62016,0.62081,0.62072,0.61907,0.62138,0.62081,0.61808,0.62438,0.61607,0.62081,0.62922,0.59878,0.65534,0.78092,0.79278,0.7692,0.78573,0.78092,0.77765,0.78295,0.77904,0.78092,0.78099,0.77964,0.78063,0.78092,0.78033,0.78011,0.78033,0.78092,0.78033,0.78011,0.78033,0.78092,0.78033,0.78011,0.78033,0.78092,0.78033,0.78011,0.78033,0.78092,0.78033,0.78011,0.78033,0.78092,0.78033,0.78011,0.78033,0.78092,0.78033,0.78011,0.78033,0.78092,0.78033,0.78011,0.78033,0.78092,0.78033,0.78011,0.78033,0.78092,0.78033,0.78011,0.78033,0.78092,0.78033,0.78011,0.78033,0.78092,0.78033,0.78011,0.78033,0.78092,0.78033,0.78011,0.78033,0.78092,0.78033,0.78011,0.78033,0.78092,0.78033,0.78011,0.78033,0.78092,0.78033,0.78011,0.78033,0.78092,0.78033,0.78011,0.78033,0.78092,0.78033,0.78011,0.78033,0.78092,0.78033,0.78011,0.78033,0.78092,0.78033,0.78011,0.78033,0.78092,0.78033,0.78011,0.78033,0.78092,0.78033,0.78011,0.78033,0.78092,0.78033,0.78011,0.78033,0.78092,0.78033,0.78011,0.78033,0.78092,0.78033,0.78011,0.78033,0.78092,0.78033,0.78011,0.78121,0.78092,0.77849,0.78548,0.77528,0.78092,0.79137,0.75958,0.80114,0.78092,0.73701,0.88443,0.60964
0.54953,0.59186,0.5115,0.56766,0.54953,0.53991,0.55871,0.54468,0.54953,0.55139,0.54736,0.55016,0.54953,0.54912,0.54896,0.54912,0.54953,0.54912,0.54896,0.54912,0.54953,0.54912,0.54896,0.54912,0.54953,0.54912,0.54896,0.54912,0.54953,0.54912,0.54891,0.54916,0.54953,0.54898,0.54921,0.54885,0.54953,0.54961,0.54795,0.55013,0.54953,0.54629,0.56089,0.5758,0.57341,0.57197,0.57383,0.57248,0.57341,0.57324,0.57257,0.57311,0.57341,0.57293,0.57286,0.57297,0.57341,0.57297,0.57281,0.57297,0.57341,0.57297,0.57281,0.57297,0.57341,0.57297,0.57281,0.57297,0.57341,0.57297,0.57281,0.57297,0.57341,0.57301,0.57276,0.57305,0.57341,0.57283,0.57314,0.57267,0.57341,0.57359,0.57158,0.57438,0.57341,0.55885,0.55233,0.5559,0.55532,0.55442,0.55522,0.55464,0.55532,0.55501,0.55462,0.55494,0.55532,0.55488,0.55474,0.5549,0.55532,0.5549,0.55474,0.5549,0.55532,0.5549,0.55474,0.5549,0.55532,0.5549,0.55474,0.5549,0.55532,0.5549,0.55474,0.55472,0.55532,0.55526,0.55368,0.5559,0.55532,0.55271,0.55882,0.55077,0.55532,0.56349,0.53404,0.58877,0.71029,0.72181,0.69899,0.71498,0.71029,0.70716,0.7123,0.7085,0.71029,0.71039,0.7091,0.71005,0.71029,0.70975,0.70956,0.70975,0.71029,0.70975,0.70956,0.70975,0.71029,0.70975,0.70956,0.70975,0.71029,0.70975,0.70956,0.70975,0.71029,0.70975,0.70967,0.70965,0.71029,0.71007,0.70898,0.71038,0.71029,0.70858,0.71195,0.70736,0.71029,0.71646,0.68127,0.64647,0.65366,0.65556,0.65059,0.65434,0.65366,0.65254,0.65357,0.65285,0.65366,0.65327,0.65287,0.65317,0.65366,0.65317,0.65299,0.65317,0.65366,0.65317,0.65299,0.65317,0.65366,0.65317,0.65299,0.65317,0.65366,0.65317,0.65299,0.65317,0.65366,0.65315,0.65301,0.65314,0.65366,0.65323,0.65285,0.6533,0.65366,0.6529,0.65352,0.65256,0.65366,0.65933,0.66192,0.66061,0.66155,0.66126,0.66066,0.66116,0.66155,0.661,0.66092,0.66103,0.66155,0.66106,0.66087,0.66105,0.66155,0.66105,0.66087,0.66105,0.66155,0.66105,0.66087,0.66105,0.66155,0.66105,0.66087,0.66105,0.66155,0.66105,0.66087,0.6618,0.66155,0.6595,0.66541,0.65677,0.66155,0.6704,0.64347,0.67868,0.66155,0.62435,0.74924,0.51645
0.77272,0.83223,0.71924,0.79821,0.77272,0.75919,0.78562,0.76589,0.77272,0.77533,0.76967,0.7736,0.77272,0.77213,0.77192,0.77213,0.77272,0.77213,0.77192,0.77213,0.77272,0.77213,0.77192,0.77213,0.77272,0.77213,0.77192,0.77213,0.77272,0.77213,0.77192,0.77213,0.77272,0.77213,0.77192,0.77213,0.77272,0.77213,0.77192,0.77213,0.77272,0.77213,0.77192,0.77213,0.77272,0.77213,0.77192,0.77213,0.77272,0.77213,0.77192,0.77213,0.77272,0.77213,0.77192,0.77213,0.77272,0.77213,0.77192,0.77213,0.77272,0.77213,0.77192,0.77213,0.77272,0.77213,0.77192,0.77213,0.77272,0.77213,0.77192,0.77213,0.77272,0.77213,0.77192,0.77213,0.77272,0.77213,0.77192,0.77213,0.77272,0.77213,0.77192,0.77213,0.77272,0.77213,0.77192,0.77213,0.77272,0.77213,0.77192,0.77213,0.77272,0.77213,0.77192,0.77213,0.77272,0.77213,0.77192,0.77213,0.77272,0.77213,0.77192,0.77213,0.77272,0.77213,0.77192,0.77213,0.77272,0.77213,0.77192,0.77213,0.77272,0.77213,0.77192,0.77231,0.77272,0.77175,0.77302,0.77109,0.77272,0.77441,0.76768,0.77642,0.77272,0.7632,0.79343,0.73694,0.6117,0.59872,0.62204,0.6058,0.6117,0.61394,0.60821,0.61254,0.6117,0.61057,0.61154,0.61093,0.6117,0.61124,0.61107,0.61124,0.6117,0.61124,0.61107,0.61124,0.6117,0.61124,0.61107,0.61124,0.6117,0.61124,0.61107,0.61124,0.6117,0.61124,0.61107,0.61124,0.6117,0.61124,0.61107,0.61124,0.6117,0.61124,0.61107,0.61124,0.6117,0.61124,0.61107,0.61124,0.6117,0.61124,0.61107,0.61124,0.6117,0.61124,0.61107,0.61124,0.6117,0.61124,0.61107,0.61124,0.6117,0.61124,0.61107,0.61124,0.6117,0.61124,0.61107,0.61124,0.6117,0.61124,0.61107,0.61124,0.6117,0.61124,0.61107,0.61124,0.6117,0.61124,0.61107,0.61124,0.6117,0.61124,0.61107,0.61124,0.6117,0.61124,0.61107,0.61124,0.6117,0.61124,0.61107,0.61124,0.6117,0.61124,0.61107,0.61124,0.6117,0.61124,0.61107,0.61124,0.6117,0.61124,0.61107,0.61124,0.6117,0.61124,0.61107,0.61124,0.6117,0.61124,0.61107,0.61124,0.6117,0.61124,0.61107,0.61124,0.6117,0.61124,0.61107,0.61193,0.6117,0.6098,0.61527,0.60728,0.6117,0.61988,0.59499,0.62754,0.6117,0.5773,0.69279,0.47754
0.82032,0.88351,0.76356,0.84739,0.82032,0.80597,0.83402,0.81308,0.82032,0.8231,0.81709,0.82126,0.82032,0.8197,0.81948,0.8197,0.82032,0.8197,0.81948,0.8197,0.82032,0.8197,0.81948,0.8197,0.82032,0.8197,0.81948,0.8197,0.82032,0.8197,0.81948,0.8197,0.82032,0.8197,0.81948,0.8197,0.82032,0.8197,0.81948,0.8197,0.82032,0.8197,0.81948,0.8197,0.82032,0.8197,0.81948,0.8197,0.82032,0.8197,0.81948,0.8197,0.82032,0.8197,0.81948,0.8197,0.82032,0.8197,0.81948,0.8197,0.82032,0.8197,0.81948,0.8197,0.82032,0.8197,0.81948,0.8197,0.82032,0.8197,0.81948,0.8197,0.82032,0.8197,0.81948,0.8197,0.82032,0.8197,0.81948,0.8197,0.82032,0.8197,0.81948,0.8197,0.82032,0.8197,0.81948,0.8197,0.82032,0.8197,0.81948,0.8197,0.82032,0.8197,0.81948,0.8197,0.82032,0.8197,0.81948,0.8197,0.82032,0.8197,0.81948,0.8197,0.82032,0.8197,0.81948,0.8197,0.82032,0.8197,0.81948,0.8197,0.82032,0.8197,0.81948,0.8199,0.82032,0.8193,0.82065,0.8186,0.82032,0.82212,0.81499,0.82425,0.82032,0.81024,0.84226,0.78242,0.64975,0.636,0.66071,0.64351,0.64975,0.65212,0.64606,0.65064,0.64975,0.64856,0.64958,0.64894,0.64975,0.64926,0.64908,0.64926,0.64975,0.64926,0.64908,0.64926,0.64975,0.64926,0.64908,0.64926,0.64975,0.64926,0.64908,0.64926,0.64975,0.64926,0.64908,0.64926,0.64975,0.64926,0.64908,0.64926,0.64975,0.64926,0.64908,0.64926,0.64975,0.64926,0.64908,0.64926,0.64975,0.64926,0.64908,0.64926,0.64975,0.64926,0.64908,0.64926,0.64975,0.64926,0.64908,0.64926,0.64975,0.64926,0.64908,0.64926,0.64975,0.64926,0.64908,0.64926,0.64975,0.64926,0.64908,0.64926,0.64975,0.64926,0.64908,0.64926,0.64975,0.64926,0.64908,0.64926,0.64975,0.64926,0.64908,0.64926,0.64975,0.64926,0.64908,0.64926,0.64975,0.64926,0.64908,0.64926,0.64975,0.64926,0.64908,0.64926,0.64975,0.64926,0.64908,0.64926,0.64975,0.64926,0.64908,0.64926,0.64975,0.64926,0.64908,0.64926,0.64975,0.64926,0.64908,0.64926,0.64975,0.64926,0.64908,0.64926,0.64975,0.64926,0.64908,0.65,0.64975,0.64774,0.65355,0.64506,0.64975,0.65844,0.632,0.66658,0.64975,0.61322,0.73588,0.50724
0.80413,0.86607,0.74849,0.83067,0.80413,0.79006,0.81756,0.79703,0.80413,0.80685,0.80096,0.80505,0.80413,0.80353,0.8033,0.80353,0.80413,0.80353,0.8033,0.80353,0.80413,0.80353,0.8033,0.80353,0.80413,0.80353,0.8033,0.80353,0.80413,0.80353,0.8033,0.80353,0.80413,0.80353,0.8033,0.80353,0.80413,0.80353,0.8033,0.80353,0.80413,0.80353,0.8033,0.80353,0.80413,0.80353,0.8033,0.80353,0.80413,0.80353,0.8033,0.80353,0.80413,0.80353,0.8033,0.80353,0.80413,0.80353,0.8033,0.80353,0.80413,0.80353,0.8033,0.80353,0.80413,0.80353,0.8033,0.80353,0.80413,0.80353,0.8033,0.80353,0.80413,0.80353,0.8033,0.80353,0.80413,0.80353,0.8033,0.80353,0.80413,0.80353,0.8033,0.80353,0.80413,0.80353,0.8033,0.80353,0.80413,0.80353,0.8033,0.80353,0.80413,0.80353,0.8033,0.80353,0.80413,0.80353,0.8033,0.80353,0.80413,0.80353,0.8033,0.80353,0.80413,0.80353,0.8033,0.80353,0.80413,0.80353,0.8033,0.80353,0.80413,0.80353,0.8033,0.80392,0.80413,0.8027,0.80572,0.80125,0.80413,0.8085,0.79405,0.8129,0.80413,0.78401,0.85029,0.72665,0.4524,0.4247,0.47591,0.44019,0.4524,0.45795,0.4457,0.4549,0.4524,0.45061,0.45296,0.45139,0.4524,0.45206,0.45193,0.45206,0.4524,0.45206,0.45193,0.45206,0.4524,0.45206,0.45193,0.45206,0.4524,0.45206,0.45193,0.45206,0.4524,0.45206,0.45193,0.45206,0.4524,0.45206,0.45193,0.45206,0.4524,0.45206,0.45193,0.45206,0.4524,0.45206,0.45193,0.45206,0.4524,0.45206,0.45193,0.45206,0.4524,0.45206,0.45193,0.45206,0.4524,0.45206,0.45193,0.45206,0.4524,0.45206,0.45193,0.45206,0.4524,0.45206,0.45193,0.45206,0.4524,0.45206,0.45193,0.45206,0.4524,0.45206,0.45193,0.45206,0.4524,0.45206,0.45193,0.45206,0.4524,0.45206,0.45193,0.45206,0.4524,0.45206,0.45193,0.45206,0.4524,0.45206,0.45193,0.45206,0.4524,0.45206,0.45193,0.45206,0.4524,0.45206,0.45193,0.45206,0.4524,0.45206,0.45193,0.45206,0.4524,0.45206,0.45193,0.45206,0.4524,0.45206,0.45193,0.45206,0.4524,0.45206,0.45193,0.45206,0.4524,0.45206,0.45193,0.45257,0.4524,0.451,0.45504,0.44914,0.4524,0.45845,0.44004,0.46412,0.4524,0.42696,0.51237,0.35318
0.20823,0.22427,0.19382,0.2151,0.20823,0.20459,0.21171,0.20639,0.20823,0.20894,0.20741,0.20847,0.20823,0.20807,0.20802,0.20807,0.20823,0.20807,0.20802,0.20807,0.20823,0.20807,0.20802,0.20807,0.20823,0.20807,0.20802,0.20807,0.20823,0.20807,0.20802,0.20807,0.20823,0.20807,0.20802,0.20807,0.20823,0.20807,0.20802,0.20807,0.20823,0.20807,0.20802,0.20807,0.20823,0.20807,0.20802,0.20807,0.20823,0.20807,0.20802,0.20807,0.20823,0.20807,0.20802,0.20807,0.20823,0.20807,0.20802,0.20807,0.20823,0.20807,0.20802,0.20807,0.20823,0.20807,0.20802,0.20807,0.20823,0.20807,0.20802,0.20807,0.20823,0.20807,0.20802,0.20807,0.20823,0.20807,0.20802,0.20807,0.20823,0.20807,0.20802,0.20807,0.20823,0.20807,0.20802,0.20807,0.20823,0.20807,0.20802,0.20807,0.20823,0.20807,0.20802,0.20807,0.20823,0.20807,0.20802,0.20807,0.20823,0.20807,0.20802,0.20807,0.20823,0.20807,0.20802,0.20807,0.20823,0.20807,0.20802,0.20807,0.20823,0.20807,0.20802,0.20743,0.20823,0.20941,0.20411,0.21175,0.20823,0.20005,0.22295,0.19294,0.20823,0.23959,0.13213,0.33224,0.77629,0.81989,0.73677,0.79488,0.77629,0.76619,0.78556,0.77112,0.77629,0.77805,0.77383,0.77679,0.77629,0.77571,0.77549,0.77571,0.77629,0.77571,0.77549,0.77571,0.77629,0.77571,0.77549,0.77571,0.77629,0.77571,0.77549,0.77571,0.77629,0.77571,0.77549,0.77571,0.77629,0.77571,0.77549,0.77571,0.77629,0.77571,0.77549,0.77571,0.77629,0.77571,0.77549,0.77571,0.77629,0.77571,0.77549,0.77571,0.77629,0.77571,0.77549,0.77571,0.77629,0.77571,0.77549,0.77571,0.77629,0.77571,0.77549,0.77571,0.77629,0.77571,0.77549,0.77571,0.77629,0.77571,0.77549,0.77571,0.77629,0.77571,0.77549,0.77571,0.77629,0.77571,0.77549,0.77571,0.77629,0.77571,0.77549,0.77571,0.77629,0.77571,0.77549,0.77571,0.77629,0.77571,0.77549,0.77571,0.77629,0.77571,0.77549,0.77571,0.77629,0.77571,0.77549,0.77571,0.77629,0.77571,0.77549,0.77571,0.77629,0.77571,0.77549,0.77571,0.77629,0.77571,0.77549,0.77571,0.77629,0.77571,0.77549,0.77571,0.77629,0.77571,0.77549,0.77658,0.77629,0.77388,0.78082,0.77069,0.77629,0.78668,0.75508,0.79639,0.77629,0.73264,0.87919,0.60603
0.86578,0.93246,0.80586,0.89434,0.86578,0.85062,0.88023,0.85813,0.86578,0.8687,0.86236,0.86677,0.86578,0.86512,0.86488,0.86512,0.86578,0.86512,0.86488,0.86512,0.86578,0.86512,0.86488,0.86512,0.86578,0.86512,0.86488,0.86512,0.86578,0.86512,0.86488,0.86512,0.86578,0.86512,0.86488,0.86512,0.86578,0.86512,0.86488,0.86512,0.86578,0.86512,0.86488,0.86512,0.86578,0.86512,0.86488,0.86512,0.86578,0.86512,0.86488,0.86512,0.86578,0.86512,0.86488,0.86512,0.86578,0.86512,0.86488,0.86512,0.86578,0.86512,0.86488,0.86512,0.86578,0.86512,0.86488,0.86512,0.86578,0.86512,0.86488,0.86512,0.86578,0.86512,0.86488,0.86512,0.86578,0.86512,0.86488,0.86512,0.86578,0.86512,0.86488,0.86512,0.86578,0.86512,0.86488,0.86512,0.86578,0.86512,0.86488,0.86512,0.86578,0.86512,0.86488,0.86512,0.86578,0.86512,0.86488,0.86512,0.86578,0.86512,0.86488,0.86512,0.86578,0.86512,0.86488,0.86512,0.86578,0.86512,0.86488,0.86512,0.86578,0.86512,0.86488,0.86592,0.86578,0.86347,0.86972,0.86057,0.86578,0.87507,0.84637,0.88389,0.86578,0.82606,0.95895,0.71121,0.16161,0.10672,0.20945,0.13773,0.16161,0.17328,0.14896,0.16718,0.16161,0.15858,0.1635,0.16015,0.16161,0.16149,0.16145,0.16149,0.16161,0.16149,0.16145,0.16149,0.16161,0.16149,0.16145,0.16149,0.16161,0.16149,0.16145,0.16149,0.16161,0.16149,0.16145,0.16149,0.16161,0.16149,0.16145,0.16149,0.16161,0.16149,0.16145,0.16149,0.16161,0.16149,0.16145,0.16149,0.16161,0.16149,0.16145,0.16149,0.16161,0.16149,0.16145,0.16149,0.16161,0.16149,0.16145,0.16149,0.16161,0.16149,0.16145,0.16149,0.16161,0.16149,0.16145,0.16149,0.16161,0.16149,0.16145,0.16149,0.16161,0.16149,0.16145,0.16149,0.16161,0.16149,0.16145,0.16149,0.16161,0.16149,0.16145,0.16149,0.16161,0.16149,0.16145,0.16149,0.16161,0.16149,0.16145,0.16149,0.16161,0.16149,0.16145,0.16149,0.16161,0.16149,0.16145,0.16149,0.16161,0.16149,0.16145,0.16149,0.16161,0.16149,0.16145,0.16149,0.16161,0.16149,0.16145,0.16149,0.16161,0.16149,0.16145,0.16149,0.16161,0.16149,0.16145,0.16168,0.16161,0.16111,0.16256,0.16045,0.16161,0.16378,0.1572,0.1658,0.16161,0.15253,0.18304,0.12617
0.66687,0.71823,0.62072,0.68887,0.66687,0.65519,0.678,0.66098,0.66687,0.66912,0.66423,0.66763,0.66687,0.66636,0.66618,0.66636,0.66687,0.66636,0.66618,0.66636,0.66687,0.66636,0.66618,0.66636,0.66687,0.66636,0.66618,0.66636,0.66687,0.66636,0.66618,0.66636,0.66687,0.66636,0.66618,0.66636,0.66687,0.66636,0.66618,0.66636,0.66687,0.66636,0.66618,0.66636,0.66687,0.66636,0.66618,0.66636,0.66687,0.66636,0.66618,0.66636,0.66687,0.66636,0.66618,0.66636,0.66687,0.66636,0.66618,0.66636,0.66687,0.66636,0.66618,0.66636,0.66687,0.66636,0.66618,0.66636,0.66687,0.66636,0.66618,0.66636,0.66687,0.66636,0.66618,0.66636,0.66687,0.66636,0.66618,0.66636,0.66687,0.66636,0.66618,0.66636,0.66687,0.66636,0.66618,0.66636,0.66687,0.66636,0.66618,0.66636,0.66687,0.66636,0.66618,0.66636,0.66687,0.66636,0.66618,0.66636,0.66687,0.66636,0.66618,0.66636,0.66687,0.66636,0.66618,0.66636,0.66687,0.66636,0.66618,0.66636,0.66687,0.66636,0.66618,0.66621,0.66687,0.66668,0.66525,0.66723,0.66687,0.66445,0.66972,0.66276,0.66687,0.67385,0.64814,0.69586,0.80184,0.81173,0.79181,0.80579,0.80184,0.79897,0.8034,0.80014,0.80184,0.80179,0.80062,0.80149,0.80184,0.80123,0.80101,0.80123,0.80184,0.80123,0.80101,0.80123,0.80184,0.80123,0.80101,0.80123,0.80184,0.80123,0.80101,0.80123,0.80184,0.80123,0.80101,0.80123,0.80184,0.80123,0.80101,0.80123,0.80184,0.80123,0.80101,0.80123,0.80184,0.80123,0.80101,0.80123,0.80184,0.80123,0.80101,0.80123,0.80184,0.80123,0.80101,0.80123,0.80184,0.80123,0.80101,0.80123,0.80184,0.80123,0.80101,0.80123,0.80184,0.80123,0.80101,0.80123,0.80184,0.80123,0.80101,0.80123,0.80184,0.80123,0.80101,0.80123,0.80184,0.80123,0.80101,0.80123,0.80184,0.80123,0.80101,0.80123,0.80184,0.80123,0.80101,0.80123,0.80184,0.80123,0.80101,0.80123,0.80184,0.80123,0.80101,0.80123,0.80184,0.80123,0.80101,0.80123,0.80184,0.80123,0.80101,0.80123,0.80184,0.80123,0.80101,0.80123,0.80184,0.80123,0.80101,0.80123,0.80184,0.80123,0.80101,0.80123,0.80184,0.80123,0.80101,0.80214,0.80184,0.79935,0.80652,0.79605,0.80184,0.81257,0.77993,0.8226,0.80184,0.75675,0.90813,0.62597
0.84803,0.91335,0.78934,0.87601,0.84803,0.83319,0.86219,0.84054,0.84803,0.85089,0.84468,0.849,0.84803,0.84739,0.84715,0.84739,0.84803,0.84739,0.84715,0.84739,0.84803,0.84739,0.84715,0.84739,0.84803,0.84739,0.84715,0.84739,0.84803,0.84739,0.84715,0.84739,0.84803,0.84739,0.84715,0.84739,0.84803,0.84739,0.84715,0.84739,0.84803,0.84739,0.84715,0.84739,0.84803,0.84739,0.84715,0.84739,0.84803,0.84739,0.84715,0.84739,0.84803,0.84739,0.84715,0.84739,0.84803,0.84739,0.84715,0.84739,0.84803,0.84739,0.84715,0.84739,0.84803,0.84739,0.84715,0.84739,0.84803,0.84739,0.84715,0.84739,0.84803,0.84739,0.84715,0.84739,0.84803,0.84739,0.84715,0.84739,0.84803,0.84739,0.84715,0.84739,0.84803,0.84739,0.84715,0.84739,0.84803,0.84739,0.84715,0.84739,0.84803,0.84739,0.84715,0.84739,0.84803,0.84739,0.84715,0.84739,0.84803,0.84739,0.84715,0.84739,0.84803,0.84739,0.84715,0.84739,0.84803,0.84739,0.84715,0.84739,0.84803,0.84739,0.84715,0.84763,0.84803,0.84687,0.84865,0.84597,0.84803,0.85048,0.84139,0.85322,0.84803,0.83524,0.87641,0.79951,0.629,0.61149,0.64328,0.62113,0.629,0.63219,0.62446,0.63029,0.629,0.62762,0.62898,0.6281,0.629,0.62852,0.62835,0.62852,0.629,0.62852,0.62835,0.62852,0.629,0.62852,0.62835,0.62852,0.629,0.62852,0.62835,0.62852,0.629,0.62852,0.62835,0.62852,0.629,0.62852,0.62835,0.62852,0.629,0.62852,0.62835,0.62852,0.629,0.62852,0.62835,0.62852,0.629,0.62852,0.62835,0.62852,0.629,0.62852,0.62835,0.62852,0.629,0.62852,0.62835,0.62852,0.629,0.62852,0.62835,0.62852,0.629,0.62852,0.62835,0.62852,0.629,0.62852,0.62835,0.62852,0.629,0.62852,0.62835,0.62852,0.629,0.62852,0.62835,0.62852,0.629,0.62852,0.62835,0.62852,0.629,0.62852,0.62835,0.62852,0.629,0.62852,0.62835,0.62852,0.629,0.62852,0.62835,0.62852,0.629,0.62852,0.62835,0.62852,0.629,0.62852,0.62835,0.62852,0.629,0.62852,0.62835,0.62852,0.629,0.62852,0.62835,0.62852,0.629,0.62852,0.62835,0.62852,0.629,0.62852,0.62835,0.62923,0.629,0.62704,0.63267,0.62445,0.629,0.63741,0.61181,0.64528,0.629,0.59363,0.71237,0.49104
0.80147,0.86321,0.74601,0.82792,0.80147,0.78745,0.81486,0.7944,0.80147,0.80418,0.79831,0.80239,0.80147,0.80087,0.80064,0.80087,0.80147,0.80087,0.80064,0.80087,0.80147,0.80087,0.80064,0.80087,0.80147,0.80087,0.80064,0.80087,0.80147,0.80087,0.80064,0.80087,0.80147,0.80087,0.80064,0.80087,0.80147,0.80087,0.80064,0.80087,0.80147,0.80087,0.80064,0.80087,0.80147,0.80087,0.80064,0.80087,0.80147,0.80087,0.80064,0.80087,0.80147,0.80087,0.80064,0.80087,0.80147,0.80087,0.80064,0.80087,0.80147,0.80087,0.80064,0.80087,0.80147,0.80087,0.80064,0.80087,0.80147,0.80087,0.80064,0.80087,0.80147,0.80087,0.80064,0.80087,0.80147,0.80087,0.80064,0.80087,0.80147,0.80087,0.80064,0.80087,0.80147,0.80087,0.80064,0.80087,0.80147,0.80087,0.80064,0.80087,0.80147,0.80087,0.80064,0.80087,0.80147,0.80087,0.80064,0.80087,0.80147,0.80087,0.80064,0.80087,0.80147,0.80087,0.80064,0.80087,0.80147,0.80087,0.80064,0.80087,0.80147,0.80087,0.80064,0.80103,0.80147,0.80053,0.80164,0.79993,0.80147,0.80292,0.79684,0.80473,0.80147,0.79283,0.82,0.76921,0.65661,0.64485,0.66581,0.65123,0.65661,0.65854,0.65336,0.65729,0.65661,0.65552,0.65635,0.65584,0.65661,0.65612,0.65593,0.65612,0.65661,0.65612,0.65593,0.65612,0.65661,0.65612,0.65593,0.65612,0.65661,0.65612,0.65593,0.65612,0.65661,0.65612,0.65593,0.65612,0.65661,0.65612,0.65593,0.65612,0.65661,0.65612,0.65593,0.65612,0.65661,0.65612,0.65593,0.65612,0.65661,0.65612,0.65593,0.65612,0.65661,0.65612,0.65593,0.65612,0.65661,0.65612,0.65593,0.65612,0.65661,0.65612,0.65593,0.65612,0.65661,0.65612,0.65593,0.65612,0.65661,0.65612,0.65593,0.65612,0.65661,0.65612,0.65593,0.65612,0.65661,0.65612,0.65593,0.65612,0.65661,0.65612,0.65593,0.65612,0.65661,0.65612,0.65593,0.65612,0.65661,0.65612,0.65593,0.65612,0.65661,0.65612,0.65593,0.65612,0.65661,0.65612,0.65593,0.65612,0.65661,0.65612,0.65593,0.65612,0.65661,0.65612,0.65593,0.65612,0.65661,0.65612,0.65593,0.65612,0.65661,0.65612,0.65593,0.65612,0.65661,0.65612,0.65593,0.65686,0.65661,0.65457,0.66044,0.65187,0.65661,0.6654,0.63867,0.67361,0.65661,0.61969,0.74365,0.5126
0.78215,0.8424,0.72803,0.80796,0.78215,0.76846,0.79521,0.77525,0.78215,0.78479,0.77906,0.78305,0.78215,0.78156,0.78134,0.78156,0.78215,0.78156,0.78134,0.78156,0.78215,0.78156,0.78134,0.78156,0.78215,0.78156,0.78134,0.78156,0.78215,0.78156,0.78134,0.78156,0.78215,0.78156,0.78134,0.78156,0.78215,0.78156,0.78134,0.78156,0.78215,0.78156,0.78134,0.78156,0.78215,0.78156,0.78134,0.78156,0.78215,0.78156,0.78134,0.78156,0.78215,0.78156,0.78134,0.78156,0.78215,0.78156,0.78134,0.78156,0.78215,0.78156,0.78134,0.78156,0.78215,0.78156,0.78134,0.78156,0.78215,0.78156,0.78134,0.78156,0.78215,0.78156,0.78134,0.78156,0.78215,0.78156,0.78134,0.78156,0.78215,0.78156,0.78134,0.78156,0.78215,0.78156,0.78134,0.78156,0.78215,0.78156,0.78134,0.78156,0.78215,0.78156,0.78134,0.78156,0.78215,0.78156,0.78134,0.78156,0.78215,0.78156,0.78134,0.78156,0.78215,0.78156,0.78134,0.78156,0.78215,0.78156,0.78134,0.78156,0.78215,0.78156,0.78134,0.7818,0.78215,0.78106,0.7828,0.78019,0.78215,0.78456,0.77577,0.78721,0.78215,0.76979,0.80968,0.7352,0.57005,0.55312,0.58392,0.56246,0.57005,0.57317,0.5657,0.57133,0.57005,0.56874,0.57008,0.56922,0.57005,0.56962,0.56946,0.56962,0.57005,0.56962,0.56946,0.56962,0.57005,0.56962,0.56946,0.56962,0.57005,0.56962,0.56946,0.56962,0.57005,0.56962,0.56946,0.56962,0.57005,0.56962,0.56946,0.56962,0.57005,0.56962,0.56946,0.56962,0.57005,0.56962,0.56946,0.56962,0.57005,0.56962,0.56946,0.56962,0.57005,0.56962,0.56946,0.56962,0.57005,0.56962,0.56946,0.56962,0.57005,0.56962,0.56946,0.56962,0.57005,0.56962,0.56946,0.56962,0.57005,0.56962,0.56946,0.56962,0.57005,0.56962,0.56946,0.56962,0.57005,0.56962,0.56946,0.56962,0.57005,0.56962,0.56946,0.56962,0.57005,0.56962,0.56946,0.56962,0.57005,0.56962,0.56946,0.56962,0.57005,0.56962,0.56946,0.56962,0.57005,0.56962,0.56946,0.56962,0.57005,0.56962,0.56946,0.56962,0.57005,0.56962,0.56946,0.56962,0.57005,0.56962,0.56946,0.56962,0.57005,0.56962,0.56946,0.56962,0.57005,0.56962,0.56946,0.57026,0.57005,0.56828,0.57338,0.56594,0.57005,0.57768,0.55447,0.58481,0.57005,0.538,0.64561,0.44502
0.86594,0.93263,0.80601,0.89451,0.86594,0.85078,0.8804,0.85829,0.86594,0.86886,0.86252,0.86693,0.86594,0.86528,0.86504,0.86528,0.86594,0.86528,0.86504,0.86528,0.86594,0.86528,0.86504,0.86528,0.86594,0.86528,0.86504,0.86528,0.86594,0.86528,0.86504,0.86528,0.86594,0.86528,0.86504,0.86528,0.86594,0.86528,0.86504,0.86528,0.86594,0.86528,0.86504,0.86528,0.86594,0.86528,0.86504,0.86528,0.86594,0.86528,0.86504,0.86528,0.86594,0.86528,0.86504,0.86528,0.86594,0.86528,0.86504,0.86528,0.86594,0.86528,0.86504,0.86528,0.86594,0.86528,0.86504,0.86528,0.86594,0.86528,0.86504,0.86528,0.86594,0.86528,0.86504,0.86528,0.86594,0.86528,0.86504,0.86528,0.86594,0.86528,0.86504,0.86528,0.86594,0.86528,0.86504,0.86528,0.86594,0.86528,0.86504,0.86528,0.86594,0.86528,0.86504,0.86528,0.86594,0.86528,0.86504,0.86528,0.86594,0.86528,0.86504,0.86528,0.86594,0.86528,0.86504,0.86528,0.86594,0.86528,0.86504,0.86528,0.86594,0.86528,0.86504,0.86528,0.86594,0.86528,0.86504,0.86528,0.86594,0.86528,0.86504,0.86528,0.86594,0.86528,0.86504,0.86528,0.86594,0.86528,0.86504,0.86528,0.86594,0.86528,0.86504,0.86528,0.86594,0.86528,0.86504,0.86528,0.86594,0.86528,0.86504,0.86528,0.86594,0.86528,0.86504,0.86528,0.86594,0.86528,0.86504,0.86528,0.86594,0.86528,0.86504,0.86528,0.86594,0.86528,0.86504,0.86528,0.86594,0.86528,0.86504,0.86528,0.86594,0.86528,0.86504,0.86528,0.86594,0.86528,0.86504,0.86528,0.86594,0.86528,0.86504,0.86528,0.86594,0.86528,0.86504,0.86528,0.86594,0.86528,0.86504,0.86528,0.86594,0.86528,0.86504,0.86528,0.86594,0.86528,0.86504,0.86528,0.86594,0.86528,0.86504,0.86528,0.86594,0.86528,0.86504,0.86528,0.86594,0.86528,0.86504,0.86528,0.86594,0.86528,0.86504,0.86528,0.86594,0.86528,0.86504,0.86528,0.86594,0.86528,0.86504,0.86528,0.86594,0.86528,0.86504,0.86528,0.86594,0.86528,0.86504,0.86528,0.86594,0.86528,0.86504,0.86528,0.86594,0.86528,0.86504,0.86528,0.86594,0.86528,0.86504,0.86528,0.86594,0.86528,0.86504,0.86528,0.86594,0.86528,0.86504,0.86626,0.86594,0.86325,0.87099,0.85968,0.86594,0.87752,0.84227,0.88836,0.86594,0.81724,0.98072,0.67601
0.64564,0.69537,0.60096,0.66694,0.64564,0.63434,0.65642,0.63994,0.64564,0.64782,0.64309,0.64638,0.64564,0.64515,0.64497,0.64515,0.64564,0.64515,0.64497,0.64515,0.64564,0.64515,0.64497,0.64515,0.64564,0.64515,0.64497,0.64515,0.64564,0.64515,0.64497,0.64515,0.64564,0.64515,0.64497,0.64515,0.64564,0.64515,0.64497,0.64515,0.64564,0.64515,0.64497,0.64515,0.64564,0.64515,0.64497,0.64515,0.64564,0.64515,0.64497,0.64523,0.64564,0.64498,0.64546,0.64469,0.64564,0.64615,0.64311,0.64704,0.64564,0.64121,0.65445,0.62964,0.57465,0.5687,0.5789,0.57182,0.57465,0.57541,0.5728,0.57479,0.57465,0.57393,0.57427,0.57408,0.57465,0.57422,0.57406,0.57422,0.57465,0.57422,0.57406,0.57422,0.57465,0.57422,0.57406,0.57422,0.57465,0.57422,0.57406,0.57422,0.57465,0.57422,0.57406,0.57422,0.57465,0.57422,0.57406,0.57422,0.57465,0.57422,0.57406,0.57422,0.57465,0.57422,0.57406,0.57422,0.57465,0.57422,0.57406,0.57422,0.57465,0.57422,0.57406,0.57428,0.57465,0.57408,0.57446,0.57385,0.57465,0.57504,0.57254,0.57576,0.57465,0.57101,0.58177,0.56159,0.51689,0.51201,0.52029,0.51455,0.51689,0.51747,0.51533,0.51697,0.51689,0.51626,0.51652,0.51639,0.51689,0.5165,0.51636,0.5165,0.51689,0.5165,0.51636,0.5165,0.51689,0.5165,0.51636,0.5165,0.51689,0.5165,0.51636,0.5165,0.51689,0.5165,0.51636,0.5165,0.51689,0.5165,0.51636,0.5165,0.51689,0.5165,0.51636,0.5165,0.51689,0.5165,0.51636,0.5165,0.51689,0.5165,0.51636,0.5165,0.51689,0.5165,0.51636,0.51626,0.51689,0.517,0.5149,0.51787,0.51689,0.5135,0.52194,0.51084,0.51689,0.52828,0.48799,0.56291,0.7292,0.74516,0.71397,0.73581,0.7292,0.72509,0.73221,0.72693,0.7292,0.72952,0.72782,0.72905,0.7292,0.72865,0.72844,0.72865,0.7292,0.72865,0.72844,0.72865,0.7292,0.72865,0.72844,0.72865,0.7292,0.72865,0.72844,0.72865,0.7292,0.72865,0.72844,0.72865,0.7292,0.72865,0.72844,0.72865,0.7292,0.72865,0.72844,0.72865,0.7292,0.72865,0.72844,0.72865,0.7292,0.72865,0.72844,0.72865,0.7292,0.72865,0.72844,0.72947,0.7292,0.72693,0.73345,0.72393,0.7292,0.73895,0.70927,0.74808,0.7292,0.68819,0.82586,0.56926
0.7588,0.81725,0.7063,0.78384,0.7588,0.74552,0.77148,0.75211,0.7588,0.76137,0.75581,0.75967,0.7588,0.75823,0.75802,0.75823,0.7588,0.75823,0.75802,0.75823,0.7588,0.75823,0.75802,0.75823,0.7588,0.75823,0.75802,0.75823,0.7588,0.75823,0.75802,0.75823,0.7588,0.75823,0.75802,0.75823,0.7588,0.75823,0.75802,0.75823,0.7588,0.75823,0.75802,0.75823,0.7588,0.75823,0.75802,0.75823,0.7588,0.75823,0.75802,0.75823,0.7588,0.75823,0.75802,0.75823,0.7588,0.75823,0.75802,0.75823,0.7588,0.75823,0.75802,0.75823,0.7588,0.75823,0.75802,0.75823,0.7588,0.75823,0.75802,0.75823,0.7588,0.75823,0.75802,0.75823,0.7588,0.75823,0.75802,0.75823,0.7588,0.75823,0.75802,0.75823,0.7588,0.75823,0.75802,0.75823,0.7588,0.75823,0.75802,0.75823,0.7588,0.75823,0.75802,0.75823,0.7588,0.75823,0.75802,0.75823,0.7588,0.75823,0.75802,0.75823,0.7588,0.75823,0.75802,0.75823,0.7588,0.75823,0.75802,0.75823,0.7588,0.75823,0.75802,0.75865,0.7588,0.75736,0.76056,0.75585,0.7588,0.76345,0.74832,0.76807,0.7588,0.73776,0.80732,0.67756,0.38974,0.36074,0.41449,0.37699,0.38974,0.39562,0.38279,0.39242,0.38974,0.38792,0.39041,0.38874,0.38974,0.38944,0.38933,0.38944,0.38974,0.38944,0.38933,0.38944,0.38974,0.38944,0.38933,0.38944,0.38974,0.38944,0.38933,0.38944,0.38974,0.38944,0.38933,0.38944,0.38974,0.38944,0.38933,0.38944,0.38974,0.38944,0.38933,0.38944,0.38974,0.38944,0.38933,0.38944,0.38974,0.38944,0.38933,0.38944,0.38974,0.38944,0.38933,0.38944,0.38974,0.38944,0.38933,0.38944,0.38974,0.38944,0.38933,0.38944,0.38974,0.38944,0.38933,0.38944,0.38974,0.38944,0.38933,0.38944,0.38974,0.38944,0.38933,0.38944,0.38974,0.38944,0.38933,0.38944,0.38974,0.38944,0.38933,0.38944,0.38974,0.38944,0.38933,0.38944,0.38974,0.38944,0.38933,0.38944,0.38974,0.38944,0.38933,0.38944,0.38974,0.38944,0.38933,0.38944,0.38974,0.38944,0.38933,0.38944,0.38974,0.38944,0.38933,0.38944,0.38974,0.38944,0.38933,0.38944,0.38974,0.38944,0.38933,0.38944,0.38974,0.38944,0.38933,0.38988,0.38974,0.38853,0.39201,0.38692,0.38974,0.39495,0.37909,0.39983,0.38974,0.36782,0.4414,0.30426
0.50989,0.54916,0.47461,0.52676,0.50989,0.50088,0.51866,0.50515,0.50989,0.51214,0.50689,0.51148,0.50989,0.50742,0.51438,0.50131,0.47237,0.4691,0.47444,0.47059,0.47237,0.47297,0.47026,0.47322,0.47237,0.4699,0.47564,0.46825,0.47237,0.47971,0.45334,0.50235,0.61116,0.6215,0.60107,0.61544,0.61116,0.60826,0.61335,0.60925,0.61116,0.612,0.60878,0.61234,0.61116,0.60785,0.6174,0.59946,0.55975,0.55533,0.56267,0.55751,0.55975,0.56035,0.55779,0.56018,0.55975,0.55816,0.5611,0.55742,0.55975,0.56308,0.55013,0.57412,0.62743,0.63223,0.62217,0.62933,0.62743,0.62565,0.62849,0.62594,0.62743,0.62828,0.62465,0.62905,0.62743,0.62288,0.63661,0.61088,0.55386,0.54772,0.5583,0.55084,0.55386,0.55492,0.55126,0.55472,0.55386,0.55164,0.55628,0.55049,0.55386,0.55931,0.53917,0.57655,0.65957,0.6673,0.65168,0.66285,0.65957,0.65687,0.66205,0.65701,0.65957,0.66215,0.65367,0.66425,0.65957,0.64872,0.68383,0.61827,0.47291,0.45803,0.48514,0.46618,0.47291,0.47583,0.46866,0.47447,0.47291,0.47086,0.47466,0.47047,0.47291,0.47613,0.46379,0.48666,0.53748,0.54209,0.53252,0.53922,0.53748,0.53604,0.53791,0.53669,0.53748,0.53703,0.53731,0.53661,0.53748,0.53829,0.53399,0.54186,0.55938,0.56066,0.55731,0.5595,0.55938,0.55901,0.55797,0.55994,0.55938,0.55653,0.56344,0.55424,0.55938,0.56887,0.53494,0.598,0.738,0.75133,0.72506,0.74367,0.738,0.73403,0.74165,0.73483,0.738,0.74074,0.73195,0.74261,0.738,0.7274,0.76143,0.69786,0.55692,0.54242,0.56869,0.55033,0.55692,0.55965,0.55277,0.5583,0.55692,0.55501,0.55825,0.55476,0.55692,0.55941,0.54933,0.56798,0.60945,0.61307,0.60524,0.61085,0.60945,0.60791,0.61032,0.60802,0.60945,0.61038,0.60647,0.61131,0.60945,0.60436,0.61996,0.59075,0.52601,0.51913,0.53116,0.52269,0.52601,0.52725,0.52331,0.52693,0.52601,0.52387,0.52833,0.52281,0.52601,0.53114,0.51217,0.54738,0.62557,0.63284,0.61814,0.62858,0.62557,0.62317,0.62746,0.62357,0.62557,0.62709,0.62169,0.62827,0.62557,0.61889,0.63987,0.60065,0.51371,0.50462,0.52081,0.51013,0.51371,0.51399,0.51473,0.51091,0.51371,0.52012,0.5,0.5268,0.51371,0.48483,0.58181,0.40104
0.17417,0.18758,0.16211,0.17991,0.17417,0.17112,0.17707,0.17263,0.17417,0.17475,0.17348,0.17437,0.17417,0.17403,0.17399,0.17403,0.17417,0.17403,0.17399,0.17403,0.17417,0.17403,0.17399,0.17403,0.17417,0.17403,0.17399,0.17403,0.17417,0.17403,0.17399,0.17403,0.17417,0.17403,0.17399,0.17403,0.17417,0.17403,0.17399,0.17403,0.17417,0.17403,0.17399,0.17403,0.17417,0.17403,0.17399,0.17403,0.17417,0.17403,0.17399,0.17403,0.17417,0.17403,0.17399,0.17403,0.17417,0.17403,0.17399,0.17403,0.17417,0.17403,0.17399,0.17403,0.17417,0.17403,0.17399,0.17403,0.17417,0.17403,0.17399,0.17403,0.17417,0.17403,0.17399,0.17403,0.17417,0.17403,0.17399,0.17403,0.17417,0.17403,0.17399,0.17403,0.17417,0.17403,0.17399,0.17403,0.17417,0.17403,0.17399,0.17403,0.17417,0.17403,0.17399,0.17403,0.17417,0.17403,0.17399,0.17403,0.17417,0.17403,0.17399,0.17403,0.17417,0.17403,0.17399,0.17403,0.17417,0.17403,0.17399,0.17403,0.17417,0.17403,0.17399,0.17331,0.17417,0.17555,0.16956,0.1782,0.17417,0.16493,0.19093,0.15686,0.17417,0.20978,0.087902,0.31488,0.81855,0.86805,0.77378,0.83968,0.81855,0.80714,0.82913,0.81273,0.81855,0.8206,0.81583,0.81916,0.81855,0.81793,0.81771,0.81793,0.81855,0.81793,0.81771,0.81793,0.81855,0.81793,0.81771,0.81793,0.81855,0.81793,0.81771,0.81793,0.81855,0.81793,0.81771,0.81793,0.81855,0.81793,0.81771,0.81793,0.81855,0.81793,0.81771,0.81793,0.81855,0.81793,0.81771,0.81793,0.81855,0.81793,0.81771,0.81793,0.81855,0.81793,0.81771,0.81793,0.81855,0.81793,0.81771,0.81793,0.81855,0.81793,0.81771,0.81793,0.81855,0.81793,0.81771,0.81793,0.81855,0.81793,0.81771,0.81793,0.81855,0.81793,0.81771,0.81793,0.81855,0.81793,0.81771,0.81793,0.81855,0.81793,0.81771,0.81793,0.81855,0.81793,0.81771,0.81793,0.81855,0.81793,0.81771,0.81793,0.81855,0.81793,0.81771,0.81793,0.81855,0.81793,0.81771,0.81793,0.81855,0.81793,0.81771,0.81793,0.81855,0.81793,0.81771,0.81793,0.81855,0.81793,0.81771,0.81793,0.81855,0.81793,0.81771,0.81793,0.81855,0.81793,0.81771,0.81886,0.81855,0.81601,0.82333,0.81264,0.81855,0.8295,0.79618,0.83975,0.81855,0.77252,0.92706,0.63902
0.8433,0.90825,0.78494,0.87112,0.8433,0.82854,0.85738,0.83585,0.8433,0.84615,0.83997,0.84426,0.8433,0.84266,0.84242,0.84266,0.8433,0.84266,0.84242,0.84266,0.8433,0.84266,0.84242,0.84266,0.8433,0.84266,0.84242,0.84266,0.8433,0.84266,0.84242,0.84266,0.8433,0.84266,0.84242,0.84266,0.8433,0.84266,0.84242,0.84266,0.8433,0.84266,0.84242,0.84266,0.8433,0.84266,0.84242,0.84266,0.8433,0.84266,0.84242,0.84266,0.8433,0.84266,0.84242,0.84266,0.8433,0.84266,0.84242,0.84266,0.8433,0.84266,0.84242,0.84266,0.8433,0.84266,0.84242,0.84266,0.8433,0.84266,0.84242,0.84266,0.8433,0.84266,0.84242,0.84266,0.8433,0.84266,0.84242,0.84266,0.8433,0.84266,0.84242,0.84266,0.8433,0.84266,0.84242,0.84266,0.8433,0.84266,0.84242,0.84266,0.8433,0.84266,0.84242,0.84266,0.8433,0.84266,0.84242,0.84266,0.8433,0.84266,0.84242,0.84266,0.8433,0.84266,0.84242,0.84266,0.8433,0.84266,0.84242,0.84266,0.8433,0.84266,0.84242,0.84293,0.8433,0.84211,0.84404,0.84114,0.8433,0.84598,0.83626,0.84891,0.8433,0.82965,0.87377,0.79138,0.60869,0.58999,0.62406,0.60032,0.60869,0.61216,0.6039,0.61013,0.60869,0.60726,0.60875,0.60779,0.60869,0.60823,0.60806,0.60823,0.60869,0.60823,0.60806,0.60823,0.60869,0.60823,0.60806,0.60823,0.60869,0.60823,0.60806,0.60823,0.60869,0.60823,0.60806,0.60823,0.60869,0.60823,0.60806,0.60823,0.60869,0.60823,0.60806,0.60823,0.60869,0.60823,0.60806,0.60823,0.60869,0.60823,0.60806,0.60823,0.60869,0.60823,0.60806,0.60823,0.60869,0.60823,0.60806,0.60823,0.60869,0.60823,0.60806,0.60823,0.60869,0.60823,0.60806,0.60823,0.60869,0.60823,0.60806,0.60823,0.60869,0.60823,0.60806,0.60823,0.60869,0.60823,0.60806,0.60823,0.60869,0.60823,0.60806,0.60823,0.60869,0.60823,0.60806,0.60823,0.60869,0.60823,0.60806,0.60823,0.60869,0.60823,0.60806,0.60823,0.60869,0.60823,0.60806,0.60823,0.60869,0.60823,0.60806,0.60823,0.60869,0.60823,0.60806,0.60823,0.60869,0.60823,0.60806,0.60823,0.60869,0.60823,0.60806,0.60823,0.60869,0.60823,0.60806,0.60892,0.60869,0.6068,0.61225,0.6043,0.60869,0.61684,0.59206,0.62446,0.60869,0.57447,0.68938,0.47519
0.84151,0.90633,0.78328,0.86928,0.84151,0.82679,0.85556,0.83408,0.84151,0.84436,0.83819,0.84248,0.84151,0.84088,0.84064,0.84088,0.84151,0.84088,0.84064,0.84088,0.84151,0.84088,0.84064,0.84088,0.84151,0.84088,0.84064,0.84088,0.84151,0.84088,0.84064,0.84088,0.84151,0.84088,0.84064,0.84088,0.84151,0.84088,0.84064,0.84088,0.84151,0.84088,0.84064,0.84088,0.84151,0.84088,0.84064,0.84088,0.84151,0.84088,0.84064,0.84088,0.84151,0.84088,0.84064,0.84088,0.84151,0.84088,0.84064,0.84088,0.84151,0.84088,0.84064,0.84088,0.84151,0.84088,0.84064,0.84088,0.84151,0.84088,0.84064,0.84088,0.84151,0.84088,0.84064,0.84088,0.84151,0.84088,0.84064,0.84088,0.84151,0.84088,0.84064,0.84088,0.84151,0.84088,0.84064,0.84088,0.84151,0.84088,0.84064,0.84088,0.84151,0.84088,0.84064,0.84088,0.84151,0.84088,0.84064,0.84088,0.84151,0.84088,0.84064,0.84088,0.84151,0.84088,0.84064,0.84088,0.84151,0.84088,0.84064,0.84088,0.84151,0.84088,0.84064,0.84088,0.84151,0.84088,0.84064,0.84088,0.84151,0.84088,0.84064,0.84088,0.84151,0.84088,0.84064,0.84088,0.84151,0.84088,0.84064,0.84088,0.84151,0.84088,0.84064,0.84088,0.84151,0.84088,0.84064,0.84088,0.84151,0.84088,0.84064,0.84088,0.84151,0.84088,0.84064,0.84088,0.84151,0.84088,0.84064,0.84088,0.84151,0.84088,0.84064,0.84088,0.84151,0.84088,0.84064,0.84088,0.84151,0.84088,0.84064,0.84088,0.84151,0.84088,0.84064,0.84088,0.84151,0.84088,0.84064,0.84088,0.84151,0.84088,0.84064,0.84088,0.84151,0.84088,0.84064,0.84088,0.84151,0.84088,0.84064,0.84088,0.84151,0.84088,0.84064,0.84088,0.84151,0.84088,0.84064,0.84088,0.84151,0.84088,0.84064,0.84088,0.84151,0.84088,0.84064,0.84088,0.84151,0.84088,0.84064,0.84088,0.84151,0.84088,0.84064,0.84088,0.84151,0.84088,0.84064,0.84088,0.84151,0.84088,0.84064,0.84088,0.84151,0.84088,0.84064,0.84088,0.84151,0.84088,0.84064,0.84088,0.84151,0.84088,0.84064,0.84088,0.84151,0.84088,0.84064,0.84088,0.84151,0.84088,0.84064,0.84088,0.84151,0.84088,0.84064,0.84088,0.84151,0.84088,0.84064,0.84183,0.84151,0.8389,0.84642,0.83544,0.84151,0.85277,0.81852,0.8633,0.84151,0.79419,0.95306,0.65694
0.73486,0.79147,0.68401,0.75911,0.73486,0.722,0.74713,0.72838,0.73486,0.73735,0.73196,0.73571,0.73486,0.73431,0.7341,0.73431,0.73486,0.73431,0.7341,0.73431,0.73486,0.73431,0.7341,0.73431,0.73486,0.73431,0.7341,0.73431,0.73486,0.73431,0.7341,0.73431,0.73486,0.73431,0.7341,0.73431,0.73486,0.73431,0.7341,0.73431,0.73486,0.73431,0.7341,0.73431,0.73486,0.73431,0.7341,0.73431,0.73486,0.73431,0.7341,0.73431,0.73486,0.73431,0.7341,0.73431,0.73486,0.73431,0.7341,0.73431,0.73486,0.73431,0.7341,0.73431,0.73486,0.73431,0.7341,0.73431,0.73486,0.73431,0.7341,0.73431,0.73486,0.73431,0.7341,0.73431,0.73486,0.73431,0.7341,0.73431,0.73486,0.73431,0.7341,0.73431,0.73486,0.73431,0.7341,0.73431,0.73486,0.73431,0.7341,0.73431,0.73486,0.73431,0.7341,0.73431,0.73486,0.73431,0.7341,0.73431,0.73486,0.73431,0.7341,0.73431,0.73486,0.73431,0.7341,0.73431,0.73486,0.73431,0.7341,0.73431,0.73486,0.73431,0.7341,0.73468,0.73486,0.73354,0.73635,0.7322,0.73486,0.73892,0.72552,0.74301,0.73486,0.7162,0.77772,0.66295,0.40838,0.38268,0.43021,0.39706,0.40838,0.41354,0.40217,0.41071,0.40838,0.40672,0.40891,0.40745,0.40838,0.40807,0.40796,0.40807,0.40838,0.40807,0.40796,0.40807,0.40838,0.40807,0.40796,0.40807,0.40838,0.40807,0.40796,0.40807,0.40838,0.40807,0.40796,0.40807,0.40838,0.40807,0.40796,0.40807,0.40838,0.40807,0.40796,0.40807,0.40838,0.40807,0.40796,0.40807,0.40838,0.40807,0.40796,0.40807,0.40838,0.40807,0.40796,0.40807,0.40838,0.40807,0.40796,0.40807,0.40838,0.40807,0.40796,0.40807,0.40838,0.40807,0.40796,0.40807,0.40838,0.40807,0.40796,0.40807,0.40838,0.40807,0.40796,0.40807,0.40838,0.40807,0.40796,0.40807,0.40838,0.40807,0.40796,0.40807,0.40838,0.40807,0.40796,0.40807,0.40838,0.40807,0.40796,0.40807,0.40838,0.40807,0.40796,0.40807,0.40838,0.40807,0.40796,0.40807,0.40838,0.40807,0.40796,0.40807,0.40838,0.40807,0.40796,0.40807,0.40838,0.40807,0.40796,0.40807,0.40838,0.40807,0.40796,0.40807,0.40838,0.40807,0.40796,0.40854,0.40838,0.40711,0.41077,0.40543,0.40838,0.41385,0.39722,0.41896,0.40838,0.38542,0.46252,0.31881
0.62502,0.67316,0.58176,0.64564,0.62502,0.61408,0.63545,0.6195,0.62502,0.62713,0.62255,0.62573,0.62502,0.62454,0.62437,0.62454,0.62502,0.62454,0.62437,0.62454,0.62502,0.62454,0.62437,0.62454,0.62502,0.62454,0.62437,0.62454,0.62502,0.62454,0.62437,0.62454,0.62502,0.62454,0.62437,0.62454,0.62502,0.62454,0.62437,0.62454,0.62502,0.62454,0.62437,0.62454,0.62502,0.62454,0.62437,0.62454,0.62502,0.62454,0.62437,0.62454,0.62502,0.62454,0.62437,0.62454,0.62502,0.62454,0.62437,0.62454,0.62502,0.62454,0.62437,0.62454,0.62502,0.62454,0.62437,0.62454,0.62502,0.62454,0.62437,0.62454,0.62502,0.62454,0.62437,0.62454,0.62502,0.62454,0.62437,0.62454,0.62502,0.62454,0.62437,0.62454,0.62502,0.62454,0.62437,0.62454,0.62502,0.62454,0.62437,0.62454,0.62502,0.62454,0.62437,0.62454,0.62502,0.62454,0.62437,0.62454,0.62502,0.62454,0.62437,0.62454,0.62502,0.62454,0.62437,0.62454,0.62502,0.62454,0.62437,0.62454,0.62502,0.62454,0.62437,0.62436,0.62502,0.62494,0.62322,0.62562,0.62502,0.62218,0.62876,0.62009,0.62502,0.63381,0.60207,0.66104,0.79197,0.80435,0.77977,0.797,0.79197,0.78857,0.79411,0.79002,0.79197,0.79206,0.79066,0.79169,0.79197,0.79137,0.79115,0.79137,0.79197,0.79137,0.79115,0.79137,0.79197,0.79137,0.79115,0.79137,0.79197,0.79137,0.79115,0.79137,0.79197,0.79137,0.79115,0.79137,0.79197,0.79137,0.79115,0.79137,0.79197,0.79137,0.79115,0.79137,0.79197,0.79137,0.79115,0.79137,0.79197,0.79137,0.79115,0.79137,0.79197,0.79137,0.79115,0.79137,0.79197,0.79137,0.79115,0.79137,0.79197,0.79137,0.79115,0.79137,0.79197,0.79137,0.79115,0.79137,0.79197,0.79137,0.79115,0.79137,0.79197,0.79137,0.79115,0.79137,0.79197,0.79137,0.79115,0.79137,0.79197,0.79137,0.79115,0.79137,0.79197,0.79137,0.79115,0.79137,0.79197,0.79137,0.79115,0.79137,0.79197,0.79137,0.79115,0.79137,0.79197,0.79137,0.79115,0.79137,0.79197,0.79137,0.79115,0.79137,0.79197,0.79137,0.79115,0.79137,0.79197,0.79137,0.79115,0.79137,0.79197,0.79137,0.79115,0.79137,0.79197,0.79137,0.79115,0.79226,0.79197,0.78951,0.79659,0.78625,0.79197,0.80256,0.77033,0.81247,0.79197,0.74743,0.89695,0.61826
0.84535,0.91046,0.78685,0.87324,0.84535,0.83055,0.85946,0.83788,0.84535,0.8482,0.84201,0.84631,0.84535,0.84471,0.84447,0.84471,0.84535,0.84471,0.84447,0.84471,0.84535,0.84471,0.84447,0.84471,0.84535,0.84471,0.84447,0.84471,0.84535,0.84471,0.84447,0.84471,0.84535,0.84471,0.84447,0.84471,0.84535,0.84471,0.84447,0.84471,0.84535,0.84471,0.84447,0.84471,0.84535,0.84471,0.84447,0.84471,0.84535,0.84471,0.84447,0.84471,0.84535,0.84471,0.84447,0.84471,0.84535,0.84471,0.84447,0.84471,0.84535,0.84471,0.84447,0.84471,0.84535,0.84471,0.84447,0.84471,0.84535,0.84471,0.84447,0.84471,0.84535,0.84471,0.84447,0.84471,0.84535,0.84471,0.84447,0.84471,0.84535,0.84471,0.84447,0.84471,0.84535,0.84471,0.84447,0.84471,0.84535,0.84471,0.84447,0.84471,0.84535,0.84471,0.84447,0.84471,0.84535,0.84471,0.84447,0.84471,0.84535,0.84471,0.84447,0.84471,0.84535,0.84471,0.84447,0.84471,0.84535,0.84471,0.84447,0.84471,0.84535,0.84471,0.84447,0.84471,0.84535,0.84471,0.84447,0.84471,0.84535,0.84471,0.84447,0.84471,0.84535,0.84471,0.84447,0.84471,0.84535,0.84471,0.84447,0.84471,0.84535,0.84471,0.84447,0.84471,0.84535,0.84471,0.84447,0.84471,0.84535,0.84471,0.84447,0.84471,0.84535,0.84471,0.84447,0.84471,0.84535,0.84471,0.84447,0.84471,0.84535,0.84471,0.84447,0.84471,0.84535,0.84471,0.84447,0.84471,0.84535,0.84471,0.84447,0.84471,0.84535,0.84471,0.84447,0.84471,0.84535,0.84471,0.84447,0.84471,0.84535,0.84471,0.84447,0.84471,0.84535,0.84471,0.84447,0.84471,0.84535,0.84471,0.84447,0.84471,0.84535,0.84471,0.84447,0.84471,0.84535,0.84471,0.84447,0.84471,0.84535,0.84471,0.84447,0.84471,0.84535,0.84471,0.84447,0.84471,0.84535,0.84471,0.84447,0.84471,0.84535,0.84471,0.84447,0.84471,0.84535,0.84471,0.84447,0.84471,0.84535,0.84471,0.84447,0.84471,0.84535,0.84471,0.84447,0.84471,0.84535,0.84471,0.84447,0.84471,0.84535,0.84471,0.84447,0.84471,0.84535,0.84471,0.84447,0.84471,0.84535,0.84471,0.84447,0.84471,0.84535,0.84471,0.84447,0.84471,0.84535,0.84471,0.84447,0.84566,0.84535,0.84272,0.85028,0.83924,0.84535,0.85666,0.82225,0.86724,0.84535,0.79781,0.9574,0.65994
0.83022,0.89417,0.77277,0.85762,0.83022,0.81569,0.84409,0.82289,0.83022,0.83303,0.82695,0.83118,0.83022,0.8296,0.82937,0.8296,0.83022,0.8296,0.82937,0.8296,0.83022,0.8296,0.82937,0.8296,0.83022,0.8296,0.82937,0.8296,0.83022,0.8296,0.82937,0.8296,0.83022,0.8296,0.82937,0.8296,0.83022,0.8296,0.82937,0.8296,0.83022,0.8296,0.82937,0.8296,0.83022,0.8296,0.82937,0.8296,0.83022,0.8296,0.82937,0.8296,0.83022,0.8296,0.82937,0.8296,0.83022,0.8296,0.82937,0.8296,0.83022,0.8296,0.82937,0.8296,0.83022,0.8296,0.82937,0.8296,0.83022,0.8296,0.82937,0.8296,0.83022,0.8296,0.82937,0.8296,0.83022,0.8296,0.82937,0.8296,0.83022,0.8296,0.82937,0.8296,0.83022,0.8296,0.82937,0.8296,0.83022,0.8296,0.82937,0.8296,0.83022,0.8296,0.82937,0.8296,0.83022,0.8296,0.82937,0.8296,0.83022,0.8296,0.82937,0.8296,0.83022,0.8296,0.82937,0.8296,0.83022,0.8296,0.82937,0.8296,0.83022,0.8296,0.82937,0.8296,0.83022,0.8296,0.82937,0.8296,0.83022,0.8296,0.82937,0.8296,0.83022,0.8296,0.82937,0.8296,0.83022,0.8296,0.82937,0.8296,0.83022,0.8296,0.82937,0.8296,0.83022,0.8296,0.82937,0.8296,0.83022,0.8296,0.82937,0.8296,0.83022,0.8296,0.82937,0.8296,0.83022,0.8296,0.82937,0.8296,0.83022,0.8296,0.82937,0.8296,0.83022,0.8296,0.82937,0.8296,0.83022,0.8296,0.82937,0.8296,0.83022,0.8296,0.82937,0.8296,0.83022,0.8296,0.82937,0.8296,0.83022,0.8296,0.82937,0.8296,0.83022,0.8296,0.82937,0.8296,0.83022,0.8296,0.82937,0.8296,0.83022,0.8296,0.82937,0.8296,0.83022,0.8296,0.82937,0.8296,0.83022,0.8296,0.82937,0.8296,0.83022,0.8296,0.82937,0.8296,0.83022,0.8296,0.82937,0.8296,0.83022,0.8296,0.82937,0.8296,0.83022,0.8296,0.82937,0.8296,0.83022,0.8296,0.82937,0.8296,0.83022,0.8296,0.82937,0.8296,0.83022,0.8296,0.82937,0.8296,0.83022,0.8296,0.82937,0.8296,0.83022,0.8296,0.82937,0.8296,0.83022,0.8296,0.82937,0.8296,0.83022,0.8296,0.82937,0.8296,0.83022,0.8296,0.82937,0.83054,0.83022,0.82765,0.83507,0.82423,0.83022,0.84133,0.80754,0.85172,0.83022,0.78354,0.94028,0.64813
0.8137,0.87637,0.75739,0.84054,0.8137,0.79946,0.82728,0.80651,0.8137,0.81645,0.81048,0.81463,0.8137,0.81308,0.81286,0.81308,0.8137,0.81308,0.81286,0.81308,0.8137,0.81308,0.81286,0.81308,0.8137,0.81308,0.81286,0.81308,0.8137,0.81308,0.81286,0.81308,0.8137,0.81308,0.81286,0.81308,0.8137,0.81308,0.81286,0.81308,0.8137,0.81308,0.81286,0.81308,0.8137,0.81308,0.81286,0.81308,0.8137,0.81308,0.81286,0.81308,0.8137,0.81308,0.81286,0.81308,0.8137,0.81308,0.81286,0.81308,0.8137,0.81308,0.81286,0.81308,0.8137,0.81308,0.81286,0.81308,0.8137,0.81308,0.81286,0.81308,0.8137,0.81308,0.81286,0.81308,0.8137,0.81308,0.81286,0.81308,0.8137,0.81308,0.81286,0.81308,0.8137,0.81308,0.81286,0.81308,0.8137,0.81308,0.81286,0.81308,0.8137,0.81308,0.81286,0.81308,0.8137,0.81308,0.81286,0.81308,0.8137,0.81308,0.81286,0.81308,0.8137,0.81308,0.81286,0.81308,0.8137,0.81308,0.81286,0.81308,0.8137,0.81308,0.81286,0.81348,0.8137,0.81225,0.81529,0.81079,0.8137,0.81808,0.80355,0.82251,0.8137,0.79345,0.86013,0.73573,0.45979,0.43192,0.48344,0.4475,0.45979,0.46537,0.45304,0.4623,0.45979,0.45798,0.46035,0.45877,0.45979,0.45945,0.45932,0.45945,0.45979,0.45945,0.45932,0.45945,0.45979,0.45945,0.45932,0.45945,0.45979,0.45945,0.45932,0.45945,0.45979,0.45945,0.45932,0.45945,0.45979,0.45945,0.45932,0.45945,0.45979,0.45945,0.45932,0.45945,0.45979,0.45945,0.45932,0.45945,0.45979,0.45945,0.45932,0.45945,0.45979,0.45945,0.45932,0.45945,0.45979,0.45945,0.45932,0.45945,0.45979,0.45945,0.45932,0.45945,0.45979,0.45945,0.45932,0.45945,0.45979,0.45945,0.45932,0.45945,0.45979,0.45945,0.45932,0.45945,0.45979,0.45945,0.45932,0.45945,0.45979,0.45945,0.45932,0.45945,0.45979,0.45945,0.45932,0.45945,0.45979,0.45945,0.45932,0.45945,0.45979,0.45945,0.45932,0.45945,0.45979,0.45945,0.45932,0.45945,0.45979,0.45945,0.45932,0.45945,0.45979,0.45945,0.45932,0.45945,0.45979,0.45945,0.45932,0.45945,0.45979,0.45945,0.45932,0.45945,0.45979,0.45945,0.45932,0.45997,0.45979,0.45837,0.46248,0.45647,0.45979,0.46594,0.44723,0.4717,0.45979,0.43394,0.52074,0.35895
0.13702,0.14758,0.12754,0.14154,0.13702,0.13462,0.13931,0.13581,0.13702,0.13749,0.13648,0.13718,0.13702,0.13692,0.13688,0.13692,0.13702,0.13692,0.13688,0.13692,0.13702,0.13692,0.13688,0.13692,0.13702,0.13692,0.13688,0.13692,0.13702,0.13692,0.13688,0.13692,0.13702,0.13692,0.13688,0.13692,0.13702,0.13692,0.13688,0.13692,0.13702,0.13692,0.13688,0.13692,0.13702,0.13692,0.13688,0.13692,0.13702,0.13692,0.13688,0.13692,0.13702,0.13692,0.13688,0.13692,0.13702,0.13692,0.13688,0.13692,0.13702,0.13692,0.13688,0.13692,0.13702,0.13692,0.13688,0.13692,0.13702,0.13692,0.13688,0.13692,0.13702,0.13692,0.13688,0.13692,0.13702,0.13692,0.13688,0.13692,0.13702,0.13692,0.13688,0.13692,0.13702,0.13692,0.13688,0.13692,0.13702,0.13692,0.13688,0.13692,0.13702,0.13692,0.13688,0.13692,0.13702,0.13692,0.13688,0.13692,0.13702,0.13692,0.13688,0.13692,0.13702,0.13692,0.13688,0.13692,0.13702,0.13692,0.13688,0.13692,0.13702,0.13692,0.13688,0.13606,0.13702,0.1387,0.13166,0.14183,0.13702,0.12618,0.15685,0.11668,0.13702,0.17906,0.035408,0.30295,0.89661,0.95501,0.8439,0.92156,0.89661,0.88321,0.90915,0.8898,0.89661,0.89907,0.89346,0.89737,0.89661,0.89593,0.89568,0.89593,0.89661,0.89593,0.89568,0.89593,0.89661,0.89593,0.89568,0.89593,0.89661,0.89593,0.89568,0.89593,0.89661,0.89593,0.89568,0.89593,0.89661,0.89593,0.89568,0.89593,0.89661,0.89593,0.89568,0.89593,0.89661,0.89593,0.89568,0.89593,0.89661,0.89593,0.89568,0.89593,0.89661,0.89593,0.89568,0.89593,0.89661,0.89593,0.89568,0.89593,0.89661,0.89593,0.89568,0.89593,0.89661,0.89593,0.89568,0.89593,0.89661,0.89593,0.89568,0.89593,0.89661,0.89593,0.89568,0.89593,0.89661,0.89593,0.89568,0.89593,0.89661,0.89593,0.89568,0.89593,0.89661,0.89593,0.89568,0.89593,0.89661,0.89593,0.89568,0.89593,0.89661,0.89593,0.89568,0.89593,0.89661,0.89593,0.89568,0.89593,0.89661,0.89593,0.89568,0.89593,0.89661,0.89593,0.89568,0.89593,0.89661,0.89593,0.89568,0.89593,0.89661,0.89593,0.89568,0.89593,0.89661,0.89593,0.89568,0.89694,0.89661,0.89382,0.90184,0.89013,0.89661,0.9086,0.8721,0.91982,0.89661,0.84619,1.0155,0.69995
0.80163,0.86338,0.74616,0.82808,0.80163,0.7876,0.81502,0.79456,0.80163,0.80434,0.79847,0.80255,0.80163,0.80103,0.8008,0.80103,0.80163,0.80103,0.8008,0.80103,0.80163,0.80103,0.8008,0.80103,0.80163,0.80103,0.8008,0.80103,0.80163,0.80103,0.8008,0.80103,0.80163,0.80103,0.8008,0.80103,0.80163,0.80103,0.8008,0.80103,0.80163,0.80103,0.8008,0.80103,0.80163,0.80103,0.8008,0.80103,0.80163,0.80103,0.8008,0.80103,0.80163,0.80103,0.8008,0.80103,0.80163,0.80103,0.8008,0.80103,0.80163,0.80103,0.8008,0.80103,0.80163,0.80103,0.8008,0.80103,0.80163,0.80103,0.8008,0.80103,0.80163,0.80103,0.8008,0.80103,0.80163,0.80103,0.8008,0.80103,0.80163,0.80103,0.8008,0.80103,0.80163,0.80103,0.8008,0.80103,0.80163,0.80103,0.8008,0.80103,0.80163,0.80103,0.8008,0.80103,0.80163,0.80103,0.8008,0.80103,0.80163,0.80103,0.8008,0.80103,0.80163,0.80103,0.8008,0.80103,0.80163,0.80103,0.8008,0.80103,0.80163,0.80103,0.8008,0.80103,0.80163,0.80103,0.8008,0.80103,0.80163,0.80103,0.8008,0.80103,0.80163,0.80103,0.8008,0.80103,0.80163,0.80103,0.8008,0.80103,0.80163,0.80103,0.8008,0.80103,0.80163,0.80103,0.8008,0.80103,0.80163,0.80103,0.8008,0.80103,0.80163,0.80103,0.8008,0.80103,0.80163,0.80103,0.8008,0.80103,0.80163,0.80103,0.8008,0.80103,0.80163,0.80103,0.8008,0.80103,0.80163,0.80103,0.8008,0.80103,0.80163,0.80103,0.8008,0.80103,0.80163,0.80103,0.8008,0.80103,0.80163,0.80103,0.8008,0.80103,0.80163,0.80103,0.8008,0.80103,0.80163,0.80103,0.8008,0.80103,0.80163,0.80103,0.8008,0.80103,0.80163,0.80103,0.8008,0.80103,0.80163,0.80103,0.8008,0.80103,0.80163,0.80103,0.8008,0.80103,0.80163,0.80103,0.8008,0.80103,0.80163,0.80103,0.8008,0.80103,0.80163,0.80103,0.8008,0.80103,0.80163,0.80103,0.8008,0.80103,0.80163,0.80103,0.8008,0.80103,0.80163,0.80103,0.8008,0.80103,0.80163,0.80103,0.8008,0.80103,0.80163,0.80103,0.8008,0.80103,0.80163,0.80103,0.8008,0.80103,0.80163,0.80103,0.8008,0.80103,0.80163,0.80103,0.8008,0.80193,0.80163,0.79914,0.80631,0.79584,0.80163,0.81236,0.77973,0.82239,0.80163,0.75656,0.90789,0.62581
0.76255,0.82128,0.70978,0.78771,0.76255,0.7492,0.77528,0.75582,0.76255,0.76512,0.75954,0.76342,0.76255,0.76197,0.76176,0.76197,0.76255,0.76197,0.76176,0.76197,0.76255,0.76197,0.76176,0.76197,0.76255,0.76197,0.76176,0.76197,0.76255,0.76197,0.76176,0.76197,0.76255,0.76197,0.76176,0.76197,0.76255,0.76197,0.76176,0.76197,0.76255,0.76197,0.76176,0.76197,0.76255,0.76197,0.76176,0.76197,0.76255,0.76197,0.76176,0.76197,0.76255,0.76197,0.76176,0.76197,0.76255,0.76197,0.76176,0.76197,0.76255,0.76197,0.76176,0.76197,0.76255,0.76197,0.76176,0.76197,0.76255,0.76197,0.76176,0.76197,0.76255,0.76197,0.76176,0.76197,0.76255,0.76197,0.76176,0.76197,0.76255,0.76197,0.76176,0.76197,0.76255,0.76197,0.76176,0.76197,0.76255,0.76197,0.76176,0.76197,0.76255,0.76197,0.76176,0.76197,0.76255,0.76197,0.76176,0.76197,0.76255,0.76197,0.76176,0.76197,0.76255,0.76197,0.76176,0.76197,0.76255,0.76197,0.76176,0.76197,0.76255,0.76197,0.76176,0.76253,0.76255,0.76082,0.76514,0.75879,0.76255,0.76893,0.74881,0.7751,0.76255,0.73465,0.82756,0.65431,0.26997,0.23145,0.30327,0.25314,0.26997,0.27801,0.26096,0.27374,0.26997,0.26773,0.27113,0.26883,0.26997,0.26977,0.26969,0.26977,0.26997,0.26977,0.26969,0.26977,0.26997,0.26977,0.26969,0.26977,0.26997,0.26977,0.26969,0.26977,0.26997,0.26977,0.26969,0.26977,0.26997,0.26977,0.26969,0.26977,0.26997,0.26977,0.26969,0.26977,0.26997,0.26977,0.26969,0.26977,0.26997,0.26977,0.26969,0.26977,0.26997,0.26977,0.26969,0.26977,0.26997,0.26977,0.26969,0.26977,0.26997,0.26977,0.26969,0.26977,0.26997,0.26977,0.26969,0.26977,0.26997,0.26977,0.26969,0.26977,0.26997,0.26977,0.26969,0.26977,0.26997,0.26977,0.26969,0.26977,0.26997,0.26977,0.26969,0.26977,0.26997,0.26977,0.26969,0.26977,0.26997,0.26977,0.26969,0.26977,0.26997,0.26977,0.26969,0.26977,0.26997,0.26977,0.26969,0.26977,0.26997,0.26977,0.26969,0.26977,0.26997,0.26977,0.26969,0.26977,0.26997,0.26977,0.26969,0.26977,0.26997,0.26977,0.26969,0.26977,0.26997,0.26977,0.26969,0.27007,0.26997,0.26913,0.27155,0.26802,0.26997,0.27358,0.26259,0.27696,0.26997,0.25479,0.30576,0.21076
0.7701,0.82942,0.71681,0.79551,0.7701,0.75662,0.78296,0.7633,0.7701,0.7727,0.76706,0.77098,0.7701,0.76952,0.76931,0.76952,0.7701,0.76952,0.76931,0.76952,0.7701,0.76952,0.76931,0.76952,0.7701,0.76952,0.76931,0.76952,0.7701,0.76952,0.76931,0.76952,0.7701,0.76952,0.76931,0.76952,0.7701,0.76952,0.76931,0.76952,0.7701,0.76952,0.76931,0.76952,0.7701,0.76952,0.76931,0.76952,0.7701,0.76952,0.76931,0.76952,0.7701,0.76952,0.76931,0.76952,0.7701,0.76952,0.76931,0.76952,0.7701,0.76952,0.76931,0.76952,0.7701,0.76952,0.76931,0.76952,0.7701,0.76952,0.76931,0.76952,0.7701,0.76952,0.76931,0.76952,0.7701,0.76952,0.76931,0.76952,0.7701,0.76952,0.76931,0.76952,0.7701,0.76952,0.76931,0.76952,0.7701,0.76952,0.76931,0.76952,0.7701,0.76952,0.76931,0.76952,0.7701,0.76952,0.76931,0.76952,0.7701,0.76952,0.76931,0.76952,0.7701,0.76952,0.76931,0.76952,0.7701,0.76952,0.76931,0.76952,0.7701,0.76952,0.76931,0.76952,0.7701,0.76952,0.76931,0.76952,0.7701,0.76952,0.76931,0.76952,0.7701,0.76952,0.76931,0.76952,0.7701,0.76952,0.76931,0.76952,0.7701,0.76952,0.76931,0.76952,0.7701,0.76952,0.76931,0.76952,0.7701,0.76952,0.76931,0.76952,0.7701,0.76952,0.76931,0.76952,0.7701,0.76952,0.76931,0.76952,0.7701,0.76952,0.76931,0.76952,0.7701,0.76952,0.76931,0.76952,0.7701,0.76952,0.76931,0.76952,0.7701,0.76952,0.76931,0.76952,0.7701,0.76952,0.76931,0.76952,0.7701,0.76952,0.76931,0.76952,0.7701,0.76952,0.76931,0.76952,0.7701,0.76952,0.76931,0.76952,0.7701,0.76952,0.76931,0.76952,0.7701,0.76952,0.76931,0.76952,0.7701,0.76952,0.76931,0.76952,0.7701,0.76952,0.76931,0.76952,0.7701,0.76952,0.76931,0.76952,0.7701,0.76952,0.76931,0.76952,0.7701,0.76952,0.76931,0.76952,0.7701,0.76952,0.76931,0.76952,0.7701,0.76952,0.76931,0.76952,0.7701,0.76952,0.76931,0.76952,0.7701,0.76952,0.76931,0.76952,0.7701,0.76952,0.76931,0.76952,0.7701,0.76952,0.76931,0.76952,0.7701,0.76952,0.76931,0.76952,0.7701,0.76952,0.76931,0.77039,0.7701,0.76771,0.7746,0.76454,0.7701,0.7804,0.74906,0.79004,0.7701,0.7268,0.87218,0.6012
0.74019,0.7972,0.68897,0.76461,0.74019,0.72723,0.75255,0.73365,0.74019,0.74269,0.73727,0.74104,0.74019,0.73963,0.73942,0.73963,0.74019,0.73963,0.73942,0.73963,0.74019,0.73963,0.73942,0.73963,0.74019,0.73963,0.73942,0.73963,0.74019,0.73963,0.73942,0.73963,0.74019,0.73963,0.73942,0.73963,0.74019,0.73963,0.73942,0.73963,0.74019,0.73963,0.73942,0.73963,0.74019,0.73963,0.73942,0.73963,0.74019,0.73963,0.73942,0.73963,0.74019,0.73963,0.73942,0.73963,0.74019,0.73963,0.73942,0.73963,0.74019,0.73963,0.73942,0.73963,0.74019,0.73963,0.73942,0.73963,0.74019,0.73963,0.73942,0.73963,0.74019,0.73963,0.73942,0.73963,0.74019,0.73963,0.73942,0.73963,0.74019,0.73963,0.73942,0.73963,0.74019,0.73963,0.73942,0.73963,0.74019,0.73963,0.73942,0.73963,0.74019,0.73963,0.73942,0.73963,0.74019,0.73963,0.73942,0.73963,0.74019,0.73963,0.73942,0.73963,0.74019,0.73963,0.73942,0.73963,0.74019,0.73963,0.73942,0.73963,0.74019,0.73963,0.73942,0.73999,0.74019,0.73887,0.74164,0.73754,0.74019,0.74419,0.73093,0.74824,0.74019,0.72171,0.78258,0.66902,0.41716,0.39172,0.43875,0.40594,0.41716,0.42225,0.411,0.41945,0.41716,0.41551,0.41767,0.41623,0.41716,0.41684,0.41673,0.41684,0.41716,0.41684,0.41673,0.41684,0.41716,0.41684,0.41673,0.41684,0.41716,0.41684,0.41673,0.41684,0.41716,0.41684,0.41673,0.41684,0.41716,0.41684,0.41673,0.41684,0.41716,0.41684,0.41673,0.41684,0.41716,0.41684,0.41673,0.41684,0.41716,0.41684,0.41673,0.41684,0.41716,0.41684,0.41673,0.41684,0.41716,0.41684,0.41673,0.41684,0.41716,0.41684,0.41673,0.41684,0.41716,0.41684,0.41673,0.41684,0.41716,0.41684,0.41673,0.41684,0.41716,0.41684,0.41673,0.41684,0.41716,0.41684,0.41673,0.41684,0.41716,0.41684,0.41673,0.41684,0.41716,0.41684,0.41673,0.41684,0.41716,0.41684,0.41673,0.41684,0.41716,0.41684,0.41673,0.41684,0.41716,0.41684,0.41673,0.41684,0.41716,0.41684,0.41673,0.41684,0.41716,0.41684,0.41673,0.41684,0.41716,0.41684,0.41673,0.41684,0.41716,0.41684,0.41673,0.41684,0.41716,0.41684,0.41673,0.41731,0.41716,0.41586,0.41959,0.41415,0.41716,0.42274,0.40576,0.42796,0.41716,0.3937,0.47246,0.32566
0.75945,0.81794,0.70689,0.78451,0.75945,0.74616,0.77213,0.75274,0.75945,0.76201,0.75645,0.76032,0.75945,0.75887,0.75866,0.75887,0.75945,0.75887,0.75866,0.75887,0.75945,0.75887,0.75866,0.75887,0.75945,0.75887,0.75866,0.75887,0.75945,0.75887,0.75866,0.75887,0.75945,0.75887,0.75866,0.75887,0.75945,0.75887,0.75866,0.75887,0.75945,0.75887,0.75866,0.75887,0.75945,0.75887,0.75866,0.75887,0.75945,0.75887,0.75866,0.75887,0.75945,0.75887,0.75866,0.75887,0.75945,0.75887,0.75866,0.75887,0.75945,0.75887,0.75866,0.75887,0.75945,0.75887,0.75866,0.75887,0.75945,0.75887,0.75866,0.75887,0.75945,0.75887,0.75866,0.75887,0.75945,0.75887,0.75866,0.75887,0.75945,0.75887,0.75866,0.75887,0.75945,0.75887,0.75866,0.75887,0.75945,0.75887,0.75866,0.75887,0.75945,0.75887,0.75866,0.75887,0.75945,0.75887,0.75866,0.75887,0.75945,0.75887,0.75866,0.75887,0.75945,0.75887,0.75866,0.75887,0.75945,0.75887,0.75866,0.75887,0.75945,0.75887,0.75866,0.75954,0.75945,0.75749,0.76271,0.75506,0.75945,0.7672,0.74317,0.77458,0.75945,0.72617,0.83741,0.63004,0.17,0.12403,0.21001,0.14998,0.17,0.17974,0.15937,0.17463,0.17,0.16744,0.17154,0.16875,0.17,0.16987,0.16983,0.16987,0.17,0.16987,0.16983,0.16987,0.17,0.16987,0.16983,0.16987,0.17,0.16987,0.16983,0.16987,0.17,0.16987,0.16983,0.16987,0.17,0.16987,0.16983,0.16987,0.17,0.16987,0.16983,0.16987,0.17,0.16987,0.16983,0.16987,0.17,0.16987,0.16983,0.16987,0.17,0.16987,0.16983,0.16987,0.17,0.16987,0.16983,0.16987,0.17,0.16987,0.16983,0.16987,0.17,0.16987,0.16983,0.16987,0.17,0.16987,0.16983,0.16987,0.17,0.16987,0.16983,0.16987,0.17,0.16987,0.16983,0.16987,0.17,0.16987,0.16983,0.16987,0.17,0.16987,0.16983,0.16987,0.17,0.16987,0.16983,0.16987,0.17,0.16987,0.16983,0.16987,0.17,0.16987,0.16983,0.16987,0.17,0.16987,0.16983,0.16987,0.17,0.16987,0.16983,0.16987,0.17,0.16987,0.16983,0.16987,0.17,0.16987,0.16983,0.16987,0.17,0.16987,0.16983,0.17007,0.17,0.16947,0.17099,0.16877,0.17,0.17228,0.16536,0.1744,0.17,0.16044,0.19254,0.13271
0.82309,0.88648,0.76613,0.85024,0.82309,0.80868,0.83683,0.81582,0.82309,0.82587,0.81984,0.82403,0.82309,0.82246,0.82223,0.82246,0.82309,0.82246,0.82223,0.82246,0.82309,0.82246,0.82223,0.82246,0.82309,0.82246,0.82223,0.82246,0.82309,0.82246,0.82223,0.82246,0.82309,0.82246,0.82223,0.82246,0.82309,0.82246,0.82223,0.82246,0.82309,0.82246,0.82223,0.82246,0.82309,0.82246,0.82223,0.82246,0.82309,0.82246,0.82223,0.82246,0.82309,0.82246,0.82223,0.82246,0.82309,0.82246,0.82223,0.82246,0.82309,0.82246,0.82223,0.82246,0.82309,0.82246,0.82223,0.82246,0.82309,0.82246,0.82223,0.82246,0.82309,0.82246,0.82223,0.82246,0.82309,0.82246,0.82223,0.82246,0.82309,0.82246,0.82223,0.82246,0.82309,0.82246,0.82223,0.82246,0.82309,0.82246,0.82223,0.82246,0.82309,0.82246,0.82223,0.82246,0.82309,0.82246,0.82223,0.82246,0.82309,0.82246,0.82223,0.82246,0.82309,0.82246,0.82223,0.82246,0.82309,0.82246,0.82223,0.82246,0.82309,0.82246,0.82223,0.82246,0.82309,0.82246,0.82223,0.82246,0.82309,0.82246,0.82223,0.82246,0.82309,0.82246,0.82223,0.82246,0.82309,0.82246,0.82223,0.82246,0.82309,0.82246,0.82223,0.82246,0.82309,0.82246,0.82223,0.82246,0.82309,0.82246,0.82223,0.82246,0.82309,0.82246,0.82223,0.82246,0.82309,0.82246,0.82223,0.82246,0.82309,0.82246,0.82223,0.82246,0.82309,0.82246,0.82223,0.82246,0.82309,0.82246,0.82223,0.82246,0.82309,0.82246,0.82223,0.82246,0.82309,0.82246,0.82223,0.82246,0.82309,0.82246,0.82223,0.82246,0.82309,0.82246,0.82223,0.82246,0.82309,0.82246,0.82223,0.82246,0.82309,0.82246,0.82223,0.82246,0.82309,0.82246,0.82223,0.82246,0.82309,0.82246,0.82223,0.82246,0.82309,0.82246,0.82223,0.82246,0.82309,0.82246,0.82223,0.82246,0.82309,0.82246,0.82223,0.82246,0.82309,0.82246,0.82223,0.82246,0.82309,0.82246,0.82223,0.82246,0.82309,0.82246,0.82223,0.82246,0.82309,0.82246,0.82223,0.82246,0.82309,0.82246,0.82223,0.82246,0.82309,0.82246,0.82223,0.82246,0.82309,0.82246,0.82223,0.82246,0.82309,0.82246,0.82223,0.82246,0.82309,0.82246,0.82223,0.82339,0.82309,0.82053,0.82789,0.81714,0.82309,0.8341,0.8006,0.8444,0.82309,0.7768,0.93219,0.64256
0.77529,0.83501,0.72164,0.80088,0.77529,0.76173,0.78824,0.76845,0.77529,0.77791,0.77223,0.77618,0.77529,0.77471,0.77449,0.77471,0.77529,0.77471,0.77449,0.77471,0.77529,0.77471,0.77449,0.77471,0.77529,0.77471,0.77449,0.77471,0.77529,0.77471,0.77449,0.77471,0.77529,0.77471,0.77449,0.77471,0.77529,0.77471,0.77449,0.77471,0.77529,0.77471,0.77449,0.77471,0.77529,0.77471,0.77449,0.77471,0.77529,0.77471,0.77449,0.77471,0.77529,0.77471,0.77449,0.77471,0.77529,0.77471,0.77449,0.77471,0.77529,0.77471,0.77449,0.77471,0.77529,0.77471,0.77449,0.77471,0.77529,0.77471,0.77449,0.77471,0.77529,0.77471,0.77449,0.77471,0.77529,0.77471,0.77449,0.77471,0.77529,0.77471,0.77449,0.77471,0.77529,0.77471,0.77449,0.77471,0.77529,0.77471,0.77449,0.77471,0.77529,0.77471,0.77449,0.77471,0.77529,0.77471,0.77449,0.77471,0.77529,0.77471,0.77449,0.77471,0.77529,0.77471,0.77449,0.77471,0.77529,0.77471,0.77449,0.77471,0.77529,0.77471,0.77449,0.77471,0.77529,0.77471,0.77449,0.77471,0.77529,0.77471,0.77449,0.77471,0.77529,0.77471,0.77449,0.77471,0.77529,0.77471,0.77449,0.77471,0.77529,0.77471,0.77449,0.77471,0.77529,0.77471,0.77449,0.77471,0.77529,0.77471,0.77449,0.77471,0.77529,0.77471,0.77449,0.77471,0.77529,0.77471,0.77449,0.77471,0.77529,0.77471,0.77449,0.77471,0.77529,0.77471,0.77449,0.77471,0.77529,0.77471,0.77449,0.77471,0.77529,0.77471,0.77449,0.77471,0.77529,0.77471,0.77449,0.77471,0.77529,0.77471,0.77449,0.77471,0.77529,0.77471,0.77449,0.77471,0.77529,0.77471,0.77449,0.77471,0.77529,0.77471,0.77449,0.77471,0.77529,0.77471,0.77449,0.77471,0.77529,0.77471,0.77449,0.77471,0.77529,0.77471,0.77449,0.77471,0.77529,0.77471,0.77449,0.77471,0.77529,0.77471,0.77449,0.77471,0.77529,0.77471,0.77449,0.77471,0.77529,0.77471,0.77449,0.77471,0.77529,0.77471,0.77449,0.77471,0.77529,0.77471,0.77449,0.77471,0.77529,0.77471,0.77449,0.77471,0.77529,0.77471,0.77449,0.77471,0.77529,0.77471,0.77449,0.77471,0.77529,0.77471,0.77449,0.77471,0.77529,0.77471,0.77449,0.77559,0.77529,0.77289,0.77982,0.7697,0.77529,0.78567,0.75411,0.79537,0.77529,0.7317,0.87806,0.60525
0.19524,0.21027,0.18172,0.20168,0.19524,0.19182,0.1985,0.19351,0.19524,0.19589,0.19446,0.19546,0.19524,0.19509,0.19503,0.19509,0.19524,0.19509,0.19503,0.19509,0.19524,0.19509,0.19503,0.19509,0.19524,0.19509,0.19503,0.19509,0.19524,0.19509,0.19503,0.19509,0.19524,0.19509,0.19503,0.19509,0.19524,0.19509,0.19503,0.19509,0.19524,0.19509,0.19503,0.19509,0.19524,0.19509,0.19503,0.19509,0.19524,0.19509,0.19503,0.19509,0.19524,0.19509,0.19503,0.19509,0.19524,0.19509,0.19503,0.19509,0.19524,0.19509,0.19503,0.19509,0.19524,0.19509,0.19503,0.19509,0.19524,0.19509,0.19503,0.19509,0.19524,0.19509,0.19503,0.19509,0.19524,0.19509,0.19503,0.19509,0.19524,0.19509,0.19503,0.19509,0.19524,0.19509,0.19503,0.19509,0.19524,0.19509,0.19503,0.19509,0.19524,0.19509,0.19503,0.19509,0.19524,0.19509,0.19503,0.19509,0.19524,0.19509,0.19503,0.19509,0.19524,0.19509,0.19503,0.19509,0.19524,0.19509,0.19503,0.19509,0.19524,0.19509,0.19503,0.19432,0.19524,0.19668,0.19038,0.19947,0.19524,0.18552,0.21284,0.17704,0.19524,0.23266,0.10456,0.34312,0.8725,0.92452,0.82543,0.8947,0.8725,0.8605,0.88361,0.86637,0.8725,0.87464,0.86962,0.87313,0.8725,0.87184,0.8716,0.87184,0.8725,0.87184,0.8716,0.87184,0.8725,0.87184,0.8716,0.87184,0.8725,0.87184,0.8716,0.87184,0.8725,0.87184,0.8716,0.87184,0.8725,0.87184,0.8716,0.87184,0.8725,0.87184,0.8716,0.87184,0.8725,0.87184,0.8716,0.87184,0.8725,0.87184,0.8716,0.87184,0.8725,0.87184,0.8716,0.87184,0.8725,0.87184,0.8716,0.87184,0.8725,0.87184,0.8716,0.87184,0.8725,0.87184,0.8716,0.87184,0.8725,0.87184,0.8716,0.87184,0.8725,0.87184,0.8716,0.87184,0.8725,0.87184,0.8716,0.87184,0.8725,0.87184,0.8716,0.87184,0.8725,0.87184,0.8716,0.87184,0.8725,0.87184,0.8716,0.87184,0.8725,0.87184,0.8716,0.87184,0.8725,0.87184,0.8716,0.87184,0.8725,0.87184,0.8716,0.87184,0.8725,0.87184,0.8716,0.87184,0.8725,0.87184,0.8716,0.87184,0.8725,0.87184,0.8716,0.87184,0.8725,0.87184,0.8716,0.87283,0.8725,0.86979,0.87759,0.8662,0.8725,0.88417,0.84866,0.89509,0.8725,0.82344,0.98816,0.68113
0.86633,0.93305,0.80638,0.89491,0.86633,0.85117,0.88079,0.85868,0.86633,0.86925,0.86291,0.86732,0.86633,0.86567,0.86543,0.86567,0.86633,0.86567,0.86543,0.86567,0.86633,0.86567,0.86543,0.86567,0.86633,0.86567,0.86543,0.86567,0.86633,0.86567,0.86543,0.86567,0.86633,0.86567,0.86543,0.86567,0.86633,0.86567,0.86543,0.86567,0.86633,0.86567,0.86543,0.86567,0.86633,0.86567,0.86543,0.86567,0.86633,0.86567,0.86543,0.86567,0.86633,0.86567,0.86543,0.86567,0.86633,0.86567,0.86543,0.86567,0.86633,0.86567,0.86543,0.86567,0.86633,0.86567,0.86543,0.86567,0.86633,0.86567,0.86543,0.86567,0.86633,0.86567,0.86543,0.86567,0.86633,0.86567,0.86543,0.86567,0.86633,0.86567,0.86543,0.86567,0.86633,0.86567,0.86543,0.86567,0.86633,0.86567,0.86543,0.86567,0.86633,0.86567,0.86543,0.86567,0.86633,0.86567,0.86543,0.86567,0.86633,0.86567,0.86543,0.86567,0.86633,0.86567,0.86543,0.86567,0.86633,0.86567,0.86543,0.86567,0.86633,0.86567,0.86543,0.86567,0.86633,0.86567,0.86543,0.86567,0.86633,0.86567,0.86543,0.86567,0.86633,0.86567,0.86543,0.86567,0.86633,0.86567,0.86543,0.86567,0.86633,0.86567,0.86543,0.86567,0.86633,0.86567,0.86543,0.86567,0.86633,0.86567,0.86543,0.86567,0.86633,0.86567,0.86543,0.86567,0.86633,0.86567,0.86543,0.86567,0.86633,0.86567,0.86543,0.86567,0.86633,0.86567,0.86543,0.86567,0.86633,0.86567,0.86543,0.86567,0.86633,0.86567,0.86543,0.86567,0.86633,0.86567,0.86543,0.86567,0.86633,0.86567,0.86543,0.86567,0.86633,0.86567,0.86543,0.86567,0.86633,0.86567,0.86543,0.86567,0.86633,0.86567,0.86543,0.86567,0.86633,0.86567,0.86543,0.86567,0.86633,0.86567,0.86543,0.86567,0.86633,0.86567,0.86543,0.86567,0.86633,0.86567,0.86543,0.86567,0.86633,0.86567,0.86543,0.86567,0.86633,0.86567,0.86543,0.86567,0.86633,0.86567,0.86543,0.86567,0.86633,0.86567,0.86543,0.86567,0.86633,0.86567,0.86543,0.86567,0.86633,0.86567,0.86543,0.86567,0.86633,0.86567,0.86543,0.86567,0.86633,0.86567,0.86543,0.86567,0.86633,0.86567,0.86543,0.86567,0.86633,0.86567,0.86543,0.86665,0.86633,0.86364,0.87138,0.86007,0.86633,0.87792,0.84265,0.88876,0.86633,0.81761,0.98116,0.67632
0.78626,0.84682,0.73185,0.81221,0.78626,0.7725,0.79939,0.77932,0.78626,0.78892,0.78316,0.78716,0.78626,0.78567,0.78545,0.78567,0.78626,0.78567,0.78545,0.78567,0.78626,0.78567,0.78545,0.78567,0.78626,0.78567,0.78545,0.78567,0.78626,0.78567,0.78545,0.78567,0.78626,0.78567,0.78545,0.78567,0.78626,0.78567,0.78545,0.78567,0.78626,0.78567,0.78545,0.78567,0.78626,0.78567,0.78545,0.78567,0.78626,0.78567,0.78545,0.78567,0.78626,0.78567,0.78545,0.78567,0.78626,0.78567,0.78545,0.78567,0.78626,0.78567,0.78545,0.78567,0.78626,0.78567,0.78545,0.78567,0.78626,0.78567,0.78545,0.78567,0.78626,0.78567,0.78545,0.78567,0.78626,0.78567,0.78545,0.78567,0.78626,0.78567,0.78545,0.78567,0.78626,0.78567,0.78545,0.78567,0.78626,0.78567,0.78545,0.78567,0.78626,0.78567,0.78545,0.78567,0.78626,0.78567,0.78545,0.78567,0.78626,0.78567,0.78545,0.78567,0.78626,0.78567,0.78545,0.78567,0.78626,0.78567,0.78545,0.78567,0.78626,0.78567,0.78545,0.78567,0.78626,0.78567,0.78545,0.78567,0.78626,0.78567,0.78545,0.78567,0.78626,0.78567,0.78545,0.78567,0.78626,0.78567,0.78545,0.78567,0.78626,0.78567,0.78545,0.78567,0.78626,0.78567,0.78545,0.78567,0.78626,0.78567,0.78545,0.78567,0.78626,0.78567,0.78545,0.78567,0.78626,0.78567,0.78545,0.78567,0.78626,0.78567,0.78545,0.78567,0.78626,0.78567,0.78545,0.78567,0.78626,0.78567,0.78545,0.78567,0.78626,0.78567,0.78545,0.78567,0.78626,0.78567,0.78545,0.78567,0.78626,0.78567,0.78545,0.78567,0.78626,0.78567,0.78545,0.78567,0.78626,0.78567,0.78545,0.78567,0.78626,0.78567,0.78545,0.78567,0.78626,0.78567,0.78545,0.78567,0.78626,0.78567,0.78545,0.78567,0.78626,0.78567,0.78545,0.78567,0.78626,0.78567,0.78545,0.78567,0.78626,0.78567,0.78545,0.78567,0.78626,0.78567,0.78545,0.78567,0.78626,0.78567,0.78545,0.78567,0.78626,0.78567,0.78545,0.78567,0.78626,0.78567,0.78545,0.78567,0.78626,0.78567,0.78545,0.78567,0.78626,0.78567,0.78545,0.78567,0.78626,0.78567,0.78545,0.78567,0.78626,0.78567,0.78545,0.78567,0.78626,0.78567,0.78545,0.78656,0.78626,0.78382,0.79085,0.78059,0.78626,0.79678,0.76478,0.80662,0.78626,0.74205,0.89049,0.61381
0.80734,0.86952,0.75147,0.83398,0.80734,0.79321,0.82082,0.80021,0.80734,0.81007,0.80415,0.80826,0.80734,0.80673,0.8065,0.80673,0.80734,0.80673,0.8065,0.80673,0.80734,0.80673,0.8065,0.80673,0.80734,0.80673,0.8065,0.80673,0.80734,0.80673,0.8065,0.80673,0.80734,0.80673,0.8065,0.80673,0.80734,0.80673,0.8065,0.80673,0.80734,0.80673,0.8065,0.80673,0.80734,0.80673,0.8065,0.80673,0.80734,0.80673,0.8065,0.80673,0.80734,0.80673,0.8065,0.80673,0.80734,0.80673,0.8065,0.80673,0.80734,0.80673,0.8065,0.80673,0.80734,0.80673,0.8065,0.80673,0.80734,0.80673,0.8065,0.80673,0.80734,0.80673,0.8065,0.80673,0.80734,0.80673,0.8065,0.80673,0.80734,0.80673,0.8065,0.80673,0.80734,0.80673,0.8065,0.80673,0.80734,0.80673,0.8065,0.80673,0.80734,0.80673,0.8065,0.80673,0.80734,0.80673,0.8065,0.80673,0.80734,0.80673,0.8065,0.80673,0.80734,0.80673,0.8065,0.80673,0.80734,0.80673,0.8065,0.80673,0.80734,0.80673,0.8065,0.80693,0.80734,0.8063,0.80774,0.80556,0.80734,0.80928,0.80175,0.81154,0.80734,0.79671,0.83063,0.76725,0.62671,0.61219,0.63838,0.62014,0.62671,0.62926,0.62286,0.6277,0.62671,0.62549,0.62659,0.6259,0.62671,0.62624,0.62606,0.62624,0.62671,0.62624,0.62606,0.62624,0.62671,0.62624,0.62606,0.62624,0.62671,0.62624,0.62606,0.62624,0.62671,0.62624,0.62606,0.62624,0.62671,0.62624,0.62606,0.62624,0.62671,0.62624,0.62606,0.62624,0.62671,0.62624,0.62606,0.62624,0.62671,0.62624,0.62606,0.62624,0.62671,0.62624,0.62606,0.62624,0.62671,0.62624,0.62606,0.62624,0.62671,0.62624,0.62606,0.62624,0.62671,0.62624,0.62606,0.62624,0.62671,0.62624,0.62606,0.62624,0.62671,0.62624,0.62606,0.62624,0.62671,0.62624,0.62606,0.62624,0.62671,0.62624,0.62606,0.62624,0.62671,0.62624,0.62606,0.62624,0.62671,0.62624,0.62606,0.62624,0.62671,0.62624,0.62606,0.62624,0.62671,0.62624,0.62606,0.62624,0.62671,0.62624,0.62606,0.62624,0.62671,0.62624,0.62606,0.62624,0.62671,0.62624,0.62606,0.62624,0.62671,0.62624,0.62606,0.62624,0.62671,0.62624,0.62606,0.62695,0.62671,0.62477,0.63037,0.62219,0.62671,0.6351,0.60959,0.64294,0.62671,0.59147,0.70979,0.48926
0.72623,0.78216,0.67597,0.75019,0.72623,0.71352,0.73835,0.71982,0.72623,0.72868,0.72336,0.72706,0.72623,0.72568,0.72548,0.72568,0.72623,0.72568,0.72548,0.72568,0.72623,0.72568,0.72548,0.72568,0.72623,0.72568,0.72548,0.72568,0.72623,0.72568,0.72548,0.72568,0.72623,0.72568,0.72548,0.72568,0.72623,0.72568,0.72548,0.72568,0.72623,0.72568,0.72548,0.72568,0.72623,0.72568,0.72548,0.72568,0.72623,0.72568,0.72548,0.72568,0.72623,0.72568,0.72548,0.72568,0.72623,0.72568,0.72548,0.72568,0.72623,0.72568,0.72548,0.72568,0.72623,0.72568,0.72548,0.72568,0.72623,0.72568,0.72548,0.72568,0.72623,0.72568,0.72548,0.72568,0.72623,0.72568,0.72548,0.72568,0.72623,0.72568,0.72548,0.72568,0.72623,0.72568,0.72548,0.72568,0.72623,0.72568,0.72548,0.72568,0.72623,0.72568,0.72548,0.72568,0.72623,0.72568,0.72548,0.72568,0.72623,0.72568,0.72548,0.72568,0.72623,0.72568,0.72548,0.72568,0.72623,0.72568,0.72548,0.72568,0.72623,0.72568,0.72548,0.72599,0.72623,0.72503,0.72737,0.72389,0.72623,0.72958,0.71821,0.73304,0.72623,0.71035,0.76239,0.66528,0.44989,0.42806,0.46826,0.44022,0.44989,0.45418,0.44452,0.45178,0.44989,0.44841,0.45023,0.44903,0.44989,0.44955,0.44943,0.44955,0.44989,0.44955,0.44943,0.44955,0.44989,0.44955,0.44943,0.44955,0.44989,0.44955,0.44943,0.44955,0.44989,0.44955,0.44943,0.44955,0.44989,0.44955,0.44943,0.44955,0.44989,0.44955,0.44943,0.44955,0.44989,0.44955,0.44943,0.44955,0.44989,0.44955,0.44943,0.44955,0.44989,0.44955,0.44943,0.44955,0.44989,0.44955,0.44943,0.44955,0.44989,0.44955,0.44943,0.44955,0.44989,0.44955,0.44943,0.44955,0.44989,0.44955,0.44943,0.44955,0.44989,0.44955,0.44943,0.44955,0.44989,0.44955,0.44943,0.44955,0.44989,0.44955,0.44943,0.44955,0.44989,0.44955,0.44943,0.44955,0.44989,0.44955,0.44943,0.44955,0.44989,0.44955,0.44943,0.44955,0.44989,0.44955,0.44943,0.44955,0.44989,0.44955,0.44943,0.44955,0.44989,0.44955,0.44943,0.44955,0.44989,0.44955,0.44943,0.44955,0.44989,0.44955,0.44943,0.44955,0.44989,0.44955,0.44943,0.45006,0.44989,0.44849,0.45252,0.44664,0.44989,0.45591,0.4376,0.46154,0.44989,0.42459,0.50953,0.35122
0.10705,0.11529,0.099638,0.11058,0.10705,0.10517,0.10883,0.1061,0.10705,0.10741,0.10662,0.10717,0.10705,0.10696,0.10693,0.10696,0.10705,0.10696,0.10693,0.10696,0.10705,0.10696,0.10693,0.10696,0.10705,0.10696,0.10693,0.10696,0.10705,0.10696,0.10693,0.10696,0.10705,0.10696,0.10693,0.10696,0.10705,0.10696,0.10693,0.10696,0.10705,0.10696,0.10693,0.10696,0.10705,0.10696,0.10693,0.10696,0.10705,0.10696,0.10693,0.10696,0.10705,0.10696,0.10693,0.10696,0.10705,0.10696,0.10693,0.10696,0.10705,0.10696,0.10693,0.10696,0.10705,0.10696,0.10693,0.10696,0.10705,0.10696,0.10693,0.10696,0.10705,0.10696,0.10693,0.10696,0.10705,0.10696,0.10693,0.10696,0.10705,0.10696,0.10693,0.10696,0.10705,0.10696,0.10693,0.10696,0.10705,0.10696,0.10693,0.10696,0.10705,0.10696,0.10693,0.10696,0.10705,0.10696,0.10693,0.10696,0.10705,0.10696,0.10693,0.10696,0.10705,0.10696,0.10693,0.10696,0.10705,0.10696,0.10693,0.10696,0.10705,0.10696,0.10693,0.10606,0.10705,0.10885,0.10141,0.11216,0.10705,0.095611,0.12806,0.085556,0.10705,0.15153,-0.00038438,0.28255,0.91039,0.97218,0.85469,0.93681,0.91039,0.89625,0.92369,0.90321,0.91039,0.91302,0.9071,0.91123,0.91039,0.9097,0.90945,0.9097,0.91039,0.9097,0.90945,0.9097,0.91039,0.9097,0.90945,0.9097,0.91039,0.9097,0.90945,0.9097,0.91039,0.9097,0.90945,0.9097,0.91039,0.9097,0.90945,0.9097,0.91039,0.9097,0.90945,0.9097,0.91039,0.9097,0.90945,0.9097,0.91039,0.9097,0.90945,0.9097,0.91039,0.9097,0.90945,0.9097,0.91039,0.9097,0.90945,0.9097,0.91039,0.9097,0.90945,0.9097,0.91039,0.9097,0.90945,0.9097,0.91039,0.9097,0.90945,0.9097,0.91039,0.9097,0.90945,0.9097,0.91039,0.9097,0.90945,0.9097,0.91039,0.9097,0.90945,0.9097,0.91039,0.9097,0.90945,0.9097,0.91039,0.9097,0.90945,0.9097,0.91039,0.9097,0.90945,0.9097,0.91039,0.9097,0.90945,0.9097,0.91039,0.9097,0.90945,0.9097,0.91039,0.9097,0.90945,0.9097,0.91039,0.9097,0.90945,0.9097,0.91039,0.9097,0.90945,0.9097,0.91039,0.9097,0.90945,0.91073,0.91039,0.90756,0.9157,0.90381,0.91039,0.92257,0.88551,0.93396,0.91039,0.85919,1.0311,0.71071
0.72739,0.78342,0.67706,0.75139,0.72739,0.71466,0.73954,0.72097,0.72739,0.72985,0.72452,0.72823,0.72739,0.72685,0.72664,0.72685,0.72739,0.72685,0.72664,0.72685,0.72739,0.72685,0.72664,0.72685,0.72739,0.72685,0.72664,0.72685,0.72739,0.72685,0.72664,0.72685,0.72739,0.72685,0.72664,0.72685,0.72739,0.72685,0.72664,0.72685,0.72739,0.72685,0.72664,0.72685,0.72739,0.72685,0.72664,0.72685,0.72739,0.72685,0.72664,0.72685,0.72739,0.72685,0.72664,0.72685,0.72739,0.72685,0.72664,0.72685,0.72739,0.72685,0.72664,0.72685,0.72739,0.72685,0.72664,0.72685,0.72739,0.72685,0.72664,0.72685,0.72739,0.72685,0.72664,0.72685,0.72739,0.72685,0.72664,0.72685,0.72739,0.72685,0.72664,0.72685,0.72739,0.72685,0.72664,0.72685,0.72739,0.72685,0.72664,0.72685,0.72739,0.72685,0.72664,0.72685,0.72739,0.72685,0.72664,0.72685,0.72739,0.72685,0.72664,0.72685,0.72739,0.72685,0.72664,0.72685,0.72739,0.72685,0.72664,0.72685,0.72739,0.72685,0.72664,0.72685,0.72739,0.72685,0.72664,0.72685,0.72739,0.72685,0.72664,0.72685,0.72739,0.72685,0.72664,0.72685,0.72739,0.72685,0.72664,0.72685,0.72739,0.72685,0.72664,0.72685,0.72739,0.72685,0.72664,0.72685,0.72739,0.72685,0.72664,0.72685,0.72739,0.72685,0.72664,0.72685,0.72739,0.72685,0.72664,0.72685,0.72739,0.72685,0.72664,0.72685,0.72739,0.72685,0.72664,0.72685,0.72739,0.72685,0.72664,0.72685,0.72739,0.72685,0.72664,0.72685,0.72739,0.72685,0.72664,0.72685,0.72739,0.72685,0.72664,0.72685,0.72739,0.72685,0.72664,0.72685,0.72739,0.72685,0.72664,0.72685,0.72739,0.72685,0.72664,0.72685,0.72739,0.72685,0.72664,0.72685,0.72739,0.72685,0.72664,0.72685,0.72739,0.72685,0.72664,0.72685,0.72739,0.72685,0.72664,0.72685,0.72739,0.72685,0.72664,0.72685,0.72739,0.72685,0.72664,0.72685,0.72739,0.72685,0.72664,0.72685,0.72739,0.72685,0.72664,0.72685,0.72739,0.72685,0.72664,0.72685,0.72739,0.72685,0.72664,0.72685,0.72739,0.72685,0.72664,0.72685,0.72739,0.72685,0.72664,0.72685,0.72739,0.72685,0.72664,0.72685,0.72739,0.72685,0.72664,0.72767,0.72739,0.72514,0.73164,0.72214,0.72739,0.73712,0.70752,0.74623,0.72739,0.68649,0.82381,0.56785
0.87485,0.94223,0.81431,0.90371,0.87485,0.85954,0.88946,0.86712,0.87485,0.8778,0.87139,0.87585,0.87485,0.87419,0.87394,0.87419,0.87485,0.87419,0.87394,0.87419,0.87485,0.87419,0.87394,0.87419,0.87485,0.87419,0.87394,0.87419,0.87485,0.87419,0.87394,0.87419,0.87485,0.87419,0.87394,0.87419,0.87485,0.87419,0.87394,0.87419,0.87485,0.87419,0.87394,0.87419,0.87485,0.87419,0.87394,0.87419,0.87485,0.87419,0.87394,0.87419,0.87485,0.87419,0.87394,0.87419,0.87485,0.87419,0.87394,0.87419,0.87485,0.87419,0.87394,0.87419,0.87485,0.87419,0.87394,0.87419,0.87485,0.87419,0.87394,0.87419,0.87485,0.87419,0.87394,0.87419,0.87485,0.87419,0.87394,0.87419,0.87485,0.87419,0.87394,0.87419,0.87485,0.87419,0.87394,0.87419,0.87485,0.87419,0.87394,0.87419,0.87485,0.87419,0.87394,0.87419,0.87485,0.87419,0.87394,0.87419,0.87485,0.87419,0.87394,0.87419,0.87485,0.87419,0.87394,0.87419,0.87485,0.87419,0.87394,0.87419,0.87485,0.87419,0.87394,0.87419,0.87485,0.87419,0.87394,0.87419,0.87485,0.87419,0.87394,0.87419,0.87485,0.87419,0.87394,0.87419,0.87485,0.87419,0.87394,0.87419,0.87485,0.87419,0.87394,0.87419,0.87485,0.87419,0.87394,0.87419,0.87485,0.87419,0.87394,0.87419,0.87485,0.87419,0.87394,0.87419,0.87485,0.87419,0.87394,0.87419,0.87485,0.87419,0.87394,0.87419,0.87485,0.87419,0.87394,0.87419,0.87485,0.87419,0.87394,0.87419,0.87485,0.87419,0.87394,0.87419,0.87485,0.87419,0.87394,0.87419,0.87485,0.87419,0.87394,0.87419,0.87485,0.87419,0.87394,0.87419,0.87485,0.87419,0.87394,0.87419,0.87485,0.87419,0.87394,0.87419,0.87485,0.87419,0.87394,0.87419,0.87485,0.87419,0.87394,0.87419,0.87485,0.87419,0.87394,0.87419,0.87485,0.87419,0.87394,0.87419,0.87485,0.87419,0.87394,0.87419,0.87485,0.87419,0.87394,0.87419,0.87485,0.87419,0.87394,0.87419,0.87485,0.87419,0.87394,0.87419,0.87485,0.87419,0.87394,0.87419,0.87485,0.87419,0.87394,0.87419,0.87485,0.87419,0.87394,0.87419,0.87485,0.87419,0.87394,0.87419,0.87485,0.87419,0.87394,0.87419,0.87485,0.87419,0.87394,0.87518,0.87485,0.87213,0.87995,0.86853,0.87485,0.88655,0.85094,0.8975,0.87485,0.82565,0.99081,0.68297
0.86194,0.92833,0.80229,0.89038,0.86194,0.84685,0.87633,0.85433,0.86194,0.86485,0.85854,0.86293,0.86194,0.86129,0.86105,0.86129,0.86194,0.86129,0.86105,0.86129,0.86194,0.86129,0.86105,0.86129,0.86194,0.86129,0.86105,0.86129,0.86194,0.86129,0.86105,0.86129,0.86194,0.86129,0.86105,0.86129,0.86194,0.86129,0.86105,0.86129,0.86194,0.86129,0.86105,0.86129,0.86194,0.86129,0.86105,0.86129,0.86194,0.86129,0.86105,0.86129,0.86194,0.86129,0.86105,0.86129,0.86194,0.86129,0.86105,0.86129,0.86194,0.86129,0.86105,0.86129,0.86194,0.86129,0.86105,0.86129,0.86194,0.86129,0.86105,0.86129,0.86194,0.86129,0.86105,0.86129,0.86194,0.86129,0.86105,0.86129,0.86194,0.86129,0.86105,0.86129,0.86194,0.86129,0.86105,0.86129,0.86194,0.86129,0.86105,0.86129,0.86194,0.86129,0.86105,0.86129,0.86194,0.86129,0.86105,0.86129,0.86194,0.86129,0.86105,0.86129,0.86194,0.86129,0.86105,0.86129,0.86194,0.86129,0.86105,0.86129,0.86194,0.86129,0.86105,0.86159,0.86194,0.86065,0.8629,0.85954,0.86194,0.8651,0.85395,0.86848,0.86194,0.84632,0.89709,0.80231,0.59211,0.57067,0.60989,0.58255,0.59211,0.59618,0.58671,0.59384,0.59211,0.59054,0.59228,0.59115,0.59211,0.59166,0.59149,0.59166,0.59211,0.59166,0.59149,0.59166,0.59211,0.59166,0.59149,0.59166,0.59211,0.59166,0.59149,0.59166,0.59211,0.59166,0.59149,0.59166,0.59211,0.59166,0.59149,0.59166,0.59211,0.59166,0.59149,0.59166,0.59211,0.59166,0.59149,0.59166,0.59211,0.59166,0.59149,0.59166,0.59211,0.59166,0.59149,0.59166,0.59211,0.59166,0.59149,0.59166,0.59211,0.59166,0.59149,0.59166,0.59211,0.59166,0.59149,0.59166,0.59211,0.59166,0.59149,0.59166,0.59211,0.59166,0.59149,0.59166,0.59211,0.59166,0.59149,0.59166,0.59211,0.59166,0.59149,0.59166,0.59211,0.59166,0.59149,0.59166,0.59211,0.59166,0.59149,0.59166,0.59211,0.59166,0.59149,0.59166,0.59211,0.59166,0.59149,0.59166,0.59211,0.59166,0.59149,0.59166,0.59211,0.59166,0.59149,0.59166,0.59211,0.59166,0.59149,0.59166,0.59211,0.59166,0.59149,0.59166,0.59211,0.59166,0.59149,0.59233,0.59211,0.59027,0.59556,0.58783,0.59211,0.60003,0.57593,0.60744,0.59211,0.55881,0.67059,0.46224
0.73586,0.79254,0.68494,0.76014,0.73586,0.72298,0.74815,0.72936,0.73586,0.73835,0.73295,0.7367,0.73586,0.7353,0.7351,0.7353,0.73586,0.7353,0.7351,0.7353,0.73586,0.7353,0.7351,0.7353,0.73586,0.7353,0.7351,0.7353,0.73586,0.7353,0.7351,0.7353,0.73586,0.7353,0.7351,0.7353,0.73586,0.7353,0.7351,0.7353,0.73586,0.7353,0.7351,0.7353,0.73586,0.7353,0.7351,0.7353,0.73586,0.7353,0.7351,0.7353,0.73586,0.7353,0.7351,0.7353,0.73586,0.7353,0.7351,0.7353,0.73586,0.7353,0.7351,0.7353,0.73586,0.7353,0.7351,0.7353,0.73586,0.7353,0.7351,0.7353,0.73586,0.7353,0.7351,0.7353,0.73586,0.7353,0.7351,0.7353,0.73586,0.7353,0.7351,0.7353,0.73586,0.7353,0.7351,0.7353,0.73586,0.7353,0.7351,0.7353,0.73586,0.7353,0.7351,0.7353,0.73586,0.7353,0.7351,0.7353,0.73586,0.7353,0.7351,0.7353,0.73586,0.7353,0.7351,0.7353,0.73586,0.7353,0.7351,0.7353,0.73586,0.7353,0.7351,0.73572,0.73586,0.73445,0.73761,0.73294,0.73586,0.74046,0.7255,0.74503,0.73586,0.71505,0.78388,0.65549,0.37072,0.34204,0.39522,0.35811,0.37072,0.37655,0.36386,0.37338,0.37072,0.36893,0.3714,0.36974,0.37072,0.37044,0.37033,0.37044,0.37072,0.37044,0.37033,0.37044,0.37072,0.37044,0.37033,0.37044,0.37072,0.37044,0.37033,0.37044,0.37072,0.37044,0.37033,0.37044,0.37072,0.37044,0.37033,0.37044,0.37072,0.37044,0.37033,0.37044,0.37072,0.37044,0.37033,0.37044,0.37072,0.37044,0.37033,0.37044,0.37072,0.37044,0.37033,0.37044,0.37072,0.37044,0.37033,0.37044,0.37072,0.37044,0.37033,0.37044,0.37072,0.37044,0.37033,0.37044,0.37072,0.37044,0.37033,0.37044,0.37072,0.37044,0.37033,0.37044,0.37072,0.37044,0.37033,0.37044,0.37072,0.37044,0.37033,0.37044,0.37072,0.37044,0.37033,0.37044,0.37072,0.37044,0.37033,0.37044,0.37072,0.37044,0.37033,0.37044,0.37072,0.37044,0.37033,0.37044,0.37072,0.37044,0.37033,0.37044,0.37072,0.37044,0.37033,0.37044,0.37072,0.37044,0.37033,0.37044,0.37072,0.37044,0.37033,0.37044,0.37072,0.37044,0.37033,0.37086,0.37072,0.36957,0.37288,0.36804,0.37072,0.37568,0.36059,0.38032,0.37072,0.34987,0.41986,0.28941
0.56233,0.60564,0.52342,0.58088,0.56233,0.55249,0.57172,0.55736,0.56233,0.56423,0.56011,0.56297,0.56233,0.5619,0.56175,0.5619,0.56233,0.5619,0.56175,0.5619,0.56233,0.5619,0.56175,0.5619,0.56233,0.5619,0.56175,0.5619,0.56233,0.5619,0.56175,0.5619,0.56233,0.5619,0.56175,0.5619,0.56233,0.5619,0.56175,0.5619,0.56233,0.5619,0.56175,0.5619,0.56233,0.5619,0.56175,0.5619,0.56233,0.5619,0.56175,0.5619,0.56233,0.5619,0.56175,0.5619,0.56233,0.5619,0.56175,0.5619,0.56233,0.5619,0.56175,0.5619,0.56233,0.5619,0.56175,0.5619,0.56233,0.5619,0.56175,0.5619,0.56233,0.5619,0.56175,0.5619,0.56233,0.5619,0.56175,0.5619,0.56233,0.5619,0.56175,0.5619,0.56233,0.5619,0.56175,0.5619,0.56233,0.5619,0.56175,0.5619,0.56233,0.5619,0.56175,0.5619,0.56233,0.5619,0.56175,0.5619,0.56233,0.5619,0.56175,0.5619,0.56233,0.5619,0.56175,0.5619,0.56233,0.5619,0.56175,0.5619,0.56233,0.5619,0.56175,0.56162,0.56233,0.5625,0.56,0.56355,0.56233,0.55831,0.56843,0.55513,0.56233,0.57601,0.52778,0.61748,0.8166,0.83576,0.79843,0.82457,0.8166,0.81173,0.82027,0.81393,0.8166,0.81704,0.81502,0.81647,0.8166,0.81599,0.81576,0.81599,0.8166,0.81599,0.81576,0.81599,0.8166,0.81599,0.81576,0.81599,0.8166,0.81599,0.81576,0.81599,0.8166,0.81599,0.81576,0.81599,0.8166,0.81599,0.81576,0.81599,0.8166,0.81599,0.81576,0.81599,0.8166,0.81599,0.81576,0.81599,0.8166,0.81599,0.81576,0.81599,0.8166,0.81599,0.81576,0.81599,0.8166,0.81599,0.81576,0.81599,0.8166,0.81599,0.81576,0.81599,0.8166,0.81599,0.81576,0.81599,0.8166,0.81599,0.81576,0.81599,0.8166,0.81599,0.81576,0.81599,0.8166,0.81599,0.81576,0.81599,0.8166,0.81599,0.81576,0.81599,0.8166,0.81599,0.81576,0.81599,0.8166,0.81599,0.81576,0.81599,0.8166,0.81599,0.81576,0.81599,0.8166,0.81599,0.81576,0.81599,0.8166,0.81599,0.81576,0.81599,0.8166,0.81599,0.81576,0.81599,0.8166,0.81599,0.81576,0.81599,0.8166,0.81599,0.81576,0.81599,0.8166,0.81599,0.81576,0.81691,0.8166,0.81407,0.82137,0.81071,0.8166,0.82753,0.79429,0.83775,0.8166,0.77068,0.92485,0.6375
0.79341,0.85452,0.73851,0.81959,0.79341,0.77953,0.80666,0.78641,0.79341,0.79609,0.79028,0.79432,0.79341,0.79281,0.79259,0.79281,0.79341,0.79281,0.79259,0.79281,0.79341,0.79281,0.79259,0.79281,0.79341,0.79281,0.79259,0.79281,0.79341,0.79281,0.79259,0.79281,0.79341,0.79281,0.79259,0.79281,0.79341,0.79281,0.79259,0.79281,0.79341,0.79281,0.79259,0.79281,0.79341,0.79281,0.79259,0.79281,0.79341,0.79281,0.79259,0.79281,0.79341,0.79281,0.79259,0.79281,0.79341,0.79281,0.79259,0.79281,0.79341,0.79281,0.79259,0.79281,0.79341,0.79281,0.79259,0.79281,0.79341,0.79281,0.79259,0.79281,0.79341,0.79281,0.79259,0.79281,0.79341,0.79281,0.79259,0.79281,0.79341,0.79281,0.79259,0.79281,0.79341,0.79281,0.79259,0.79281,0.79341,0.79281,0.79259,0.79281,0.79341,0.79281,0.79259,0.79281,0.79341,0.79281,0.79259,0.79281,0.79341,0.79281,0.79259,0.79281,0.79341,0.79281,0.79259,0.79281,0.79341,0.79281,0.79259,0.79281,0.79341,0.79281,0.79259,0.79281,0.79341,0.79281,0.79259,0.79281,0.79341,0.79281,0.79259,0.79281,0.79341,0.79281,0.79259,0.79281,0.79341,0.79281,0.79259,0.79281,0.79341,0.79281,0.79259,0.79281,0.79341,0.79281,0.79259,0.79281,0.79341,0.79281,0.79259,0.79281,0.79341,0.79281,0.79259,0.79281,0.79341,0.79281,0.79259,0.79281,0.79341,0.79281,0.79259,0.79281,0.79341,0.79281,0.79259,0.79281,0.79341,0.79281,0.79259,0.79281,0.79341,0.79281,0.79259,0.79281,0.79341,0.79281,0.79259,0.79281,0.79341,0.79281,0.79259,0.79281,0.79341,0.79281,0.79259,0.79281,0.79341,0.79281,0.79259,0.79281,0.79341,0.79281,0.79259,0.79281,0.79341,0.79281,0.79259,0.79281,0.79341,0.79281,0.79259,0.79281,0.79341,0.79281,0.79259,0.79281,0.79341,0.79281,0.79259,0.79281,0.79341,0.79281,0.79259,0.79281,0.79341,0.79281,0.79259,0.79281,0.79341,0.79281,0.79259,0.79281,0.79341,0.79281,0.79259,0.79281,0.79341,0.79281,0.79259,0.79281,0.79341,0.79281,0.79259,0.79281,0.79341,0.79281,0.79259,0.79281,0.79341,0.79281,0.79259,0.79281,0.79341,0.79281,0.79259,0.79281,0.79341,0.79281,0.79259,0.79371,0.79341,0.79095,0.79804,0.78768,0.79341,0.80403,0.77173,0.81396,0.79341,0.7488,0.89858,0.61939
0.59865,0.64477,0.55723,0.61841,0.59865,0.58818,0.60865,0.59337,0.59865,0.60068,0.59629,0.59934,0.59865,0.5982,0.59804,0.5982,0.59865,0.5982,0.59804,0.5982,0.59865,0.5982,0.59804,0.5982,0.59865,0.5982,0.59804,0.5982,0.59865,0.5982,0.59804,0.5982,0.59865,0.5982,0.59804,0.5982,0.59865,0.5982,0.59804,0.5982,0.59865,0.5982,0.59804,0.5982,0.59865,0.5982,0.59804,0.5982,0.59865,0.5982,0.59804,0.59828,0.59865,0.59805,0.59848,0.59778,0.59865,0.59912,0.59633,0.59993,0.59865,0.5946,0.60671,0.58401,0.53373,0.52827,0.5376,0.53113,0.53373,0.53441,0.53202,0.53385,0.53373,0.53306,0.53336,0.5332,0.53373,0.53332,0.53317,0.53332,0.53373,0.53332,0.53317,0.53332,0.53373,0.53332,0.53317,0.53332,0.53373,0.53332,0.53317,0.53332,0.53373,0.53332,0.53317,0.53332,0.53373,0.53332,0.53317,0.53332,0.53373,0.53332,0.53317,0.53332,0.53373,0.53332,0.53317,0.53332,0.53373,0.53332,0.53317,0.53332,0.53373,0.53332,0.53317,0.53337,0.53373,0.53323,0.53346,0.53305,0.53373,0.53391,0.53208,0.53443,0.53373,0.53101,0.53874,0.52421,0.49204,0.48843,0.49437,0.49026,0.49204,0.49237,0.49079,0.49201,0.49204,0.4915,0.49165,0.49159,0.49204,0.49167,0.49153,0.49167,0.49204,0.49167,0.49153,0.49167,0.49204,0.49167,0.49153,0.49167,0.49204,0.49167,0.49153,0.49167,0.49204,0.49167,0.49153,0.49167,0.49204,0.49167,0.49153,0.49167,0.49204,0.49167,0.49153,0.49167,0.49204,0.49167,0.49153,0.49167,0.49204,0.49167,0.49153,0.49167,0.49204,0.49167,0.49153,0.49142,0.49204,0.4922,0.48999,0.49312,0.49204,0.48849,0.49745,0.48567,0.49204,0.50416,0.46146,0.54087,0.71712,0.73408,0.70103,0.72417,0.71712,0.7128,0.72036,0.71476,0.71712,0.7175,0.71572,0.717,0.71712,0.71657,0.71637,0.71657,0.71712,0.71657,0.71637,0.71657,0.71712,0.71657,0.71637,0.71657,0.71712,0.71657,0.71637,0.71657,0.71712,0.71657,0.71637,0.71657,0.71712,0.71657,0.71637,0.71657,0.71712,0.71657,0.71637,0.71657,0.71712,0.71657,0.71637,0.71657,0.71712,0.71657,0.71637,0.71657,0.71712,0.71657,0.71637,0.71738,0.71712,0.71489,0.7213,0.71194,0.71712,0.72671,0.69752,0.73568,0.71712,0.67679,0.81217,0.55983
0.77855,0.83852,0.72468,0.80424,0.77855,0.76493,0.79155,0.77168,0.77855,0.78118,0.77548,0.77944,0.77855,0.77796,0.77775,0.77796,0.77855,0.77796,0.77775,0.77796,0.77855,0.77796,0.77775,0.77796,0.77855,0.77796,0.77775,0.77796,0.77855,0.77796,0.77775,0.77796,0.77855,0.77796,0.77775,0.77796,0.77855,0.77796,0.77775,0.77796,0.77855,0.77796,0.77775,0.77796,0.77855,0.77796,0.77775,0.77796,0.77855,0.77796,0.77775,0.77796,0.77855,0.77796,0.77775,0.77796,0.77855,0.77796,0.77775,0.77796,0.77855,0.77796,0.77775,0.77796,0.77855,0.77796,0.77775,0.77796,0.77855,0.77796,0.77775,0.77796,0.77855,0.77796,0.77775,0.77796,0.77855,0.77796,0.77775,0.77796,0.77855,0.77796,0.77775,0.77796,0.77855,0.77796,0.77775,0.77796,0.77855,0.77796,0.77775,0.77796,0.77855,0.77796,0.77775,0.77796,0.77855,0.77796,0.77775,0.77796,0.77855,0.77796,0.77775,0.77796,0.77855,0.77796,0.77775,0.77796,0.77855,0.77796,0.77775,0.77796,0.77855,0.77796,0.77775,0.77796,0.77855,0.77796,0.77775,0.77796,0.77855,0.77796,0.77775,0.77796,0.77855,0.77796,0.77775,0.77796,0.77855,0.77796,0.77775,0.77796,0.77855,0.77796,0.77775,0.77796,0.77855,0.77796,0.77775,0.77796,0.77855,0.77796,0.77775,0.77796,0.77855,0.77796,0.77775,0.77796,0.77855,0.77796,0.77775,0.77796,0.77855,0.77796,0.77775,0.77796,0.77855,0.77796,0.77775,0.77796,0.77855,0.77796,0.77775,0.77796,0.77855,0.77796,0.77775,0.77796,0.77855,0.77796,0.77775,0.77796,0.77855,0.77796,0.77775,0.77796,0.77855,0.77796,0.77775,0.77796,0.77855,0.77796,0.77775,0.77796,0.77855,0.77796,0.77775,0.77796,0.77855,0.77796,0.77775,0.77796,0.77855,0.77796,0.77775,0.77796,0.77855,0.77796,0.77775,0.77796,0.77855,0.77796,0.77775,0.77796,0.77855,0.77796,0.77775,0.77796,0.77855,0.77796,0.77775,0.77796,0.77855,0.77796,0.77775,0.77796,0.77855,0.77796,0.77775,0.77796,0.77855,0.77796,0.77775,0.77796,0.77855,0.77796,0.77775,0.77796,0.77855,0.77796,0.77775,0.77796,0.77855,0.77796,0.77775,0.77796,0.77855,0.77796,0.77775,0.77796,0.77855,0.77796,0.77775,0.77884,0.77855,0.77614,0.7831,0.77293,0.77855,0.78897,0.75728,0.79871,0.77855,0.73477,0.88175,0.60779
0.90634,0.97615,0.84362,0.93624,0.90634,0.89048,0.92147,0.89834,0.90634,0.9094,0.90276,0.90738,0.90634,0.90565,0.9054,0.90565,0.90634,0.90565,0.9054,0.90565,0.90634,0.90565,0.9054,0.90565,0.90634,0.90565,0.9054,0.90565,0.90634,0.90565,0.9054,0.90565,0.90634,0.90565,0.9054,0.90565,0.90634,0.90565,0.9054,0.90565,0.90634,0.90565,0.9054,0.90565,0.90634,0.90565,0.9054,0.90565,0.90634,0.90565,0.9054,0.90565,0.90634,0.90565,0.9054,0.90565,0.90634,0.90565,0.9054,0.90565,0.90634,0.90565,0.9054,0.90565,0.90634,0.90565,0.9054,0.90565,0.90634,0.90565,0.9054,0.90565,0.90634,0.90565,0.9054,0.90565,0.90634,0.90565,0.9054,0.90565,0.90634,0.90565,0.9054,0.90565,0.90634,0.90565,0.9054,0.90565,0.90634,0.90565,0.9054,0.90565,0.90634,0.90565,0.9054,0.90565,0.90634,0.90565,0.9054,0.90565,0.90634,0.90565,0.9054,0.90565,0.90634,0.90565,0.9054,0.90565,0.90634,0.90565,0.9054,0.90565,0.90634,0.90565,0.9054,0.90656,0.90634,0.90377,0.9109,0.90047,0.90634,0.91697,0.88434,0.927,0.90634,0.86122,1.0124,0.73059,0.10541,0.043036,0.1599,0.0783,0.10541,0.11874,0.0911,0.1118,0.10541,0.10202,0.10764,0.10381,0.10541,0.10533,0.1053,0.10533,0.10541,0.10533,0.1053,0.10533,0.10541,0.10533,0.1053,0.10533,0.10541,0.10533,0.1053,0.10533,0.10541,0.10533,0.1053,0.10533,0.10541,0.10533,0.1053,0.10533,0.10541,0.10533,0.1053,0.10533,0.10541,0.10533,0.1053,0.10533,0.10541,0.10533,0.1053,0.10533,0.10541,0.10533,0.1053,0.10533,0.10541,0.10533,0.1053,0.10533,0.10541,0.10533,0.1053,0.10533,0.10541,0.10533,0.1053,0.10533,0.10541,0.10533,0.1053,0.10533,0.10541,0.10533,0.1053,0.10533,0.10541,0.10533,0.1053,0.10533,0.10541,0.10533,0.1053,0.10533,0.10541,0.10533,0.1053,0.10533,0.10541,0.10533,0.1053,0.10533,0.10541,0.10533,0.1053,0.10533,0.10541,0.10533,0.1053,0.10533,0.10541,0.10533,0.1053,0.10533,0.10541,0.10533,0.1053,0.10533,0.10541,0.10533,0.1053,0.10533,0.10541,0.10533,0.1053,0.10533,0.10541,0.10533,0.1053,0.10545,0.10541,0.10508,0.10603,0.10465,0.10541,0.10682,0.10253,0.10814,0.10541,0.099484,0.11938,0.082291
0.83796,0.9025,0.77997,0.86561,0.83796,0.82329,0.85195,0.83056,0.83796,0.84079,0.83465,0.83892,0.83796,0.83733,0.83709,0.83733,0.83796,0.83733,0.83709,0.83733,0.83796,0.83733,0.83709,0.83733,0.83796,0.83733,0.83709,0.83733,0.83796,0.83733,0.83709,0.83733,0.83796,0.83733,0.83709,0.83733,0.83796,0.83733,0.83709,0.83733,0.83796,0.83733,0.83709,0.83733,0.83796,0.83733,0.83709,0.83733,0.83796,0.83733,0.83709,0.83733,0.83796,0.83733,0.83709,0.83733,0.83796,0.83733,0.83709,0.83733,0.83796,0.83733,0.83709,0.83733,0.83796,0.83733,0.83709,0.83733,0.83796,0.83733,0.83709,0.83733,0.83796,0.83733,0.83709,0.83733,0.83796,0.83733,0.83709,0.83733,0.83796,0.83733,0.83709,0.83733,0.83796,0.83733,0.83709,0.83733,0.83796,0.83733,0.83709,0.83733,0.83796,0.83733,0.83709,0.83733,0.83796,0.83733,0.83709,0.83733,0.83796,0.83733,0.83709,0.83733,0.83796,0.83733,0.83709,0.83733,0.83796,0.83733,0.83709,0.83733,0.83796,0.83733,0.83709,0.83733,0.83796,0.83733,0.83709,0.83733,0.83796,0.83733,0.83709,0.83733,0.83796,0.83733,0.83709,0.83733,0.83796,0.83733,0.83709,0.83733,0.83796,0.83733,0.83709,0.83733,0.83796,0.83733,0.83709,0.83733,0.83796,0.83733,0.83709,0.83733,0.83796,0.83733,0.83709,0.83733,0.83796,0.83733,0.83709,0.83733,0.83796,0.83733,0.83709,0.83733,0.83796,0.83733,0.83709,0.83733,0.83796,0.83733,0.83709,0.83733,0.83796,0.83733,0.83709,0.83733,0.83796,0.83733,0.83709,0.83733,0.83796,0.83733,0.83709,0.83733,0.83796,0.83733,0.83709,0.83733,0.83796,0.83733,0.83709,0.83733,0.83796,0.83733,0.83709,0.83733,0.83796,0.83733,0.83709,0.83733,0.83796,0.83733,0.83709,0.83733,0.83796,0.83733,0.83709,0.83733,0.83796,0.83733,0.83709,0.83733,0.83796,0.83733,0.83709,0.83733,0.83796,0.83733,0.83709,0.83733,0.83796,0.83733,0.83709,0.83733,0.83796,0.83733,0.83709,0.83733,0.83796,0.83733,0.83709,0.83733,0.83796,0.83733,0.83709,0.83733,0.83796,0.83733,0.83709,0.83733,0.83796,0.83733,0.83709,0.83733,0.83796,0.83733,0.83709,0.83733,0.83796,0.83733,0.83709,0.83827,0.83796,0.83536,0.84285,0.83191,0.83796,0.84917,0.81506,0.85966,0.83796,0.79084,0.94904,0.65417
0.82234,0.88568,0.76543,0.84947,0.82234,0.80795,0.83607,0.81508,0.82234,0.82512,0.81909,0.82328,0.82234,0.82172,0.82149,0.82172,0.82234,0.82172,0.82149,0.82172,0.82234,0.82172,0.82149,0.82172,0.82234,0.82172,0.82149,0.82172,0.82234,0.82172,0.82149,0.82172,0.82234,0.82172,0.82149,0.82172,0.82234,0.82172,0.82149,0.82172,0.82234,0.82172,0.82149,0.82172,0.82234,0.82172,0.82149,0.82172,0.82234,0.82172,0.82149,0.82172,0.82234,0.82172,0.82149,0.82172,0.82234,0.82172,0.82149,0.82172,0.82234,0.82172,0.82149,0.82172,0.82234,0.82172,0.82149,0.82172,0.82234,0.82172,0.82149,0.82172,0.82234,0.82172,0.82149,0.82172,0.82234,0.82172,0.82149,0.82172,0.82234,0.82172,0.82149,0.82172,0.82234,0.82172,0.82149,0.82172,0.82234,0.82172,0.82149,0.82172,0.82234,0.82172,0.82149,0.82172,0.82234,0.82172,0.82149,0.82172,0.82234,0.82172,0.82149,0.82172,0.82234,0.82172,0.82149,0.82172,0.82234,0.82172,0.82149,0.82172,0.82234,0.82172,0.82149,0.82172,0.82234,0.82172,0.82149,0.82172,0.82234,0.82172,0.82149,0.82172,0.82234,0.82172,0.82149,0.82172,0.82234,0.82172,0.82149,0.82172,0.82234,0.82172,0.82149,0.82172,0.82234,0.82172,0.82149,0.82172,0.82234,0.82172,0.82149,0.82172,0.82234,0.82172,0.82149,0.82172,0.82234,0.82172,0.82149,0.82172,0.82234,0.82172,0.82149,0.82172,0.82234,0.82172,0.82149,0.82172,0.82234,0.82172,0.82149,0.82172,0.82234,0.82172,0.82149,0.82172,0.82234,0.82172,0.82149,0.82172,0.82234,0.82172,0.82149,0.82172,0.82234,0.82172,0.82149,0.82172,0.82234,0.82172,0.82149,0.82172,0.82234,0.82172,0.82149,0.82172,0.82234,0.82172,0.82149,0.82172,0.82234,0.82172,0.82149,0.82172,0.82234,0.82172,0.82149,0.82172,0.82234,0.82172,0.82149,0.82172,0.82234,0.82172,0.82149,0.82172,0.82234,0.82172,0.82149,0.82172,0.82234,0.82172,0.82149,0.82172,0.82234,0.82172,0.82149,0.82172,0.82234,0.82172,0.82149,0.82172,0.82234,0.82172,0.82149,0.82172,0.82234,0.82172,0.82149,0.82172,0.82234,0.82172,0.82149,0.82172,0.82234,0.82172,0.82149,0.82172,0.82234,0.82172,0.82149,0.82265,0.82234,0.81979,0.82714,0.8164,0.82234,0.83334,0.79987,0.84363,0.82234,0.7761,0.93134,0.64197
0.78222,0.84247,0.72809,0.80803,0.78222,0.76853,0.79528,0.77531,0.78222,0.78486,0.77913,0.78311,0.78222,0.78163,0.78141,0.78163,0.78222,0.78163,0.78141,0.78163,0.78222,0.78163,0.78141,0.78163,0.78222,0.78163,0.78141,0.78163,0.78222,0.78163,0.78141,0.78163,0.78222,0.78163,0.78141,0.78163,0.78222,0.78163,0.78141,0.78163,0.78222,0.78163,0.78141,0.78163,0.78222,0.78163,0.78141,0.78163,0.78222,0.78163,0.78141,0.78163,0.78222,0.78163,0.78141,0.78163,0.78222,0.78163,0.78141,0.78163,0.78222,0.78163,0.78141,0.78163,0.78222,0.78163,0.78141,0.78163,0.78222,0.78163,0.78141,0.78163,0.78222,0.78163,0.78141,0.78163,0.78222,0.78163,0.78141,0.78163,0.78222,0.78163,0.78141,0.78163,0.78222,0.78163,0.78141,0.78163,0.78222,0.78163,0.78141,0.78163,0.78222,0.78163,0.78141,0.78163,0.78222,0.78163,0.78141,0.78163,0.78222,0.78163,0.78141,0.78163,0.78222,0.78163,0.78141,0.78163,0.78222,0.78163,0.78141,0.78163,0.78222,0.78163,0.78141,0.78163,0.78222,0.78163,0.78141,0.78163,0.78222,0.78163,0.78141,0.78163,0.78222,0.78163,0.78141,0.78163,0.78222,0.78163,0.78141,0.78163,0.78222,0.78163,0.78141,0.78163,0.78222,0.78163,0.78141,0.78163,0.78222,0.78163,0.78141,0.78163,0.78222,0.78163,0.78141,0.78163,0.78222,0.78163,0.78141,0.78163,0.78222,0.78163,0.78141,0.78163,0.78222,0.78163,0.78141,0.78163,0.78222,0.78163,0.78141,0.78163,0.78222,0.78163,0.78141,0.78163,0.78222,0.78163,0.78141,0.78163,0.78222,0.78163,0.78141,0.78163,0.78222,0.78163,0.78141,0.78163,0.78222,0.78163,0.78141,0.78163,0.78222,0.78163,0.78141,0.78163,0.78222,0.78163,0.78141,0.78163,0.78222,0.78163,0.78141,0.78163,0.78222,0.78163,0.78141,0.78163,0.78222,0.78163,0.78141,0.78163,0.78222,0.78163,0.78141,0.78163,0.78222,0.78163,0.78141,0.78163,0.78222,0.78163,0.78141,0.78163,0.78222,0.78163,0.78141,0.78163,0.78222,0.78163,0.78141,0.78163,0.78222,0.78163,0.78141,0.78163,0.78222,0.78163,0.78141,0.78163,0.78222,0.78163,0.78141,0.78163,0.78222,0.78163,0.78141,0.78163,0.78222,0.78163,0.78141,0.78251,0.78222,0.77979,0.78678,0.77657,0.78222,0.79268,0.76084,0.80247,0.78222,0.73823,0.8859,0.61065
0.83975,0.90443,0.78164,0.86746,0.83975,0.82505,0.85377,0.83234,0.83975,0.84259,0.83643,0.84071,0.83975,0.83911,0.83888,0.83911,0.83975,0.83911,0.83888,0.83911,0.83975,0.83911,0.83888,0.83911,0.83975,0.83911,0.83888,0.83911,0.83975,0.83911,0.83888,0.83911,0.83975,0.83911,0.83888,0.83911,0.83975,0.83911,0.83888,0.83911,0.83975,0.83911,0.83888,0.83911,0.83975,0.83911,0.83888,0.83911,0.83975,0.83911,0.83888,0.83911,0.83975,0.83911,0.83888,0.83911,0.83975,0.83911,0.83888,0.83911,0.83975,0.83911,0.83888,0.83911,0.83975,0.83911,0.83888,0.83911,0.83975,0.83911,0.83888,0.83911,0.83975,0.83911,0.83888,0.83911,0.83975,0.83911,0.83888,0.83911,0.83975,0.83911,0.83888,0.83911,0.83975,0.83911,0.83888,0.83911,0.83975,0.83911,0.83888,0.83911,0.83975,0.83911,0.83888,0.83911,0.83975,0.83911,0.83888,0.83911,0.83975,0.83911,0.83888,0.83911,0.83975,0.83911,0.83888,0.83911,0.83975,0.83911,0.83888,0.83911,0.83975,0.83911,0.83888,0.83911,0.83975,0.83911,0.83888,0.83911,0.83975,0.83911,0.83888,0.83911,0.83975,0.83911,0.83888,0.83911,0.83975,0.83911,0.83888,0.83911,0.83975,0.83911,0.83888,0.83911,0.83975,0.83911,0.83888,0.83911,0.83975,0.83911,0.83888,0.83911,0.83975,0.83911,0.83888,0.83911,0.83975,0.83911,0.83888,0.83911,0.83975,0.83911,0.83888,0.83911,0.83975,0.83911,0.83888,0.83911,0.83975,0.83911,0.83888,0.83911,0.83975,0.83911,0.83888,0.83911,0.83975,0.83911,0.83888,0.83911,0.83975,0.83911,0.83888,0.83911,0.83975,0.83911,0.83888,0.83911,0.83975,0.83911,0.83888,0.83911,0.83975,0.83911,0.83888,0.83911,0.83975,0.83911,0.83888,0.83911,0.83975,0.83911,0.83888,0.83911,0.83975,0.83911,0.83888,0.83911,0.83975,0.83911,0.83888,0.83911,0.83975,0.83911,0.83888,0.83911,0.83975,0.83911,0.83888,0.83911,0.83975,0.83911,0.83888,0.83911,0.83975,0.83911,0.83888,0.83911,0.83975,0.83911,0.83888,0.83911,0.83975,0.83911,0.83888,0.83911,0.83975,0.83911,0.83888,0.83911,0.83975,0.83911,0.83888,0.83911,0.83975,0.83911,0.83888,0.83911,0.83975,0.83911,0.83888,0.84006,0.83975,0.83714,0.84465,0.83369,0.83975,0.85098,0.8168,0.86149,0.83975,0.79253,0.95106,0.65557
0.74006,0.79706,0.68884,0.76447,0.74006,0.7271,0.75241,0.73352,0.74006,0.74256,0.73713,0.7409,0.74006,0.7395,0.73929,0.7395,0.74006,0.7395,0.73929,0.7395,0.74006,0.7395,0.73929,0.7395,0.74006,0.7395,0.73929,0.7395,0.74006,0.7395,0.73929,0.7395,0.74006,0.7395,0.73929,0.7395,0.74006,0.7395,0.73929,0.7395,0.74006,0.7395,0.73929,0.7395,0.74006,0.7395,0.73929,0.7395,0.74006,0.7395,0.73929,0.7395,0.74006,0.7395,0.73929,0.7395,0.74006,0.7395,0.73929,0.7395,0.74006,0.7395,0.73929,0.7395,0.74006,0.7395,0.73929,0.7395,0.74006,0.7395,0.73929,0.7395,0.74006,0.7395,0.73929,0.7395,0.74006,0.7395,0.73929,0.7395,0.74006,0.7395,0.73929,0.7395,0.74006,0.7395,0.73929,0.7395,0.74006,0.7395,0.73929,0.7395,0.74006,0.7395,0.73929,0.7395,0.74006,0.7395,0.73929,0.7395,0.74006,0.7395,0.73929,0.7395,0.74006,0.7395,0.73929,0.7395,0.74006,0.7395,0.73929,0.7395,0.74006,0.7395,0.73929,0.7395,0.74006,0.7395,0.73929,0.7395,0.74006,0.7395,0.73929,0.7395,0.74006,0.7395,0.73929,0.7395,0.74006,0.7395,0.73929,0.7395,0.74006,0.7395,0.73929,0.7395,0.74006,0.7395,0.73929,0.7395,0.74006,0.7395,0.73929,0.7395,0.74006,0.7395,0.73929,0.7395,0.74006,0.7395,0.73929,0.7395,0.74006,0.7395,0.73929,0.7395,0.74006,0.7395,0.73929,0.7395,0.74006,0.7395,0.73929,0.7395,0.74006,0.7395,0.73929,0.7395,0.74006,0.7395,0.73929,0.7395,0.74006,0.7395,0.73929,0.7395,0.74006,0.7395,0.73929,0.7395,0.74006,0.7395,0.73929,0.7395,0.74006,0.7395,0.73929,0.7395,0.74006,0.7395,0.73929,0.7395,0.74006,0.7395,0.73929,0.7395,0.74006,0.7395,0.73929,0.7395,0.74006,0.7395,0.73929,0.7395,0.74006,0.7395,0.73929,0.7395,0.74006,0.7395,0.73929,0.7395,0.74006,0.7395,0.73929,0.7395,0.74006,0.7395,0.73929,0.7395,0.74006,0.7395,0.73929,0.7395,0.74006,0.7395,0.73929,0.7395,0.74006,0.7395,0.73929,0.7395,0.74006,0.7395,0.73929,0.7395,0.74006,0.7395,0.73929,0.7395,0.74006,0.7395,0.73929,0.74033,0.74006,0.73776,0.74438,0.73471,0.74006,0.74996,0.71983,0.75922,0.74006,0.69844,0.83815,0.57774
0.82533,0.8889,0.76822,0.85256,0.82533,0.81089,0.83911,0.81804,0.82533,0.82812,0.82207,0.82628,0.82533,0.82471,0.82448,0.82471,0.82533,0.82471,0.82448,0.82471,0.82533,0.82471,0.82448,0.82471,0.82533,0.82471,0.82448,0.82471,0.82533,0.82471,0.82448,0.82471,0.82533,0.82471,0.82448,0.82471,0.82533,0.82471,0.82448,0.82471,0.82533,0.82471,0.82448,0.82471,0.82533,0.82471,0.82448,0.82471,0.82533,0.82471,0.82448,0.82471,0.82533,0.82471,0.82448,0.82471,0.82533,0.82471,0.82448,0.82471,0.82533,0.82471,0.82448,0.82471,0.82533,0.82471,0.82448,0.82471,0.82533,0.82471,0.82448,0.82471,0.82533,0.82471,0.82448,0.82471,0.82533,0.82471,0.82448,0.82471,0.82533,0.82471,0.82448,0.82471,0.82533,0.82471,0.82448,0.82471,0.82533,0.82471,0.82448,0.82471,0.82533,0.82471,0.82448,0.82471,0.82533,0.82471,0.82448,0.82471,0.82533,0.82471,0.82448,0.82471,0.82533,0.82471,0.82448,0.82471,0.82533,0.82471,0.82448,0.82471,0.82533,0.82471,0.82448,0.82551,0.82533,0.82304,0.82934,0.82013,0.82533,0.83472,0.80585,0.84358,0.82533,0.78541,0.9191,0.66988,0.117,0.061816,0.16516,0.093003,0.117,0.12877,0.10432,0.12263,0.117,0.11398,0.11894,0.11556,0.117,0.11691,0.11688,0.11691,0.117,0.11691,0.11688,0.11691,0.117,0.11691,0.11688,0.11691,0.117,0.11691,0.11688,0.11691,0.117,0.11691,0.11688,0.11691,0.117,0.11691,0.11688,0.11691,0.117,0.11691,0.11688,0.11691,0.117,0.11691,0.11688,0.11691,0.117,0.11691,0.11688,0.11691,0.117,0.11691,0.11688,0.11691,0.117,0.11691,0.11688,0.11691,0.117,0.11691,0.11688,0.11691,0.117,0.11691,0.11688,0.11691,0.117,0.11691,0.11688,0.11691,0.117,0.11691,0.11688,0.11691,0.117,0.11691,0.11688,0.11691,0.117,0.11691,0.11688,0.11691,0.117,0.11691,0.11688,0.11691,0.117,0.11691,0.11688,0.11691,0.117,0.11691,0.11688,0.11691,0.117,0.11691,0.11688,0.11691,0.117,0.11691,0.11688,0.11691,0.117,0.11691,0.11688,0.11691,0.117,0.11691,0.11688,0.11691,0.117,0.11691,0.11688,0.11691,0.117,0.11691,0.11688,0.11704,0.117,0.11663,0.11768,0.11615,0.117,0.11856,0.1138,0.12003,0.117,0.11042,0.13251,0.091336
0.32802,0.35328,0.30532,0.33884,0.32802,0.32228,0.3335,0.32512,0.32802,0.32913,0.32672,0.32839,0.32802,0.32777,0.32768,0.32777,0.32802,0.32777,0.32768,0.32777,0.32802,0.32777,0.32768,0.32777,0.32802,0.32777,0.32768,0.32777,0.32802,0.32777,0.32768,0.32777,0.32802,0.32777,0.32768,0.32777,0.32802,0.32777,0.32768,0.32777,0.32802,0.32777,0.32768,0.32777,0.32802,0.32777,0.32768,0.32777,0.32802,0.32777,0.32768,0.32777,0.32802,0.32777,0.32768,0.32777,0.32802,0.32777,0.32768,0.32777,0.32802,0.32777,0.32768,0.32777,0.32802,0.32777,0.32768,0.32777,0.32802,0.32777,0.32768,0.32777,0.32802,0.32777,0.32768,0.32777,0.32802,0.32777,0.32768,0.32777,0.32802,0.32777,0.32768,0.32777,0.32802,0.32777,0.32768,0.32777,0.32802,0.32777,0.32768,0.32777,0.32802,0.32777,0.32768,0.32777,0.32802,0.32777,0.32768,0.32777,0.32802,0.32777,0.32768,0.32777,0.32802,0.32777,0.32768,0.32777,0.32802,0.32777,0.32768,0.32777,0.32802,0.32777,0.32768,0.32719,0.32802,0.32898,0.32413,0.33111,0.32802,0.32047,0.34125,0.31401,0.32802,0.35642,0.2587,0.44063,0.84438,0.8839,0.80831,0.86117,0.84438,0.83509,0.85266,0.83957,0.84438,0.84587,0.842,0.84472,0.84438,0.84374,0.8435,0.84374,0.84438,0.84374,0.8435,0.84374,0.84438,0.84374,0.8435,0.84374,0.84438,0.84374,0.8435,0.84374,0.84438,0.84374,0.8435,0.84374,0.84438,0.84374,0.8435,0.84374,0.84438,0.84374,0.8435,0.84374,0.84438,0.84374,0.8435,0.84374,0.84438,0.84374,0.8435,0.84374,0.84438,0.84374,0.8435,0.84374,0.84438,0.84374,0.8435,0.84374,0.84438,0.84374,0.8435,0.84374,0.84438,0.84374,0.8435,0.84374,0.84438,0.84374,0.8435,0.84374,0.84438,0.84374,0.8435,0.84374,0.84438,0.84374,0.8435,0.84374,0.84438,0.84374,0.8435,0.84374,0.84438,0.84374,0.8435,0.84374,0.84438,0.84374,0.8435,0.84374,0.84438,0.84374,0.8435,0.84374,0.84438,0.84374,0.8435,0.84374,0.84438,0.84374,0.8435,0.84374,0.84438,0.84374,0.8435,0.84374,0.84438,0.84374,0.8435,0.84374,0.84438,0.84374,0.8435,0.84374,0.84438,0.84374,0.8435,0.84469,0.84438,0.84176,0.84931,0.83828,0.84438,0.85567,0.8213,0.86624,0.84438,0.7969,0.9563,0.65918
0.78663,0.84722,0.73219,0.81258,0.78663,0.77286,0.79976,0.77968,0.78663,0.78928,0.78352,0.78753,0.78663,0.78603,0.78581,0.78603,0.78663,0.78603,0.78581,0.78603,0.78663,0.78603,0.78581,0.78603,0.78663,0.78603,0.78581,0.78603,0.78663,0.78603,0.78581,0.78603,0.78663,0.78603,0.78581,0.78603,0.78663,0.78603,0.78581,0.78603,0.78663,0.78603,0.78581,0.78603,0.78663,0.78603,0.78581,0.78603,0.78663,0.78603,0.78581,0.78603,0.78663,0.78603,0.78581,0.78603,0.78663,0.78603,0.78581,0.78603,0.78663,0.78603,0.78581,0.78603,0.78663,0.78603,0.78581,0.78603,0.78663,0.78603,0.78581,0.78603,0.78663,0.78603,0.78581,0.78603,0.78663,0.78603,0.78581,0.78603,0.78663,0.78603,0.78581,0.78603,0.78663,0.78603,0.78581,0.78603,0.78663,0.78603,0.78581,0.78603,0.78663,0.78603,0.78581,0.78603,0.78663,0.78603,0.78581,0.78603,0.78663,0.78603,0.78581,0.78603,0.78663,0.78603,0.78581,0.78603,0.78663,0.78603,0.78581,0.78603,0.78663,0.78603,0.78581,0.78603,0.78663,0.78603,0.78581,0.78603,0.78663,0.78603,0.78581,0.78603,0.78663,0.78603,0.78581,0.78603,0.78663,0.78603,0.78581,0.78603,0.78663,0.78603,0.78581,0.78603,0.78663,0.78603,0.78581,0.78603,0.78663,0.78603,0.78581,0.78603,0.78663,0.78603,0.78581,0.78603,0.78663,0.78603,0.78581,0.78603,0.78663,0.78603,0.78581,0.78603,0.78663,0.78603,0.78581,0.78603,0.78663,0.78603,0.78581,0.78603,0.78663,0.78603,0.78581,0.78603,0.78663,0.78603,0.78581,0.78603,0.78663,0.78603,0.78581,0.78603,0.78663,0.78603,0.78581,0.78603,0.78663,0.78603,0.78581,0.78603,0.78663,0.78603,0.78581,0.78603,0.78663,0.78603,0.78581,0.78603,0.78663,0.78603,0.78581,0.78603,0.78663,0.78603,0.78581,0.78603,0.78663,0.78603,0.78581,0.78603,0.78663,0.78603,0.78581,0.78603,0.78663,0.78603,0.78581,0.78603,0.78663,0.78603,0.78581,0.78603,0.78663,0.78603,0.78581,0.78603,0.78663,0.78603,0.78581,0.78603,0.78663,0.78603,0.78581,0.78603,0.78663,0.78603,0.78581,0.78603,0.78663,0.78603,0.78581,0.78603,0.78663,0.78603,0.78581,0.78603,0.78663,0.78603,0.78581,0.78692,0.78663,0.78419,0.79122,0.78095,0.78663,0.79715,0.76513,0.807,0.78663,0.74239,0.8909,0.6141
0.82008,0.88324,0.76333,0.84714,0.82008,0.80573,0.83377,0.81284,0.82008,0.82285,0.81684,0.82102,0.82008,0.81946,0.81923,0.81946,0.82008,0.81946,0.81923,0.81946,0.82008,0.81946,0.81923,0.81946,0.82008,0.81946,0.81923,0.81946,0.82008,0.81946,0.81923,0.81946,0.82008,0.81946,0.81923,0.81946,0.82008,0.81946,0.81923,0.81946,0.82008,0.81946,0.81923,0.81946,0.82008,0.81946,0.81923,0.81946,0.82008,0.81946,0.81923,0.81946,0.82008,0.81946,0.81923,0.81946,0.82008,0.81946,0.81923,0.81946,0.82008,0.81946,0.81923,0.81946,0.82008,0.81946,0.81923,0.81946,0.82008,0.81946,0.81923,0.81946,0.82008,0.81946,0.81923,0.81946,0.82008,0.81946,0.81923,0.81946,0.82008,0.81946,0.81923,0.81946,0.82008,0.81946,0.81923,0.81946,0.82008,0.81946,0.81923,0.81946,0.82008,0.81946,0.81923,0.81946,0.82008,0.81946,0.81923,0.81946,0.82008,0.81946,0.81923,0.81946,0.82008,0.81946,0.81923,0.81946,0.82008,0.81946,0.81923,0.81946,0.82008,0.81946,0.81923,0.81946,0.82008,0.81946,0.81923,0.81946,0.82008,0.81946,0.81923,0.81946,0.82008,0.81946,0.81923,0.81946,0.82008,0.81946,0.81923,0.81946,0.82008,0.81946,0.81923,0.81946,0.82008,0.81946,0.81923,0.81946,0.82008,0.81946,0.81923,0.81946,0.82008,0.81946,0.81923,0.81946,0.82008,0.81946,0.81923,0.81946,0.82008,0.81946,0.81923,0.81946,0.82008,0.81946,0.81923,0.81946,0.82008,0.81946,0.81923,0.81946,0.82008,0.81946,0.81923,0.81946,0.82008,0.81946,0.81923,0.81946,0.82008,0.81946,0.81923,0.81946,0.82008,0.81946,0.81923,0.81946,0.82008,0.81946,0.81923,0.81946,0.82008,0.81946,0.81923,0.81946,0.82008,0.81946,0.81923,0.81946,0.82008,0.81946,0.81923,0.81946,0.82008,0.81946,0.81923,0.81946,0.82008,0.81946,0.81923,0.81946,0.82008,0.81946,0.81923,0.81946,0.82008,0.81946,0.81923,0.81946,0.82008,0.81946,0.81923,0.81946,0.82008,0.81946,0.81923,0.81946,0.82008,0.81946,0.81923,0.81946,0.82008,0.81946,0.81923,0.81946,0.82008,0.81946,0.81923,0.81946,0.82008,0.81946,0.81923,0.81946,0.82008,0.81946,0.81923,0.81946,0.82008,0.81946,0.81923,0.82039,0.82008,0.81753,0.82487,0.81416,0.82008,0.83105,0.79767,0.84131,0.82008,0.77396,0.92879,0.64021
0.56971,0.61359,0.53028,0.5885,0.56971,0.55974,0.57922,0.56468,0.56971,0.57163,0.56746,0.57036,0.56971,0.56928,0.56912,0.56928,0.56971,0.56928,0.56912,0.56928,0.56971,0.56928,0.56912,0.56928,0.56971,0.56928,0.56912,0.56928,0.56971,0.56928,0.56912,0.56928,0.56971,0.56928,0.56912,0.56928,0.56971,0.56928,0.56912,0.56928,0.56971,0.56928,0.56912,0.56928,0.56971,0.56928,0.56912,0.56928,0.56971,0.56928,0.56912,0.56928,0.56971,0.56928,0.56912,0.56928,0.56971,0.56928,0.56912,0.56928,0.56971,0.56928,0.56912,0.56928,0.56971,0.56928,0.56912,0.56928,0.56971,0.56928,0.56912,0.56928,0.56971,0.56928,0.56912,0.56928,0.56971,0.56928,0.56912,0.56928,0.56971,0.56928,0.56912,0.56928,0.56971,0.56928,0.56912,0.56928,0.56971,0.56928,0.56912,0.56928,0.56971,0.56928,0.56912,0.56928,0.56971,0.56928,0.56912,0.56928,0.56971,0.56928,0.56912,0.56928,0.56971,0.56928,0.56912,0.56928,0.56971,0.56928,0.56912,0.56928,0.56971,0.56928,0.56912,0.569,0.56971,0.56985,0.56743,0.57086,0.56971,0.56581,0.57557,0.56274,0.56971,0.58289,0.53633,0.62293,0.81516,0.83363,0.79758,0.82282,0.81516,0.81043,0.81867,0.81256,0.81516,0.81556,0.8136,0.81501,0.81516,0.81454,0.81431,0.81454,0.81516,0.81454,0.81431,0.81454,0.81516,0.81454,0.81431,0.81454,0.81516,0.81454,0.81431,0.81454,0.81516,0.81454,0.81431,0.81454,0.81516,0.81454,0.81431,0.81454,0.81516,0.81454,0.81431,0.81454,0.81516,0.81454,0.81431,0.81454,0.81516,0.81454,0.81431,0.81454,0.81516,0.81454,0.81431,0.81454,0.81516,0.81454,0.81431,0.81454,0.81516,0.81454,0.81431,0.81454,0.81516,0.81454,0.81431,0.81454,0.81516,0.81454,0.81431,0.81454,0.81516,0.81454,0.81431,0.81454,0.81516,0.81454,0.81431,0.81454,0.81516,0.81454,0.81431,0.81454,0.81516,0.81454,0.81431,0.81454,0.81516,0.81454,0.81431,0.81454,0.81516,0.81454,0.81431,0.81454,0.81516,0.81454,0.81431,0.81454,0.81516,0.81454,0.81431,0.81454,0.81516,0.81454,0.81431,0.81454,0.81516,0.81454,0.81431,0.81454,0.81516,0.81454,0.81431,0.81454,0.81516,0.81454,0.81431,0.81546,0.81516,0.81263,0.81991,0.80927,0.81516,0.82606,0.79288,0.83626,0.81516,0.76932,0.92321,0.63637
0.84184,0.90669,0.78359,0.86962,0.84184,0.82711,0.8559,0.83441,0.84184,0.84469,0.83852,0.84281,0.84184,0.84121,0.84097,0.84121,0.84184,0.84121,0.84097,0.84121,0.84184,0.84121,0.84097,0.84121,0.84184,0.84121,0.84097,0.84121,0.84184,0.84121,0.84097,0.84121,0.84184,0.84121,0.84097,0.84121,0.84184,0.84121,0.84097,0.84121,0.84184,0.84121,0.84097,0.84121,0.84184,0.84121,0.84097,0.84121,0.84184,0.84121,0.84097,0.84121,0.84184,0.84121,0.84097,0.84121,0.84184,0.84121,0.84097,0.84121,0.84184,0.84121,0.84097,0.84121,0.84184,0.84121,0.84097,0.84121,0.84184,0.84121,0.84097,0.84121,0.84184,0.84121,0.84097,0.84121,0.84184,0.84121,0.84097,0.84121,0.84184,0.84121,0.84097,0.84121,0.84184,0.84121,0.84097,0.84121,0.84184,0.84121,0.84097,0.84121,0.84184,0.84121,0.84097,0.84121,0.84184,0.84121,0.84097,0.84121,0.84184,0.84121,0.84097,0.84121,0.84184,0.84121,0.84097,0.84121,0.84184,0.84121,0.84097,0.84121,0.84184,0.84121,0.84097,0.84121,0.84184,0.84121,0.84097,0.84121,0.84184,0.84121,0.84097,0.84121,0.84184,0.84121,0.84097,0.84121,0.84184,0.84121,0.84097,0.84121,0.84184,0.84121,0.84097,0.84121,0.84184,0.84121,0.84097,0.84121,0.84184,0.84121,0.84097,0.84121,0.84184,0.84121,0.84097,0.84121,0.84184,0.84121,0.84097,0.84121,0.84184,0.84121,0.84097,0.84121,0.84184,0.84121,0.84097,0.84121,0.84184,0.84121,0.84097,0.84121,0.84184,0.84121,0.84097,0.84121,0.84184,0.84121,0.84097,0.84121,0.84184,0.84121,0.84097,0.84121,0.84184,0.84121,0.84097,0.84121,0.84184,0.84121,0.84097,0.84121,0.84184,0.84121,0.84097,0.84121,0.84184,0.84121,0.84097,0.84121,0.84184,0.84121,0.84097,0.84121,0.84184,0.84121,0.84097,0.84121,0.84184,0.84121,0.84097,0.84121,0.84184,0.84121,0.84097,0.84121,0.84184,0.84121,0.84097,0.84121,0.84184,0.84121,0.84097,0.84121,0.84184,0.84121,0.84097,0.84121,0.84184,0.84121,0.84097,0.84121,0.84184,0.84121,0.84097,0.84121,0.84184,0.84121,0.84097,0.84121,0.84184,0.84121,0.84097,0.84121,0.84184,0.84121,0.84097,0.84121,0.84184,0.84121,0.84097,0.84216,0.84184,0.83923,0.84676,0.83577,0.84184,0.85311,0.81884,0.86364,0.84184,0.79451,0.95344,0.6572
0.86468,0.93128,0.80484,0.89321,0.86468,0.84955,0.87912,0.85704,0.86468,0.8676,0.86126,0.86567,0.86468,0.86403,0.86378,0.86403,0.86468,0.86403,0.86378,0.86403,0.86468,0.86403,0.86378,0.86403,0.86468,0.86403,0.86378,0.86403,0.86468,0.86403,0.86378,0.86403,0.86468,0.86403,0.86378,0.86403,0.86468,0.86403,0.86378,0.86403,0.86468,0.86403,0.86378,0.86403,0.86468,0.86403,0.86378,0.86403,0.86468,0.86403,0.86378,0.86403,0.86468,0.86403,0.86378,0.86403,0.86468,0.86403,0.86378,0.86403,0.86468,0.86403,0.86378,0.86403,0.86468,0.86403,0.86378,0.86403,0.86468,0.86403,0.86378,0.86403,0.86468,0.86403,0.86378,0.86403,0.86468,0.86403,0.86378,0.86403,0.86468,0.86403,0.86378,0.86403,0.86468,0.86403,0.86378,0.86403,0.86468,0.86403,0.86378,0.86403,0.86468,0.86403,0.86378,0.86403,0.86468,0.86403,0.86378,0.86403,0.86468,0.86403,0.86378,0.86403,0.86468,0.86403,0.86378,0.86403,0.86468,0.86403,0.86378,0.86403,0.86468,0.86403,0.86378,0.86483,0.86468,0.86235,0.86867,0.85943,0.86468,0.87407,0.84509,0.88298,0.86468,0.82458,0.95878,0.70859,0.15357,0.098147,0.20189,0.12946,0.15357,0.16536,0.1408,0.1592,0.15357,0.15052,0.15548,0.1521,0.15357,0.15346,0.15341,0.15346,0.15357,0.15346,0.15341,0.15346,0.15357,0.15346,0.15341,0.15346,0.15357,0.15346,0.15341,0.15346,0.15357,0.15346,0.15341,0.15346,0.15357,0.15346,0.15341,0.15346,0.15357,0.15346,0.15341,0.15346,0.15357,0.15346,0.15341,0.15346,0.15357,0.15346,0.15341,0.15346,0.15357,0.15346,0.15341,0.15346,0.15357,0.15346,0.15341,0.15346,0.15357,0.15346,0.15341,0.15346,0.15357,0.15346,0.15341,0.15346,0.15357,0.15346,0.15341,0.15346,0.15357,0.15346,0.15341,0.15346,0.15357,0.15346,0.15341,0.15346,0.15357,0.15346,0.15341,0.15346,0.15357,0.15346,0.15341,0.15346,0.15357,0.15346,0.15341,0.15346,0.15357,0.15346,0.15341,0.15346,0.15357,0.15346,0.15341,0.15346,0.15357,0.15346,0.15341,0.15346,0.15357,0.15346,0.15341,0.15346,0.15357,0.15346,0.15341,0.15346,0.15357,0.15346,0.15341,0.15346,0.15357,0.15346,0.15341,0.15363,0.15357,0.1531,0.15447,0.15246,0.15357,0.15563,0.14938,0.15755,0.15357,0.14494,0.17393,0.11989
0.72633,0.78228,0.67607,0.7503,0.72633,0.71362,0.73846,0.71992,0.72633,0.72879,0.72347,0.72717,0.72633,0.72579,0.72558,0.72579,0.72633,0.72579,0.72558,0.72579,0.72633,0.72579,0.72558,0.72579,0.72633,0.72579,0.72558,0.72579,0.72633,0.72579,0.72558,0.72579,0.72633,0.72579,0.72558,0.72579,0.72633,0.72579,0.72558,0.72579,0.72633,0.72579,0.72558,0.72579,0.72633,0.72579,0.72558,0.72579,0.72633,0.72579,0.72558,0.72579,0.72633,0.72579,0.72558,0.72579,0.72633,0.72579,0.72558,0.72579,0.72633,0.72579,0.72558,0.72579,0.72633,0.72579,0.72558,0.72579,0.72633,0.72579,0.72558,0.72579,0.72633,0.72579,0.72558,0.72579,0.72633,0.72579,0.72558,0.72579,0.72633,0.72579,0.72558,0.72579,0.72633,0.72579,0.72558,0.72579,0.72633,0.72579,0.72558,0.72579,0.72633,0.72579,0.72558,0.72579,0.72633,0.72579,0.72558,0.72579,0.72633,0.72579,0.72558,0.72579,0.72633,0.72579,0.72558,0.72579,0.72633,0.72579,0.72558,0.72579,0.72633,0.72579,0.72558,0.72612,0.72633,0.72509,0.72763,0.72386,0.72633,0.72999,0.71775,0.73372,0.72633,0.70927,0.76537,0.6607,0.42854,0.40506,0.4484,0.41817,0.42854,0.4332,0.42282,0.43062,0.42854,0.42699,0.42897,0.42765,0.42854,0.42822,0.4281,0.42822,0.42854,0.42822,0.4281,0.42822,0.42854,0.42822,0.4281,0.42822,0.42854,0.42822,0.4281,0.42822,0.42854,0.42822,0.4281,0.42822,0.42854,0.42822,0.4281,0.42822,0.42854,0.42822,0.4281,0.42822,0.42854,0.42822,0.4281,0.42822,0.42854,0.42822,0.4281,0.42822,0.42854,0.42822,0.4281,0.42822,0.42854,0.42822,0.4281,0.42822,0.42854,0.42822,0.4281,0.42822,0.42854,0.42822,0.4281,0.42822,0.42854,0.42822,0.4281,0.42822,0.42854,0.42822,0.4281,0.42822,0.42854,0.42822,0.4281,0.42822,0.42854,0.42822,0.4281,0.42822,0.42854,0.42822,0.4281,0.42822,0.42854,0.42822,0.4281,0.42822,0.42854,0.42822,0.4281,0.42822,0.42854,0.42822,0.4281,0.42822,0.42854,0.42822,0.4281,0.42822,0.42854,0.42822,0.4281,0.42822,0.42854,0.42822,0.4281,0.42822,0.42854,0.42822,0.4281,0.42822,0.42854,0.42822,0.4281,0.4287,0.42854,0.42721,0.43104,0.42545,0.42854,0.43427,0.41683,0.43964,0.42854,0.40444,0.48535,0.33455
0.82188,0.88518,0.765,0.84899,0.82188,0.80749,0.8356,0.81462,0.82188,0.82465,0.81863,0.82282,0.82188,0.82126,0.82103,0.82126,0.82188,0.82126,0.82103,0.82126,0.82188,0.82126,0.82103,0.82126,0.82188,0.82126,0.82103,0.82126,0.82188,0.82126,0.82103,0.82126,0.82188,0.82126,0.82103,0.82126,0.82188,0.82126,0.82103,0.82126,0.82188,0.82126,0.82103,0.82126,0.82188,0.82126,0.82103,0.82126,0.82188,0.82126,0.82103,0.82126,0.82188,0.82126,0.82103,0.82126,0.82188,0.82126,0.82103,0.82126,0.82188,0.82126,0.82103,0.82126,0.82188,0.82126,0.82103,0.82126,0.82188,0.82126,0.82103,0.82126,0.82188,0.82126,0.82103,0.82126,0.82188,0.82126,0.82103,0.82126,0.82188,0.82126,0.82103,0.82126,0.82188,0.82126,0.82103,0.82126,0.82188,0.82126,0.82103,0.82126,0.82188,0.82126,0.82103,0.82126,0.82188,0.82126,0.82103,0.82126,0.82188,0.82126,0.82103,0.82126,0.82188,0.82126,0.82103,0.82126,0.82188,0.82126,0.82103,0.82126,0.82188,0.82126,0.82103,0.82126,0.82188,0.82126,0.82103,0.82126,0.82188,0.82126,0.82103,0.82126,0.82188,0.82126,0.82103,0.82126,0.82188,0.82126,0.82103,0.82126,0.82188,0.82126,0.82103,0.82126,0.82188,0.82126,0.82103,0.82126,0.82188,0.82126,0.82103,0.82126,0.82188,0.82126,0.82103,0.82126,0.82188,0.82126,0.82103,0.82126,0.82188,0.82126,0.82103,0.82126,0.82188,0.82126,0.82103,0.82126,0.82188,0.82126,0.82103,0.82126,0.82188,0.82126,0.82103,0.82126,0.82188,0.82126,0.82103,0.82126,0.82188,0.82126,0.82103,0.82126,0.82188,0.82126,0.82103,0.82126,0.82188,0.82126,0.82103,0.82126,0.82188,0.82126,0.82103,0.82126,0.82188,0.82126,0.82103,0.82126,0.82188,0.82126,0.82103,0.82126,0.82188,0.82126,0.82103,0.82126,0.82188,0.82126,0.82103,0.82126,0.82188,0.82126,0.82103,0.82126,0.82188,0.82126,0.82103,0.82126,0.82188,0.82126,0.82103,0.82126,0.82188,0.82126,0.82103,0.82126,0.82188,0.82126,0.82103,0.82126,0.82188,0.82126,0.82103,0.82126,0.82188,0.82126,0.82103,0.82126,0.82188,0.82126,0.82103,0.82126,0.82188,0.82126,0.82103,0.82126,0.82188,0.82126,0.82103,0.82218,0.82188,0.81933,0.82667,0.81594,0.82188,0.83287,0.79942,0.84316,0.82188,0.77566,0.93082,0.64161
0.85577,0.92168,0.79655,0.884,0.85577,0.84079,0.87006,0.84821,0.85577,0.85866,0.85239,0.85675,0.85577,0.85512,0.85488,0.85512,0.85577,0.85512,0.85488,0.85512,0.85577,0.85512,0.85488,0.85512,0.85577,0.85512,0.85488,0.85512,0.85577,0.85512,0.85488,0.85512,0.85577,0.85512,0.85488,0.85512,0.85577,0.85512,0.85488,0.85512,0.85577,0.85512,0.85488,0.85512,0.85577,0.85512,0.85488,0.85512,0.85577,0.85512,0.85488,0.85512,0.85577,0.85512,0.85488,0.85512,0.85577,0.85512,0.85488,0.85512,0.85577,0.85512,0.85488,0.85512,0.85577,0.85512,0.85488,0.85512,0.85577,0.85512,0.85488,0.85512,0.85577,0.85512,0.85488,0.85512,0.85577,0.85512,0.85488,0.85512,0.85577,0.85512,0.85488,0.85512,0.85577,0.85512,0.85488,0.85512,0.85577,0.85512,0.85488,0.85512,0.85577,0.85512,0.85488,0.85512,0.85577,0.85512,0.85488,0.85512,0.85577,0.85512,0.85488,0.85512,0.85577,0.85512,0.85488,0.85512,0.85577,0.85512,0.85488,0.85512,0.85577,0.85512,0.85488,0.85541,0.85577,0.85451,0.85666,0.85345,0.85577,0.85879,0.84807,0.86203,0.85577,0.84074,0.88951,0.79846,0.59656,0.57594,0.61361,0.58736,0.59656,0.60045,0.59134,0.5982,0.59656,0.59503,0.59669,0.59561,0.59656,0.59611,0.59594,0.59611,0.59656,0.59611,0.59594,0.59611,0.59656,0.59611,0.59594,0.59611,0.59656,0.59611,0.59594,0.59611,0.59656,0.59611,0.59594,0.59611,0.59656,0.59611,0.59594,0.59611,0.59656,0.59611,0.59594,0.59611,0.59656,0.59611,0.59594,0.59611,0.59656,0.59611,0.59594,0.59611,0.59656,0.59611,0.59594,0.59611,0.59656,0.59611,0.59594,0.59611,0.59656,0.59611,0.59594,0.59611,0.59656,0.59611,0.59594,0.59611,0.59656,0.59611,0.59594,0.59611,0.59656,0.59611,0.59594,0.59611,0.59656,0.59611,0.59594,0.59611,0.59656,0.59611,0.59594,0.59611,0.59656,0.59611,0.59594,0.59611,0.59656,0.59611,0.59594,0.59611,0.59656,0.59611,0.59594,0.59611,0.59656,0.59611,0.59594,0.59611,0.59656,0.59611,0.59594,0.59611,0.59656,0.59611,0.59594,0.59611,0.59656,0.59611,0.59594,0.59611,0.59656,0.59611,0.59594,0.59611,0.59656,0.59611,0.59594,0.59678,0.59656,0.5947,0.60004,0.59225,0.59656,0.60454,0.58026,0.612,0.59656,0.56301,0.67563,0.46571
0.16995,0.18304,0.15819,0.17556,0.16995,0.16698,0.17279,0.16845,0.16995,0.17053,0.16928,0.17015,0.16995,0.16983,0.16978,0.16983,0.16995,0.16983,0.16978,0.16983,0.16995,0.16983,0.16978,0.16983,0.16995,0.16983,0.16978,0.16983,0.16995,0.16983,0.16978,0.16983,0.16995,0.16983,0.16978,0.16983,0.16995,0.16983,0.16978,0.16983,0.16995,0.16983,0.16978,0.16983,0.16995,0.16983,0.16978,0.16983,0.16995,0.16983,0.16978,0.16983,0.16995,0.16983,0.16978,0.16983,0.16995,0.16983,0.16978,0.16983,0.16995,0.16983,0.16978,0.16983,0.16995,0.16983,0.16978,0.16983,0.16995,0.16983,0.16978,0.16983,0.16995,0.16983,0.16978,0.16983,0.16995,0.16983,0.16978,0.16983,0.16995,0.16983,0.16978,0.16983,0.16995,0.16983,0.16978,0.16983,0.16995,0.16983,0.16978,0.16983,0.16995,0.16983,0.16978,0.16983,0.16995,0.16983,0.16978,0.16983,0.16995,0.16983,0.16978,0.16983,0.16995,0.16983,0.16978,0.16983,0.16995,0.16983,0.16978,0.16983,0.16995,0.16983,0.16978,0.1691,0.16995,0.17132,0.1654,0.17395,0.16995,0.16081,0.18655,0.15283,0.16995,0.20521,0.084564,0.30925,0.80783,0.85684,0.76352,0.82875,0.80783,0.79654,0.81831,0.80207,0.80783,0.80986,0.80514,0.80844,0.80783,0.80722,0.807,0.80722,0.80783,0.80722,0.807,0.80722,0.80783,0.80722,0.807,0.80722,0.80783,0.80722,0.807,0.80722,0.80783,0.80722,0.807,0.80722,0.80783,0.80722,0.807,0.80722,0.80783,0.80722,0.807,0.80722,0.80783,0.80722,0.807,0.80722,0.80783,0.80722,0.807,0.80722,0.80783,0.80722,0.807,0.80722,0.80783,0.80722,0.807,0.80722,0.80783,0.80722,0.807,0.80722,0.80783,0.80722,0.807,0.80722,0.80783,0.80722,0.807,0.80722,0.80783,0.80722,0.807,0.80722,0.80783,0.80722,0.807,0.80722,0.80783,0.80722,0.807,0.80722,0.80783,0.80722,0.807,0.80722,0.80783,0.80722,0.807,0.80722,0.80783,0.80722,0.807,0.80722,0.80783,0.80722,0.807,0.80722,0.80783,0.80722,0.807,0.80722,0.80783,0.80722,0.807,0.80722,0.80783,0.80722,0.807,0.80722,0.80783,0.80722,0.807,0.80722,0.80783,0.80722,0.807,0.80814,0.80783,0.80533,0.81255,0.802,0.80783,0.81864,0.78576,0.82875,0.80783,0.76241,0.91492,0.63065
0.53927,0.5808,0.50195,0.55706,0.53927,0.52983,0.54827,0.53451,0.53927,0.54109,0.53714,0.53989,0.53927,0.53886,0.53871,0.53886,0.53927,0.53886,0.53871,0.53886,0.53927,0.53886,0.53871,0.53886,0.53927,0.53886,0.53871,0.53886,0.53927,0.53886,0.53871,0.53886,0.53927,0.53886,0.53871,0.53886,0.53927,0.53886,0.53871,0.53886,0.53927,0.53886,0.53871,0.53886,0.53927,0.53886,0.53871,0.53886,0.53927,0.53886,0.53871,0.53886,0.53927,0.53886,0.53871,0.53886,0.53927,0.53886,0.53871,0.53886,0.53927,0.53886,0.53871,0.53886,0.53927,0.53886,0.53871,0.53886,0.53927,0.53886,0.53871,0.53886,0.53927,0.53886,0.53871,0.53886,0.53927,0.53886,0.53871,0.53886,0.53927,0.53886,0.53871,0.53886,0.53927,0.53886,0.53871,0.53886,0.53927,0.53886,0.53871,0.53886,0.53927,0.53886,0.53871,0.53886,0.53927,0.53886,0.53871,0.53886,0.53927,0.53886,0.53871,0.53886,0.53927,0.53886,0.53871,0.53886,0.53927,0.53886,0.53871,0.53886,0.53927,0.53886,0.53871,0.53862,0.53927,0.53937,0.53722,0.54026,0.53927,0.53579,0.54442,0.53308,0.53927,0.5509,0.50972,0.58629,0.75627,0.77257,0.74069,0.76302,0.75627,0.75206,0.75933,0.75394,0.75627,0.75659,0.75485,0.75611,0.75627,0.7557,0.75549,0.7557,0.75627,0.7557,0.75549,0.7557,0.75627,0.7557,0.75549,0.7557,0.75627,0.7557,0.75549,0.7557,0.75627,0.7557,0.75549,0.7557,0.75627,0.7557,0.75549,0.7557,0.75627,0.7557,0.75549,0.7557,0.75627,0.7557,0.75549,0.7557,0.75627,0.7557,0.75549,0.7557,0.75627,0.7557,0.75549,0.7557,0.75627,0.7557,0.75549,0.7557,0.75627,0.7557,0.75549,0.7557,0.75627,0.7557,0.75549,0.7557,0.75627,0.7557,0.75549,0.7557,0.75627,0.7557,0.75549,0.7557,0.75627,0.7557,0.75549,0.7557,0.75627,0.7557,0.75549,0.7557,0.75627,0.7557,0.75549,0.7557,0.75627,0.7557,0.75549,0.7557,0.75627,0.7557,0.75549,0.7557,0.75627,0.7557,0.75549,0.7557,0.75627,0.7557,0.75549,0.7557,0.75627,0.7557,0.75549,0.7557,0.75627,0.7557,0.75549,0.7557,0.75627,0.7557,0.75549,0.7557,0.75627,0.7557,0.75549,0.75655,0.75627,0.75392,0.76068,0.75081,0.75627,0.76638,0.7356,0.77585,0.75627,0.71374,0.85652,0.5904
0.81444,0.87717,0.75808,0.84131,0.81444,0.80019,0.82804,0.80725,0.81444,0.81719,0.81122,0.81537,0.81444,0.81382,0.8136,0.81382,0.81444,0.81382,0.8136,0.81382,0.81444,0.81382,0.8136,0.81382,0.81444,0.81382,0.8136,0.81382,0.81444,0.81382,0.8136,0.81382,0.81444,0.81382,0.8136,0.81382,0.81444,0.81382,0.8136,0.81382,0.81444,0.81382,0.8136,0.81382,0.81444,0.81382,0.8136,0.81382,0.81444,0.81382,0.8136,0.81382,0.81444,0.81382,0.8136,0.81382,0.81444,0.81382,0.8136,0.81382,0.81444,0.81382,0.8136,0.81382,0.81444,0.81382,0.8136,0.81382,0.81444,0.81382,0.8136,0.81382,0.81444,0.81382,0.8136,0.81382,0.81444,0.81382,0.8136,0.81382,0.81444,0.81382,0.8136,0.81382,0.81444,0.81382,0.8136,0.81382,0.81444,0.81382,0.8136,0.81382,0.81444,0.81382,0.8136,0.81382,0.81444,0.81382,0.8136,0.81382,0.81444,0.81382,0.8136,0.81382,0.81444,0.81382,0.8136,0.81382,0.81444,0.81382,0.8136,0.81382,0.81444,0.81382,0.8136,0.81396,0.81444,0.81354,0.81444,0.81304,0.81444,0.81555,0.81039,0.81707,0.81444,0.80706,0.82989,0.78717,0.69248,0.68247,0.70007,0.68784,0.69248,0.694,0.6896,0.69294,0.69248,0.69145,0.69212,0.69172,0.69248,0.69195,0.69176,0.69195,0.69248,0.69195,0.69176,0.69195,0.69248,0.69195,0.69176,0.69195,0.69248,0.69195,0.69176,0.69195,0.69248,0.69195,0.69176,0.69195,0.69248,0.69195,0.69176,0.69195,0.69248,0.69195,0.69176,0.69195,0.69248,0.69195,0.69176,0.69195,0.69248,0.69195,0.69176,0.69195,0.69248,0.69195,0.69176,0.69195,0.69248,0.69195,0.69176,0.69195,0.69248,0.69195,0.69176,0.69195,0.69248,0.69195,0.69176,0.69195,0.69248,0.69195,0.69176,0.69195,0.69248,0.69195,0.69176,0.69195,0.69248,0.69195,0.69176,0.69195,0.69248,0.69195,0.69176,0.69195,0.69248,0.69195,0.69176,0.69195,0.69248,0.69195,0.69176,0.69195,0.69248,0.69195,0.69176,0.69195,0.69248,0.69195,0.69176,0.69195,0.69248,0.69195,0.69176,0.69195,0.69248,0.69195,0.69176,0.69195,0.69248,0.69195,0.69176,0.69195,0.69248,0.69195,0.69176,0.69195,0.69248,0.69195,0.69176,0.69274,0.69248,0.69033,0.69652,0.68748,0.69248,0.70174,0.67355,0.71041,0.69248,0.65354,0.78427,0.5406
0.27867,0.30013,0.25938,0.28786,0.27867,0.27379,0.28332,0.27621,0.27867,0.27961,0.27757,0.27898,0.27867,0.27845,0.27838,0.27845,0.27867,0.27845,0.27838,0.27845,0.27867,0.27845,0.27838,0.27845,0.27867,0.27845,0.27838,0.27845,0.27867,0.27845,0.27838,0.27845,0.27867,0.27845,0.27838,0.27845,0.27867,0.27845,0.27838,0.27845,0.27867,0.27845,0.27838,0.27845,0.27867,0.27845,0.27838,0.27845,0.27867,0.27845,0.27838,0.27845,0.27867,0.27845,0.27838,0.27845,0.27867,0.27845,0.27838,0.27845,0.27867,0.27845,0.27838,0.27845,0.27867,0.27845,0.27838,0.27845,0.27867,0.27845,0.27838,0.27845,0.27867,0.27845,0.27838,0.27845,0.27867,0.27845,0.27838,0.27845,0.27867,0.27845,0.27838,0.27845,0.27867,0.27845,0.27838,0.27845,0.27867,0.27845,0.27838,0.27845,0.27867,0.27845,0.27838,0.27845,0.27867,0.27845,0.27838,0.27845,0.27867,0.27845,0.27838,0.27845,0.27867,0.27845,0.27838,0.27845,0.27867,0.27845,0.27838,0.27845,0.27867,0.27845,0.27838,0.27786,0.27867,0.27969,0.27477,0.28184,0.27867,0.27104,0.29216,0.26448,0.27867,0.30754,0.20833,0.39306,0.803,0.84318,0.76643,0.82009,0.803,0.79361,0.81147,0.79816,0.803,0.80456,0.80064,0.80339,0.803,0.80239,0.80217,0.80239,0.803,0.80239,0.80217,0.80239,0.803,0.80239,0.80217,0.80239,0.803,0.80239,0.80217,0.80239,0.803,0.80239,0.80217,0.80239,0.803,0.80239,0.80217,0.80239,0.803,0.80239,0.80217,0.80239,0.803,0.80239,0.80217,0.80239,0.803,0.80239,0.80217,0.80239,0.803,0.80239,0.80217,0.80239,0.803,0.80239,0.80217,0.80239,0.803,0.80239,0.80217,0.80239,0.803,0.80239,0.80217,0.80239,0.803,0.80239,0.80217,0.80239,0.803,0.80239,0.80217,0.80239,0.803,0.80239,0.80217,0.80239,0.803,0.80239,0.80217,0.80239,0.803,0.80239,0.80217,0.80239,0.803,0.80239,0.80217,0.80239,0.803,0.80239,0.80217,0.80239,0.803,0.80239,0.80217,0.80239,0.803,0.80239,0.80217,0.80239,0.803,0.80239,0.80217,0.80239,0.803,0.80239,0.80217,0.80239,0.803,0.80239,0.80217,0.80239,0.803,0.80239,0.80217,0.8033,0.803,0.80051,0.80769,0.7972,0.803,0.81374,0.78106,0.82379,0.803,0.75785,0.90944,0.62688
0.10469,0.11276,0.097447,0.10815,0.10469,0.10286,0.10644,0.10377,0.10469,0.10505,0.10428,0.10481,0.10469,0.10461,0.10458,0.10461,0.10469,0.10461,0.10458,0.10461,0.10469,0.10461,0.10458,0.10461,0.10469,0.10461,0.10458,0.10461,0.10469,0.10461,0.10458,0.10461,0.10469,0.10461,0.10458,0.10461,0.10469,0.10461,0.10458,0.10461,0.10469,0.10461,0.10458,0.10461,0.10469,0.10461,0.10458,0.10461,0.10469,0.10461,0.10458,0.10461,0.10469,0.10461,0.10458,0.10461,0.10469,0.10461,0.10458,0.10461,0.10469,0.10461,0.10458,0.10461,0.10469,0.10461,0.10458,0.10461,0.10469,0.10461,0.10458,0.10461,0.10469,0.10461,0.10458,0.10461,0.10469,0.10461,0.10458,0.10461,0.10469,0.10461,0.10458,0.10461,0.10469,0.10461,0.10458,0.10461,0.10469,0.10461,0.10458,0.10461,0.10469,0.10461,0.10458,0.10461,0.10469,0.10461,0.10458,0.10461,0.10469,0.10461,0.10458,0.10461,0.10469,0.10461,0.10458,0.10461,0.10469,0.10461,0.10458,0.10461,0.10469,0.10461,0.10458,0.1037,0.10469,0.10652,0.099007,0.10986,0.10469,0.093143,0.12592,0.082984,0.10469,0.14964,-0.0038372,0.28201,0.91628,0.97872,0.86001,0.94298,0.91628,0.902,0.92973,0.90904,0.91628,0.91895,0.91297,0.91713,0.91628,0.91559,0.91534,0.91559,0.91628,0.91559,0.91534,0.91559,0.91628,0.91559,0.91534,0.91559,0.91628,0.91559,0.91534,0.91559,0.91628,0.91559,0.91534,0.91559,0.91628,0.91559,0.91534,0.91559,0.91628,0.91559,0.91534,0.91559,0.91628,0.91559,0.91534,0.91559,0.91628,0.91559,0.91534,0.91559,0.91628,0.91559,0.91534,0.91559,0.91628,0.91559,0.91534,0.91559,0.91628,0.91559,0.91534,0.91559,0.91628,0.91559,0.91534,0.91559,0.91628,0.91559,0.91534,0.91559,0.91628,0.91559,0.91534,0.91559,0.91628,0.91559,0.91534,0.91559,0.91628,0.91559,0.91534,0.91559,0.91628,0.91559,0.91534,0.91559,0.91628,0.91559,0.91534,0.91559,0.91628,0.91559,0.91534,0.91559,0.91628,0.91559,0.91534,0.91559,0.91628,0.91559,0.91534,0.91559,0.91628,0.91559,0.91534,0.91559,0.91628,0.91559,0.91534,0.91559,0.91628,0.91559,0.91534,0.91559,0.91628,0.91559,0.91534,0.91663,0.91628,0.91344,0.92163,0.90967,0.91628,0.92854,0.89125,0.94001,0.91628,0.86476,1.0377,0.71531
0.27759,0.29897,0.25838,0.28675,0.27759,0.27273,0.28222,0.27514,0.27759,0.27853,0.27649,0.27791,0.27759,0.27738,0.2773,0.27738,0.27759,0.27738,0.2773,0.27738,0.27759,0.27738,0.2773,0.27738,0.27759,0.27738,0.2773,0.27738,0.27759,0.27738,0.2773,0.27738,0.27759,0.27738,0.2773,0.27738,0.27759,0.27738,0.2773,0.27738,0.27759,0.27738,0.2773,0.27738,0.27759,0.27738,0.2773,0.27738,0.27759,0.27738,0.2773,0.27738,0.27759,0.27738,0.2773,0.27738,0.27759,0.27738,0.2773,0.27738,0.27759,0.27738,0.2773,0.27738,0.27759,0.27738,0.2773,0.27738,0.27759,0.27738,0.2773,0.27738,0.27759,0.27738,0.2773,0.27738,0.27759,0.27738,0.2773,0.27738,0.27759,0.27738,0.2773,0.27738,0.27759,0.27738,0.2773,0.27738,0.27759,0.27738,0.2773,0.27738,0.27759,0.27738,0.2773,0.27738,0.27759,0.27738,0.2773,0.27738,0.27759,0.27738,0.2773,0.27738,0.27759,0.27738,0.2773,0.27738,0.27759,0.27738,0.2773,0.27738,0.27759,0.27738,0.2773,0.27683,0.27759,0.27852,0.27398,0.28051,0.27759,0.27055,0.29002,0.26449,0.27759,0.30421,0.2127,0.38308,0.76116,0.7982,0.72741,0.77691,0.76116,0.75249,0.76895,0.75668,0.76116,0.76258,0.75896,0.7615,0.76116,0.76058,0.76037,0.76058,0.76116,0.76058,0.76037,0.76058,0.76116,0.76058,0.76037,0.76058,0.76116,0.76058,0.76037,0.76058,0.76116,0.76058,0.76037,0.76058,0.76116,0.76058,0.76037,0.76058,0.76116,0.76058,0.76037,0.76058,0.76116,0.76058,0.76037,0.76058,0.76116,0.76058,0.76037,0.76058,0.76116,0.76058,0.76037,0.76058,0.76116,0.76058,0.76037,0.76058,0.76116,0.76058,0.76037,0.76058,0.76116,0.76058,0.76037,0.76058,0.76116,0.76058,0.76037,0.76058,0.76116,0.76058,0.76037,0.76058,0.76116,0.76058,0.76037,0.76058,0.76116,0.76058,0.76037,0.76058,0.76116,0.76058,0.76037,0.76058,0.76116,0.76058,0.76037,0.76058,0.76116,0.76058,0.76037,0.76058,0.76116,0.76058,0.76037,0.76058,0.76116,0.76058,0.76037,0.76058,0.76116,0.76058,0.76037,0.76058,0.76116,0.76058,0.76037,0.76058,0.76116,0.76058,0.76037,0.76058,0.76116,0.76058,0.76037,0.76144,0.76116,0.7588,0.7656,0.75566,0.76116,0.77134,0.74036,0.78087,0.76116,0.71836,0.86206,0.59421
0.752,0.80992,0.69996,0.77681,0.752,0.73884,0.76456,0.74536,0.752,0.75454,0.74903,0.75286,0.752,0.75143,0.75122,0.75143,0.752,0.75143,0.75122,0.75143,0.752,0.75143,0.75122,0.75143,0.752,0.75143,0.75122,0.75143,0.752,0.75143,0.75122,0.75143,0.752,0.75143,0.75122,0.75143,0.752,0.75143,0.75122,0.75143,0.752,0.75143,0.75122,0.75143,0.752,0.75143,0.75122,0.75143,0.752,0.75143,0.75122,0.75162,0.752,0.75105,0.75233,0.75039,0.752,0.75371,0.74699,0.75573,0.752,0.7425,0.77275,0.71622,0.59089,0.57791,0.60126,0.585,0.59089,0.59314,0.58742,0.59174,0.59089,0.58977,0.59075,0.59013,0.59089,0.59044,0.59028,0.59044,0.59089,0.59044,0.59028,0.59044,0.59089,0.59044,0.59028,0.59044,0.59089,0.59044,0.59028,0.59044,0.59089,0.59044,0.59028,0.59044,0.59089,0.59044,0.59028,0.59044,0.59089,0.59044,0.59028,0.59044,0.59089,0.59044,0.59028,0.59044,0.59089,0.59044,0.59028,0.59044,0.59089,0.59044,0.59028,0.59039,0.59089,0.59056,0.58994,0.59076,0.59089,0.58974,0.59157,0.58913,0.59089,0.59317,0.58369,0.60121,0.64016,0.64351,0.63614,0.64134,0.64016,0.63886,0.64038,0.63928,0.64016,0.63988,0.63936,0.63977,0.64016,0.63968,0.6395,0.63968,0.64016,0.63968,0.6395,0.63968,0.64016,0.63968,0.6395,0.63968,0.64016,0.63968,0.6395,0.63968,0.64016,0.63968,0.6395,0.63968,0.64016,0.63968,0.6395,0.63968,0.64016,0.63968,0.6395,0.63968,0.64016,0.63968,0.6395,0.63968,0.64016,0.63968,0.6395,0.63968,0.64016,0.63968,0.6395,0.63966,0.64016,0.63973,0.63936,0.63981,0.64016,0.6394,0.64003,0.63915,0.64016,0.64079,0.63683,0.64406,0.6602,0.66126,0.65815,0.66037,0.6602,0.65936,0.65987,0.65954,0.6602,0.65978,0.65945,0.65974,0.6602,0.6597,0.65951,0.6597,0.6602,0.6597,0.65951,0.6597,0.6602,0.6597,0.65951,0.6597,0.6602,0.6597,0.65951,0.6597,0.6602,0.6597,0.65951,0.6597,0.6602,0.6597,0.65951,0.6597,0.6602,0.6597,0.65951,0.6597,0.6602,0.6597,0.65951,0.6597,0.6602,0.6597,0.65951,0.6597,0.6602,0.6597,0.65951,0.66044,0.6602,0.65815,0.66405,0.65543,0.6602,0.66903,0.64216,0.67729,0.6602,0.62307,0.74771,0.5154
0.25139,0.27075,0.23399,0.25968,0.25139,0.24699,0.25559,0.24917,0.25139,0.25224,0.2504,0.25168,0.25139,0.2512,0.25113,0.2512,0.25139,0.2512,0.25113,0.2512,0.25139,0.2512,0.25113,0.2512,0.25139,0.2512,0.25113,0.2512,0.25139,0.2512,0.25113,0.2512,0.25139,0.2512,0.25113,0.2512,0.25139,0.2512,0.25113,0.2512,0.25139,0.2512,0.25113,0.2512,0.25139,0.2512,0.25113,0.2512,0.25139,0.2512,0.25113,0.2512,0.25139,0.2512,0.25113,0.2512,0.25139,0.2512,0.25113,0.2512,0.25139,0.2512,0.25113,0.2512,0.25139,0.2512,0.25113,0.2512,0.25139,0.2512,0.25113,0.2512,0.25139,0.2512,0.25113,0.2512,0.25139,0.2512,0.25113,0.2512,0.25139,0.2512,0.25113,0.2512,0.25139,0.2512,0.25113,0.2512,0.25139,0.2512,0.25113,0.2512,0.25139,0.2512,0.25113,0.2512,0.25139,0.2512,0.25113,0.2512,0.25139,0.2512,0.25113,0.2512,0.25139,0.2512,0.25113,0.2512,0.25139,0.2512,0.25113,0.2512,0.25139,0.2512,0.25113,0.2506,0.25139,0.25244,0.24749,0.25463,0.25139,0.2437,0.26507,0.23707,0.25139,0.28062,0.18029,0.3671,0.78166,0.82231,0.74471,0.79897,0.78166,0.77219,0.79026,0.77679,0.78166,0.78326,0.77931,0.78208,0.78166,0.78107,0.78085,0.78107,0.78166,0.78107,0.78085,0.78107,0.78166,0.78107,0.78085,0.78107,0.78166,0.78107,0.78085,0.78107,0.78166,0.78107,0.78085,0.78107,0.78166,0.78107,0.78085,0.78107,0.78166,0.78107,0.78085,0.78107,0.78166,0.78107,0.78085,0.78107,0.78166,0.78107,0.78085,0.78107,0.78166,0.78107,0.78085,0.78107,0.78166,0.78107,0.78085,0.78107,0.78166,0.78107,0.78085,0.78107,0.78166,0.78107,0.78085,0.78107,0.78166,0.78107,0.78085,0.78107,0.78166,0.78107,0.78085,0.78107,0.78166,0.78107,0.78085,0.78107,0.78166,0.78107,0.78085,0.78107,0.78166,0.78107,0.78085,0.78107,0.78166,0.78107,0.78085,0.78107,0.78166,0.78107,0.78085,0.78107,0.78166,0.78107,0.78085,0.78107,0.78166,0.78107,0.78085,0.78107,0.78166,0.78107,0.78085,0.78107,0.78166,0.78107,0.78085,0.78107,0.78166,0.78107,0.78085,0.78107,0.78166,0.78107,0.78085,0.78195,0.78166,0.77923,0.78622,0.77602,0.78166,0.79212,0.7603,0.8019,0.78166,0.73771,0.88527,0.61022
0.76718,0.82627,0.71409,0.79249,0.76718,0.75375,0.77999,0.7604,0.76718,0.76977,0.76415,0.76805,0.76718,0.7666,0.76638,0.7666,0.76718,0.7666,0.76638,0.7666,0.76718,0.7666,0.76638,0.7666,0.76718,0.7666,0.76638,0.7666,0.76718,0.7666,0.76638,0.7666,0.76718,0.7666,0.76638,0.7666,0.76718,0.7666,0.76638,0.7666,0.76718,0.7666,0.76638,0.7666,0.76718,0.7666,0.76638,0.7666,0.76718,0.7666,0.76638,0.7666,0.76718,0.7666,0.76638,0.7666,0.76718,0.7666,0.76638,0.7666,0.76718,0.7666,0.76638,0.7666,0.76718,0.7666,0.76638,0.7666,0.76718,0.7666,0.76638,0.7666,0.76718,0.7666,0.76638,0.7666,0.76718,0.7666,0.76638,0.7666,0.76718,0.7666,0.76638,0.7666,0.76718,0.7666,0.76638,0.7666,0.76718,0.7666,0.76638,0.7666,0.76718,0.7666,0.76638,0.7666,0.76718,0.7666,0.76638,0.7666,0.76718,0.7666,0.76638,0.7666,0.76718,0.7666,0.76638,0.7666,0.76718,0.7666,0.76638,0.7666,0.76718,0.7666,0.76638,0.7666,0.76718,0.7666,0.76638,0.7666,0.76718,0.7666,0.76638,0.7666,0.76718,0.7666,0.76638,0.7666,0.76718,0.7666,0.76638,0.7666,0.76718,0.7666,0.76638,0.7666,0.76718,0.7666,0.76638,0.7666,0.76718,0.7666,0.76638,0.7666,0.76718,0.7666,0.76638,0.7666,0.76718,0.7666,0.76638,0.7666,0.76718,0.7666,0.76638,0.7666,0.76718,0.7666,0.76638,0.7666,0.76718,0.7666,0.76638,0.7666,0.76718,0.7666,0.76638,0.7666,0.76718,0.7666,0.76638,0.7666,0.76718,0.7666,0.76638,0.7666,0.76718,0.7666,0.76638,0.7666,0.76718,0.7666,0.76638,0.7666,0.76718,0.7666,0.76638,0.7666,0.76718,0.7666,0.76638,0.7666,0.76718,0.7666,0.76638,0.7666,0.76718,0.7666,0.76638,0.7666,0.76718,0.7666,0.76638,0.7666,0.76718,0.7666,0.76638,0.7666,0.76718,0.7666,0.76638,0.7666,0.76718,0.7666,0.76638,0.7666,0.76718,0.7666,0.76638,0.7666,0.76718,0.7666,0.76638,0.7666,0.76718,0.7666,0.76638,0.7666,0.76718,0.7666,0.76638,0.7666,0.76718,0.7666,0.76638,0.7666,0.76718,0.7666,0.76638,0.7666,0.76718,0.7666,0.76638,0.76746,0.76718,0.76479,0.77165,0.76164,0.76718,0.77744,0.74621,0.78704,0.76718,0.72404,0.86887,0.59891
0.12834,0.13823,0.11946,0.13258,0.12834,0.12609,0.13048,0.12721,0.12834,0.12877,0.12783,0.12849,0.12834,0.12824,0.12821,0.12824,0.12834,0.12824,0.12821,0.12824,0.12834,0.12824,0.12821,0.12824,0.12834,0.12824,0.12821,0.12824,0.12834,0.12824,0.12821,0.12824,0.12834,0.12824,0.12821,0.12824,0.12834,0.12824,0.12821,0.12824,0.12834,0.12824,0.12821,0.12824,0.12834,0.12824,0.12821,0.12824,0.12834,0.12824,0.12821,0.12824,0.12834,0.12824,0.12821,0.12824,0.12834,0.12824,0.12821,0.12824,0.12834,0.12824,0.12821,0.12824,0.12834,0.12824,0.12821,0.12824,0.12834,0.12824,0.12821,0.12824,0.12834,0.12824,0.12821,0.12824,0.12834,0.12824,0.12821,0.12824,0.12834,0.12824,0.12821,0.12824,0.12834,0.12824,0.12821,0.12824,0.12834,0.12824,0.12821,0.12824,0.12834,0.12824,0.12821,0.12824,0.12834,0.12824,0.12821,0.12824,0.12834,0.12824,0.12821,0.12824,0.12834,0.12824,0.12821,0.12824,0.12834,0.12824,0.12821,0.12824,0.12834,0.12824,0.12821,0.1274,0.12834,0.12999,0.12309,0.13306,0.12834,0.11773,0.14777,0.10841,0.12834,0.16953,0.02879,0.29091,0.87254,0.92977,0.82091,0.897,0.87254,0.85942,0.88484,0.86588,0.87254,0.87496,0.86947,0.8733,0.87254,0.87189,0.87164,0.87189,0.87254,0.87189,0.87164,0.87189,0.87254,0.87189,0.87164,0.87189,0.87254,0.87189,0.87164,0.87189,0.87254,0.87189,0.87164,0.87189,0.87254,0.87189,0.87164,0.87189,0.87254,0.87189,0.87164,0.87189,0.87254,0.87189,0.87164,0.87189,0.87254,0.87189,0.87164,0.87189,0.87254,0.87189,0.87164,0.87189,0.87254,0.87189,0.87164,0.87189,0.87254,0.87189,0.87164,0.87189,0.87254,0.87189,0.87164,0.87189,0.87254,0.87189,0.87164,0.87189,0.87254,0.87189,0.87164,0.87189,0.87254,0.87189,0.87164,0.87189,0.87254,0.87189,0.87164,0.87189,0.87254,0.87189,0.87164,0.87189,0.87254,0.87189,0.87164,0.87189,0.87254,0.87189,0.87164,0.87189,0.87254,0.87189,0.87164,0.87189,0.87254,0.87189,0.87164,0.87189,0.87254,0.87189,0.87164,0.87189,0.87254,0.87189,0.87164,0.87189,0.87254,0.87189,0.87164,0.87189,0.87254,0.87189,0.87164,0.87287,0.87254,0.86984,0.87764,0.86624,0.87254,0.88422,0.8487,0.89514,0.87254,0.82348,0.9882,0.68117
0.81462,0.87737,0.75825,0.8415,0.81462,0.80037,0.82823,0.80743,0.81462,0.81738,0.81141,0.81556,0.81462,0.81401,0.81378,0.81401,0.81462,0.81401,0.81378,0.81401,0.81462,0.81401,0.81378,0.81401,0.81462,0.81401,0.81378,0.81401,0.81462,0.81401,0.81378,0.81401,0.81462,0.81401,0.81378,0.81401,0.81462,0.81401,0.81378,0.81401,0.81462,0.81401,0.81378,0.81401,0.81462,0.81401,0.81378,0.81401,0.81462,0.81401,0.81378,0.81401,0.81462,0.81401,0.81378,0.81401,0.81462,0.81401,0.81378,0.81401,0.81462,0.81401,0.81378,0.81401,0.81462,0.81401,0.81378,0.81401,0.81462,0.81401,0.81378,0.81401,0.81462,0.81401,0.81378,0.81401,0.81462,0.81401,0.81378,0.81401,0.81462,0.81401,0.81378,0.81401,0.81462,0.81401,0.81378,0.81401,0.81462,0.81401,0.81378,0.81401,0.81462,0.81401,0.81378,0.81401,0.81462,0.81401,0.81378,0.81401,0.81462,0.81401,0.81378,0.81401,0.81462,0.81401,0.81378,0.81401,0.81462,0.81401,0.81378,0.81401,0.81462,0.81401,0.81378,0.8145,0.81462,0.81299,0.81677,0.81119,0.81462,0.82016,0.80234,0.82561,0.81462,0.78986,0.87192,0.71888,0.37942,0.34528,0.40869,0.36445,0.37942,0.38642,0.37131,0.38265,0.37942,0.37734,0.3803,0.37831,0.37942,0.37913,0.37903,0.37913,0.37942,0.37913,0.37903,0.37913,0.37942,0.37913,0.37903,0.37913,0.37942,0.37913,0.37903,0.37913,0.37942,0.37913,0.37903,0.37913,0.37942,0.37913,0.37903,0.37913,0.37942,0.37913,0.37903,0.37913,0.37942,0.37913,0.37903,0.37913,0.37942,0.37913,0.37903,0.37913,0.37942,0.37913,0.37903,0.37913,0.37942,0.37913,0.37903,0.37913,0.37942,0.37913,0.37903,0.37913,0.37942,0.37913,0.37903,0.37913,0.37942,0.37913,0.37903,0.37913,0.37942,0.37913,0.37903,0.37913,0.37942,0.37913,0.37903,0.37913,0.37942,0.37913,0.37903,0.37913,0.37942,0.37913,0.37903,0.37913,0.37942,0.37913,0.37903,0.37913,0.37942,0.37913,0.37903,0.37913,0.37942,0.37913,0.37903,0.37913,0.37942,0.37913,0.37903,0.37913,0.37942,0.37913,0.37903,0.37913,0.37942,0.37913,0.37903,0.37913,0.37942,0.37913,0.37903,0.37913,0.37942,0.37913,0.37903,0.37956,0.37942,0.37824,0.38164,0.37668,0.37942,0.3845,0.36905,0.38925,0.37942,0.35809,0.42972,0.2962
0.145,0.15617,0.13497,0.14979,0.145,0.14246,0.14742,0.14372,0.145,0.14549,0.14443,0.14517,0.145,0.14489,0.14485,0.14489,0.145,0.14489,0.14485,0.14489,0.145,0.14489,0.14485,0.14489,0.145,0.14489,0.14485,0.14489,0.145,0.14489,0.14485,0.14489,0.145,0.14489,0.14485,0.14489,0.145,0.14489,0.14485,0.14489,0.145,0.14489,0.14485,0.14489,0.145,0.14489,0.14485,0.14489,0.145,0.14489,0.14485,0.14489,0.145,0.14489,0.14485,0.14489,0.145,0.14489,0.14485,0.14489,0.145,0.14489,0.14485,0.14489,0.145,0.14489,0.14485,0.14489,0.145,0.14489,0.14485,0.14489,0.145,0.14489,0.14485,0.14489,0.145,0.14489,0.14485,0.14489,0.145,0.14489,0.14485,0.14489,0.145,0.14489,0.14485,0.14489,0.145,0.14489,0.14485,0.14489,0.145,0.14489,0.14485,0.14489,0.145,0.14489,0.14485,0.14489,0.145,0.14489,0.14485,0.14489,0.145,0.14489,0.14485,0.14489,0.145,0.14489,0.14485,0.14489,0.145,0.14489,0.14485,0.14409,0.145,0.14655,0.14,0.14946,0.145,0.13491,0.16343,0.12606,0.145,0.18409,0.050457,0.29934,0.8516,0.90592,0.80255,0.8748,0.8516,0.83912,0.86325,0.84525,0.8516,0.85388,0.84866,0.8523,0.8516,0.85096,0.85072,0.85096,0.8516,0.85096,0.85072,0.85096,0.8516,0.85096,0.85072,0.85096,0.8516,0.85096,0.85072,0.85096,0.8516,0.85096,0.85072,0.85096,0.8516,0.85096,0.85072,0.85096,0.8516,0.85096,0.85072,0.85096,0.8516,0.85096,0.85072,0.85096,0.8516,0.85096,0.85072,0.85096,0.8516,0.85096,0.85072,0.85096,0.8516,0.85096,0.85072,0.85096,0.8516,0.85096,0.85072,0.85096,0.8516,0.85096,0.85072,0.85096,0.8516,0.85096,0.85072,0.85096,0.8516,0.85096,0.85072,0.85096,0.8516,0.85096,0.85072,0.85096,0.8516,0.85096,0.85072,0.85096,0.8516,0.85096,0.85072,0.85096,0.8516,0.85096,0.85072,0.85096,0.8516,0.85096,0.85072,0.85096,0.8516,0.85096,0.85072,0.85096,0.8516,0.85096,0.85072,0.85096,0.8516,0.85096,0.85072,0.85096,0.8516,0.85096,0.85072,0.85096,0.8516,0.85096,0.85072,0.85096,0.8516,0.85096,0.85072,0.85192,0.8516,0.84896,0.85657,0.84545,0.8516,0.86299,0.82833,0.87365,0.8516,0.80371,0.96448,0.66482
0.60589,0.65256,0.56396,0.62588,0.60589,0.59529,0.61601,0.60054,0.60589,0.60794,0.6035,0.60658,0.60589,0.60543,0.60526,0.60543,0.60589,0.60543,0.60526,0.60543,0.60589,0.60543,0.60526,0.60543,0.60589,0.60543,0.60526,0.60543,0.60589,0.60543,0.60526,0.60543,0.60589,0.60543,0.60526,0.60543,0.60589,0.60543,0.60526,0.60543,0.60589,0.60543,0.60526,0.60543,0.60589,0.60543,0.60526,0.60543,0.60589,0.60543,0.60526,0.60532,0.60589,0.60566,0.60461,0.60605,0.60589,0.60408,0.60778,0.60288,0.60589,0.61075,0.59246,0.62639,0.70176,0.70869,0.6945,0.70446,0.70176,0.69962,0.70273,0.70045,0.70176,0.70163,0.70075,0.70141,0.70176,0.70123,0.70103,0.70123,0.70176,0.70123,0.70103,0.70123,0.70176,0.70123,0.70103,0.70123,0.70176,0.70123,0.70103,0.70123,0.70176,0.70123,0.70103,0.70123,0.70176,0.70123,0.70103,0.70123,0.70176,0.70123,0.70103,0.70123,0.70176,0.70123,0.70103,0.70123,0.70176,0.70123,0.70103,0.70123,0.70176,0.70123,0.70103,0.7013,0.70176,0.70109,0.70144,0.70085,0.70176,0.70206,0.69949,0.70279,0.70176,0.69797,0.70888,0.68839,0.64302,0.63796,0.64635,0.64055,0.64302,0.64351,0.64131,0.643,0.64302,0.64229,0.64252,0.64242,0.64302,0.64253,0.64235,0.64253,0.64302,0.64253,0.64235,0.64253,0.64302,0.64253,0.64235,0.64253,0.64302,0.64253,0.64235,0.64253,0.64302,0.64253,0.64235,0.64253,0.64302,0.64253,0.64235,0.64253,0.64302,0.64253,0.64235,0.64253,0.64302,0.64253,0.64235,0.64253,0.64302,0.64253,0.64235,0.64253,0.64302,0.64253,0.64235,0.64254,0.64302,0.64251,0.6424,0.64248,0.64302,0.64264,0.64215,0.64274,0.64302,0.6421,0.64339,0.64083,0.63525,0.63416,0.63512,0.63451,0.63525,0.6349,0.63445,0.63483,0.63525,0.63474,0.63461,0.63475,0.63525,0.63477,0.63459,0.63477,0.63525,0.63477,0.63459,0.63477,0.63525,0.63477,0.63459,0.63477,0.63525,0.63477,0.63459,0.63477,0.63525,0.63477,0.63459,0.63477,0.63525,0.63477,0.63459,0.63477,0.63525,0.63477,0.63459,0.63477,0.63525,0.63477,0.63459,0.63477,0.63525,0.63477,0.63459,0.63477,0.63525,0.63477,0.63459,0.63549,0.63525,0.63328,0.63896,0.63066,0.63525,0.64375,0.61789,0.6517,0.63525,0.59953,0.71945,0.49592
0.83211,0.8962,0.77453,0.85957,0.83211,0.81755,0.846,0.82476,0.83211,0.83492,0.82883,0.83306,0.83211,0.83148,0.83125,0.83148,0.83211,0.83148,0.83125,0.83148,0.83211,0.83148,0.83125,0.83148,0.83211,0.83148,0.83125,0.83148,0.83211,0.83148,0.83125,0.83148,0.83211,0.83148,0.83125,0.83148,0.83211,0.83148,0.83125,0.83148,0.83211,0.83148,0.83125,0.83148,0.83211,0.83148,0.83125,0.83148,0.83211,0.83148,0.83125,0.83148,0.83211,0.83148,0.83125,0.83148,0.83211,0.83148,0.83125,0.83148,0.83211,0.83148,0.83125,0.83148,0.83211,0.83148,0.83125,0.83148,0.83211,0.83148,0.83125,0.83148,0.83211,0.83148,0.83125,0.83148,0.83211,0.83148,0.83125,0.83148,0.83211,0.83148,0.83125,0.83148,0.83211,0.83148,0.83125,0.83148,0.83211,0.83148,0.83125,0.83148,0.83211,0.83148,0.83125,0.83148,0.83211,0.83148,0.83125,0.83148,0.83211,0.83148,0.83125,0.83148,0.83211,0.83148,0.83125,0.83148,0.83211,0.83148,0.83125,0.83148,0.83211,0.83148,0.83125,0.83183,0.83211,0.83076,0.83336,0.8295,0.83211,0.83582,0.82317,0.83967,0.83211,0.81444,0.87228,0.76434,0.52495,0.50066,0.54534,0.51418,0.52495,0.52969,0.51896,0.52703,0.52495,0.52328,0.5253,0.52397,0.52495,0.52455,0.5244,0.52455,0.52495,0.52455,0.5244,0.52455,0.52495,0.52455,0.5244,0.52455,0.52495,0.52455,0.5244,0.52455,0.52495,0.52455,0.5244,0.52455,0.52495,0.52455,0.5244,0.52455,0.52495,0.52455,0.5244,0.52455,0.52495,0.52455,0.5244,0.52455,0.52495,0.52455,0.5244,0.52455,0.52495,0.52455,0.5244,0.52455,0.52495,0.52455,0.5244,0.52455,0.52495,0.52455,0.5244,0.52455,0.52495,0.52455,0.5244,0.52455,0.52495,0.52455,0.5244,0.52455,0.52495,0.52455,0.5244,0.52455,0.52495,0.52455,0.5244,0.52455,0.52495,0.52455,0.5244,0.52455,0.52495,0.52455,0.5244,0.52455,0.52495,0.52455,0.5244,0.52455,0.52495,0.52455,0.5244,0.52455,0.52495,0.52455,0.5244,0.52455,0.52495,0.52455,0.5244,0.52455,0.52495,0.52455,0.5244,0.52455,0.52495,0.52455,0.5244,0.52455,0.52495,0.52455,0.5244,0.52455,0.52495,0.52455,0.5244,0.52514,0.52495,0.52332,0.52801,0.52116,0.52495,0.53197,0.5106,0.53854,0.52495,0.49543,0.59453,0.40981
0.76956,0.82884,0.71631,0.79495,0.76956,0.75609,0.78241,0.76277,0.76956,0.77216,0.76652,0.77044,0.76956,0.76898,0.76876,0.76898,0.76956,0.76898,0.76876,0.76898,0.76956,0.76898,0.76876,0.76898,0.76956,0.76898,0.76876,0.76898,0.76956,0.76898,0.76876,0.76898,0.76956,0.76898,0.76876,0.76898,0.76956,0.76898,0.76876,0.76898,0.76956,0.76898,0.76876,0.76898,0.76956,0.76898,0.76876,0.76898,0.76956,0.76898,0.76876,0.76898,0.76956,0.76898,0.76876,0.76898,0.76956,0.76898,0.76876,0.76898,0.76956,0.76898,0.76876,0.76898,0.76956,0.76898,0.76876,0.76898,0.76956,0.76898,0.76876,0.76898,0.76956,0.76898,0.76876,0.76898,0.76956,0.76898,0.76876,0.76898,0.76956,0.76898,0.76876,0.76898,0.76956,0.76898,0.76876,0.76898,0.76956,0.76898,0.76876,0.76898,0.76956,0.76898,0.76876,0.76898,0.76956,0.76898,0.76876,0.76898,0.76956,0.76898,0.76876,0.76898,0.76956,0.76898,0.76876,0.76898,0.76956,0.76898,0.76876,0.76898,0.76956,0.76898,0.76876,0.76934,0.76956,0.76823,0.77096,0.76692,0.76956,0.77349,0.76037,0.77748,0.76956,0.75128,0.8114,0.69923,0.45044,0.42528,0.47173,0.43933,0.45044,0.45544,0.44432,0.45268,0.45044,0.44878,0.4509,0.44949,0.45044,0.4501,0.44997,0.4501,0.45044,0.4501,0.44997,0.4501,0.45044,0.4501,0.44997,0.4501,0.45044,0.4501,0.44997,0.4501,0.45044,0.4501,0.44997,0.4501,0.45044,0.4501,0.44997,0.4501,0.45044,0.4501,0.44997,0.4501,0.45044,0.4501,0.44997,0.4501,0.45044,0.4501,0.44997,0.4501,0.45044,0.4501,0.44997,0.4501,0.45044,0.4501,0.44997,0.4501,0.45044,0.4501,0.44997,0.4501,0.45044,0.4501,0.44997,0.4501,0.45044,0.4501,0.44997,0.4501,0.45044,0.4501,0.44997,0.4501,0.45044,0.4501,0.44997,0.4501,0.45044,0.4501,0.44997,0.4501,0.45044,0.4501,0.44997,0.4501,0.45044,0.4501,0.44997,0.4501,0.45044,0.4501,0.44997,0.4501,0.45044,0.4501,0.44997,0.4501,0.45044,0.4501,0.44997,0.4501,0.45044,0.4501,0.44997,0.4501,0.45044,0.4501,0.44997,0.4501,0.45044,0.4501,0.44997,0.4501,0.45044,0.4501,0.44997,0.45061,0.45044,0.44904,0.45307,0.44719,0.45044,0.45647,0.43813,0.4621,0.45044,0.42511,0.51015,0.35165
0.39843,0.42912,0.37086,0.41157,0.39843,0.39145,0.40508,0.39491,0.39843,0.39977,0.39685,0.39888,0.39843,0.39813,0.39802,0.39813,0.39843,0.39813,0.39802,0.39813,0.39843,0.39813,0.39802,0.39813,0.39843,0.39813,0.39802,0.39813,0.39843,0.39813,0.39802,0.39813,0.39843,0.39813,0.39802,0.39813,0.39843,0.39813,0.39802,0.39813,0.39843,0.39813,0.39802,0.39813,0.39843,0.39813,0.39802,0.39813,0.39843,0.39813,0.39802,0.39813,0.39843,0.39813,0.39802,0.39813,0.39843,0.39813,0.39802,0.39813,0.39843,0.39813,0.39802,0.39813,0.39843,0.39813,0.39802,0.39813,0.39843,0.39813,0.39802,0.39813,0.39843,0.39813,0.39802,0.39813,0.39843,0.39813,0.39802,0.39813,0.39843,0.39813,0.39802,0.39813,0.39843,0.39813,0.39802,0.39813,0.39843,0.39813,0.39802,0.39813,0.39843,0.39813,0.39802,0.39813,0.39843,0.39813,0.39802,0.39813,0.39843,0.39813,0.39802,0.39813,0.39843,0.39813,0.39802,0.39813,0.39843,0.39813,0.39802,0.39813,0.39843,0.39813,0.39802,0.39777,0.39843,0.39886,0.39587,0.40014,0.39843,0.39372,0.40622,0.38982,0.39843,0.41543,0.35635,0.4663,0.7103,0.73402,0.68831,0.72029,0.7103,0.70454,0.7151,0.70725,0.7103,0.71106,0.70866,0.71036,0.7103,0.70977,0.70957,0.70977,0.7103,0.70977,0.70957,0.70977,0.7103,0.70977,0.70957,0.70977,0.7103,0.70977,0.70957,0.70977,0.7103,0.70977,0.70957,0.70977,0.7103,0.70977,0.70957,0.70977,0.7103,0.70977,0.70957,0.70977,0.7103,0.70977,0.70957,0.70977,0.7103,0.70977,0.70957,0.70977,0.7103,0.70977,0.70957,0.70977,0.7103,0.70977,0.70957,0.70977,0.7103,0.70977,0.70957,0.70977,0.7103,0.70977,0.70957,0.70977,0.7103,0.70977,0.70957,0.70977,0.7103,0.70977,0.70957,0.70977,0.7103,0.70977,0.70957,0.70977,0.7103,0.70977,0.70957,0.70977,0.7103,0.70977,0.70957,0.70977,0.7103,0.70977,0.70957,0.70977,0.7103,0.70977,0.70957,0.70977,0.7103,0.70977,0.70957,0.70977,0.7103,0.70977,0.70957,0.70977,0.7103,0.70977,0.70957,0.70977,0.7103,0.70977,0.70957,0.70977,0.7103,0.70977,0.70957,0.70977,0.7103,0.70977,0.70957,0.71057,0.7103,0.7081,0.71445,0.70517,0.7103,0.7198,0.69089,0.7287,0.7103,0.67036,0.80446,0.55451
0.87781,0.94543,0.81707,0.90678,0.87781,0.86245,0.89247,0.87006,0.87781,0.88078,0.87435,0.87882,0.87781,0.87715,0.87691,0.87715,0.87781,0.87715,0.87691,0.87715,0.87781,0.87715,0.87691,0.87715,0.87781,0.87715,0.87691,0.87715,0.87781,0.87715,0.87691,0.87715,0.87781,0.87715,0.87691,0.87715,0.87781,0.87715,0.87691,0.87715,0.87781,0.87715,0.87691,0.87715,0.87781,0.87715,0.87691,0.87715,0.87781,0.87715,0.87691,0.87715,0.87781,0.87715,0.87691,0.87715,0.87781,0.87715,0.87691,0.87715,0.87781,0.87715,0.87691,0.87715,0.87781,0.87715,0.87691,0.87715,0.87781,0.87715,0.87691,0.87715,0.87781,0.87715,0.87691,0.87715,0.87781,0.87715,0.87691,0.87715,0.87781,0.87715,0.87691,0.87715,0.87781,0.87715,0.87691,0.87715,0.87781,0.87715,0.87691,0.87715,0.87781,0.87715,0.87691,0.87715,0.87781,0.87715,0.87691,0.87715,0.87781,0.87715,0.87691,0.87715,0.87781,0.87715,0.87691,0.87715,0.87781,0.87715,0.87691,0.87715,0.87781,0.87715,0.87691,0.8779,0.87781,0.8756,0.88145,0.87288,0.87781,0.88649,0.85954,0.89476,0.87781,0.8405,0.96516,0.73275,0.21716,0.16561,0.26197,0.1947,0.21716,0.22806,0.20522,0.22233,0.21716,0.21427,0.21886,0.21574,0.21716,0.217,0.21694,0.217,0.21716,0.217,0.21694,0.217,0.21716,0.217,0.21694,0.217,0.21716,0.217,0.21694,0.217,0.21716,0.217,0.21694,0.217,0.21716,0.217,0.21694,0.217,0.21716,0.217,0.21694,0.217,0.21716,0.217,0.21694,0.217,0.21716,0.217,0.21694,0.217,0.21716,0.217,0.21694,0.217,0.21716,0.217,0.21694,0.217,0.21716,0.217,0.21694,0.217,0.21716,0.217,0.21694,0.217,0.21716,0.217,0.21694,0.217,0.21716,0.217,0.21694,0.217,0.21716,0.217,0.21694,0.217,0.21716,0.217,0.21694,0.217,0.21716,0.217,0.21694,0.217,0.21716,0.217,0.21694,0.217,0.21716,0.217,0.21694,0.217,0.21716,0.217,0.21694,0.217,0.21716,0.217,0.21694,0.217,0.21716,0.217,0.21694,0.217,0.21716,0.217,0.21694,0.217,0.21716,0.217,0.21694,0.217,0.21716,0.217,0.21694,0.21724,0.21716,0.21649,0.21843,0.21559,0.21716,0.22007,0.21123,0.22279,0.21716,0.20495,0.24595,0.16953
0.81914,0.88223,0.76245,0.84616,0.81914,0.8048,0.83281,0.8119,0.81914,0.8219,0.8159,0.82007,0.81914,0.81852,0.81829,0.81852,0.81914,0.81852,0.81829,0.81852,0.81914,0.81852,0.81829,0.81852,0.81914,0.81852,0.81829,0.81852,0.81914,0.81852,0.81829,0.81852,0.81914,0.81852,0.81829,0.81852,0.81914,0.81852,0.81829,0.81852,0.81914,0.81852,0.81829,0.81852,0.81914,0.81852,0.81829,0.81852,0.81914,0.81852,0.81829,0.81852,0.81914,0.81852,0.81829,0.81852,0.81914,0.81852,0.81829,0.81852,0.81914,0.81852,0.81829,0.81852,0.81914,0.81852,0.81829,0.81852,0.81914,0.81852,0.81829,0.81852,0.81914,0.81852,0.81829,0.81852,0.81914,0.81852,0.81829,0.81852,0.81914,0.81852,0.81829,0.81852,0.81914,0.81852,0.81829,0.81852,0.81914,0.81852,0.81829,0.81852,0.81914,0.81852,0.81829,0.81852,0.81914,0.81852,0.81829,0.81852,0.81914,0.81852,0.81829,0.81852,0.81914,0.81852,0.81829,0.81852,0.81914,0.81852,0.81829,0.81852,0.81914,0.81852,0.81829,0.81852,0.81914,0.81852,0.81829,0.81852,0.81914,0.81852,0.81829,0.81852,0.81914,0.81852,0.81829,0.81852,0.81914,0.81852,0.81829,0.81852,0.81914,0.81852,0.81829,0.81852,0.81914,0.81852,0.81829,0.81852,0.81914,0.81852,0.81829,0.81852,0.81914,0.81852,0.81829,0.81852,0.81914,0.81852,0.81829,0.81852,0.81914,0.81852,0.81829,0.81852,0.81914,0.81852,0.81829,0.81852,0.81914,0.81852,0.81829,0.81852,0.81914,0.81852,0.81829,0.81852,0.81914,0.81852,0.81829,0.81852,0.81914,0.81852,0.81829,0.81852,0.81914,0.81852,0.81829,0.81852,0.81914,0.81852,0.81829,0.81852,0.81914,0.81852,0.81829,0.81852,0.81914,0.81852,0.81829,0.81852,0.81914,0.81852,0.81829,0.81852,0.81914,0.81852,0.81829,0.81852,0.81914,0.81852,0.81829,0.81852,0.81914,0.81852,0.81829,0.81852,0.81914,0.81852,0.81829,0.81852,0.81914,0.81852,0.81829,0.81852,0.81914,0.81852,0.81829,0.81852,0.81914,0.81852,0.81829,0.81852,0.81914,0.81852,0.81829,0.81852,0.81914,0.81852,0.81829,0.81852,0.81914,0.81852,0.81829,0.81852,0.81914,0.81852,0.81829,0.81852,0.81914,0.81852,0.81829,0.81944,0.81914,0.81659,0.82392,0.81322,0.81914,0.83009,0.79675,0.84035,0.81914,0.77307,0.92772,0.63947
0.8643,0.93087,0.80449,0.89282,0.8643,0.84917,0.87873,0.85667,0.8643,0.86722,0.86089,0.86529,0.8643,0.86365,0.86341,0.86365,0.8643,0.86365,0.86341,0.86365,0.8643,0.86365,0.86341,0.86365,0.8643,0.86365,0.86341,0.86365,0.8643,0.86365,0.86341,0.86365,0.8643,0.86365,0.86341,0.86365,0.8643,0.86365,0.86341,0.86365,0.8643,0.86365,0.86341,0.86365,0.8643,0.86365,0.86341,0.86365,0.8643,0.86365,0.86341,0.86365,0.8643,0.86365,0.86341,0.86365,0.8643,0.86365,0.86341,0.86365,0.8643,0.86365,0.86341,0.86365,0.8643,0.86365,0.86341,0.86365,0.8643,0.86365,0.86341,0.86365,0.8643,0.86365,0.86341,0.86365,0.8643,0.86365,0.86341,0.86365,0.8643,0.86365,0.86341,0.86365,0.8643,0.86365,0.86341,0.86365,0.8643,0.86365,0.86341,0.86365,0.8643,0.86365,0.86341,0.86365,0.8643,0.86365,0.86341,0.86365,0.8643,0.86365,0.86341,0.86365,0.8643,0.86365,0.86341,0.86365,0.8643,0.86365,0.86341,0.86365,0.8643,0.86365,0.86341,0.86382,0.8643,0.86329,0.86446,0.86266,0.8643,0.86581,0.85939,0.86772,0.8643,0.85517,0.88383,0.83024,0.71145,0.69902,0.72113,0.70575,0.71145,0.71347,0.708,0.71215,0.71145,0.71028,0.71116,0.71062,0.71145,0.71091,0.71071,0.71091,0.71145,0.71091,0.71071,0.71091,0.71145,0.71091,0.71071,0.71091,0.71145,0.71091,0.71071,0.71091,0.71145,0.71091,0.71071,0.71091,0.71145,0.71091,0.71071,0.71091,0.71145,0.71091,0.71071,0.71091,0.71145,0.71091,0.71071,0.71091,0.71145,0.71091,0.71071,0.71091,0.71145,0.71091,0.71071,0.71091,0.71145,0.71091,0.71071,0.71091,0.71145,0.71091,0.71071,0.71091,0.71145,0.71091,0.71071,0.71091,0.71145,0.71091,0.71071,0.71091,0.71145,0.71091,0.71071,0.71091,0.71145,0.71091,0.71071,0.71091,0.71145,0.71091,0.71071,0.71091,0.71145,0.71091,0.71071,0.71091,0.71145,0.71091,0.71071,0.71091,0.71145,0.71091,0.71071,0.71091,0.71145,0.71091,0.71071,0.71091,0.71145,0.71091,0.71071,0.71091,0.71145,0.71091,0.71071,0.71091,0.71145,0.71091,0.71071,0.71091,0.71145,0.71091,0.71071,0.71091,0.71145,0.71091,0.71071,0.71172,0.71145,0.70924,0.7156,0.70631,0.71145,0.72097,0.69201,0.72987,0.71145,0.67144,0.80576,0.55541
0.64452,0.69417,0.59992,0.66579,0.64452,0.63324,0.65529,0.63883,0.64452,0.6467,0.64198,0.64526,0.64452,0.64404,0.64386,0.64404,0.64452,0.64404,0.64386,0.64404,0.64452,0.64404,0.64386,0.64404,0.64452,0.64404,0.64386,0.64404,0.64452,0.64404,0.64386,0.64404,0.64452,0.64404,0.64386,0.64404,0.64452,0.64404,0.64386,0.64404,0.64452,0.64404,0.64386,0.64404,0.64452,0.64404,0.64386,0.64404,0.64452,0.64404,0.64386,0.64404,0.64452,0.64404,0.64386,0.64404,0.64452,0.64404,0.64386,0.64404,0.64452,0.64404,0.64386,0.64404,0.64452,0.64404,0.64386,0.64404,0.64452,0.64404,0.64386,0.64404,0.64452,0.64404,0.64386,0.64404,0.64452,0.64404,0.64386,0.64404,0.64452,0.64404,0.64386,0.64404,0.64452,0.64404,0.64386,0.64404,0.64452,0.64404,0.64386,0.64404,0.64452,0.64404,0.64386,0.64404,0.64452,0.64404,0.64386,0.64404,0.64452,0.64404,0.64386,0.64404,0.64452,0.64404,0.64386,0.64404,0.64452,0.64404,0.64386,0.64404,0.64452,0.64404,0.64386,0.64379,0.64452,0.64456,0.64234,0.64546,0.64452,0.64092,0.64966,0.63816,0.64452,0.65627,0.6144,0.69224,0.86506,0.88156,0.84913,0.87185,0.86506,0.86071,0.86807,0.86262,0.86506,0.86532,0.86352,0.86482,0.86506,0.8644,0.86416,0.8644,0.86506,0.8644,0.86416,0.8644,0.86506,0.8644,0.86416,0.8644,0.86506,0.8644,0.86416,0.8644,0.86506,0.8644,0.86416,0.8644,0.86506,0.8644,0.86416,0.8644,0.86506,0.8644,0.86416,0.8644,0.86506,0.8644,0.86416,0.8644,0.86506,0.8644,0.86416,0.8644,0.86506,0.8644,0.86416,0.8644,0.86506,0.8644,0.86416,0.8644,0.86506,0.8644,0.86416,0.8644,0.86506,0.8644,0.86416,0.8644,0.86506,0.8644,0.86416,0.8644,0.86506,0.8644,0.86416,0.8644,0.86506,0.8644,0.86416,0.8644,0.86506,0.8644,0.86416,0.8644,0.86506,0.8644,0.86416,0.8644,0.86506,0.8644,0.86416,0.8644,0.86506,0.8644,0.86416,0.8644,0.86506,0.8644,0.86416,0.8644,0.86506,0.8644,0.86416,0.8644,0.86506,0.8644,0.86416,0.8644,0.86506,0.8644,0.86416,0.8644,0.86506,0.8644,0.86416,0.8644,0.86506,0.8644,0.86416,0.86538,0.86506,0.86237,0.87011,0.85881,0.86506,0.87663,0.84142,0.88746,0.86506,0.81641,0.97973,0.67532
0.92003,0.99089,0.85636,0.95038,0.92003,0.90392,0.93539,0.9119,0.92003,0.92313,0.91639,0.92108,0.92003,0.91933,0.91907,0.91933,0.92003,0.91933,0.91907,0.91933,0.92003,0.91933,0.91907,0.91933,0.92003,0.91933,0.91907,0.91933,0.92003,0.91933,0.91907,0.91933,0.92003,0.91933,0.91907,0.91933,0.92003,0.91933,0.91907,0.91933,0.92003,0.91933,0.91907,0.91933,0.92003,0.91933,0.91907,0.91933,0.92003,0.91933,0.91907,0.91933,0.92003,0.91933,0.91907,0.91933,0.92003,0.91933,0.91907,0.91933,0.92003,0.91933,0.91907,0.91933,0.92003,0.91933,0.91907,0.91933,0.92003,0.91933,0.91907,0.91933,0.92003,0.91933,0.91907,0.91933,0.92003,0.91933,0.91907,0.91933,0.92003,0.91933,0.91907,0.91933,0.92003,0.91933,0.91907,0.91933,0.92003,0.91933,0.91907,0.91933,0.92003,0.91933,0.91907,0.91933,0.92003,0.91933,0.91907,0.91933,0.92003,0.91933,0.91907,0.91933,0.92003,0.91933,0.91907,0.91933,0.92003,0.91933,0.91907,0.91933,0.92003,0.91933,0.91907,0.92026,0.92003,0.91741,0.92471,0.91403,0.92003,0.93092,0.89752,0.94118,0.92003,0.87385,1.0286,0.74015,0.10028,0.036445,0.15605,0.072537,0.10028,0.11393,0.08564,0.10682,0.10028,0.096816,0.10256,0.098646,0.10028,0.1002,0.10018,0.1002,0.10028,0.1002,0.10018,0.1002,0.10028,0.1002,0.10018,0.1002,0.10028,0.1002,0.10018,0.1002,0.10028,0.1002,0.10018,0.1002,0.10028,0.1002,0.10018,0.1002,0.10028,0.1002,0.10018,0.1002,0.10028,0.1002,0.10018,0.1002,0.10028,0.1002,0.10018,0.1002,0.10028,0.1002,0.10018,0.1002,0.10028,0.1002,0.10018,0.1002,0.10028,0.1002,0.10018,0.1002,0.10028,0.1002,0.10018,0.1002,0.10028,0.1002,0.10018,0.1002,0.10028,0.1002,0.10018,0.1002,0.10028,0.1002,0.10018,0.1002,0.10028,0.1002,0.10018,0.1002,0.10028,0.1002,0.10018,0.1002,0.10028,0.1002,0.10018,0.1002,0.10028,0.1002,0.10018,0.1002,0.10028,0.1002,0.10018,0.1002,0.10028,0.1002,0.10018,0.1002,0.10028,0.1002,0.10018,0.1002,0.10028,0.1002,0.10018,0.1002,0.10028,0.1002,0.10018,0.1002,0.10028,0.1002,0.10018,0.10032,0.10028,0.099968,0.10087,0.099556,0.10028,0.10162,0.09754,0.10288,0.10028,0.094641,0.11357,0.078285
0.61149,0.65859,0.56917,0.63166,0.61149,0.60079,0.6217,0.60609,0.61149,0.61355,0.60907,0.61219,0.61149,0.61103,0.61086,0.61103,0.61149,0.61103,0.61086,0.61103,0.61149,0.61103,0.61086,0.61103,0.61149,0.61103,0.61086,0.61103,0.61149,0.61103,0.61086,0.61103,0.61149,0.61103,0.61086,0.61103,0.61149,0.61103,0.61086,0.61103,0.61149,0.61103,0.61086,0.61103,0.61149,0.61103,0.61086,0.61103,0.61149,0.61103,0.61086,0.61103,0.61149,0.61103,0.61086,0.61103,0.61149,0.61103,0.61086,0.61103,0.61149,0.61103,0.61086,0.61103,0.61149,0.61103,0.61086,0.61103,0.61149,0.61103,0.61086,0.61103,0.61149,0.61103,0.61086,0.61103,0.61149,0.61103,0.61086,0.61103,0.61149,0.61103,0.61086,0.61103,0.61149,0.61103,0.61086,0.61103,0.61149,0.61103,0.61086,0.61103,0.61149,0.61103,0.61086,0.61103,0.61149,0.61103,0.61086,0.61103,0.61149,0.61103,0.61086,0.61103,0.61149,0.61103,0.61086,0.61103,0.61149,0.61103,0.61086,0.61103,0.61149,0.61103,0.61086,0.61082,0.61149,0.61146,0.6096,0.61221,0.61149,0.60845,0.61566,0.60616,0.61149,0.62115,0.58647,0.65093,0.79404,0.80763,0.78077,0.7996,0.79404,0.79038,0.79645,0.79196,0.79404,0.79419,0.79268,0.79378,0.79404,0.79344,0.79321,0.79344,0.79404,0.79344,0.79321,0.79344,0.79404,0.79344,0.79321,0.79344,0.79404,0.79344,0.79321,0.79344,0.79404,0.79344,0.79321,0.79344,0.79404,0.79344,0.79321,0.79344,0.79404,0.79344,0.79321,0.79344,0.79404,0.79344,0.79321,0.79344,0.79404,0.79344,0.79321,0.79344,0.79404,0.79344,0.79321,0.79344,0.79404,0.79344,0.79321,0.79344,0.79404,0.79344,0.79321,0.79344,0.79404,0.79344,0.79321,0.79344,0.79404,0.79344,0.79321,0.79344,0.79404,0.79344,0.79321,0.79344,0.79404,0.79344,0.79321,0.79344,0.79404,0.79344,0.79321,0.79344,0.79404,0.79344,0.79321,0.79344,0.79404,0.79344,0.79321,0.79344,0.79404,0.79344,0.79321,0.79344,0.79404,0.79344,0.79321,0.79344,0.79404,0.79344,0.79321,0.79344,0.79404,0.79344,0.79321,0.79344,0.79404,0.79344,0.79321,0.79344,0.79404,0.79344,0.79321,0.79344,0.79404,0.79344,0.79321,0.79433,0.79404,0.79157,0.79867,0.7883,0.79404,0.80466,0.77234,0.8146,0.79404,0.74939,0.89929,0.61988
0.8293,0.89318,0.77191,0.85666,0.8293,0.81479,0.84315,0.82198,0.8293,0.8321,0.82603,0.83025,0.8293,0.82867,0.82844,0.82867,0.8293,0.82867,0.82844,0.82867,0.8293,0.82867,0.82844,0.82867,0.8293,0.82867,0.82844,0.82867,0.8293,0.82867,0.82844,0.82867,0.8293,0.82867,0.82844,0.82867,0.8293,0.82867,0.82844,0.82867,0.8293,0.82867,0.82844,0.82867,0.8293,0.82867,0.82844,0.82867,0.8293,0.82867,0.82844,0.82867,0.8293,0.82867,0.82844,0.82867,0.8293,0.82867,0.82844,0.82867,0.8293,0.82867,0.82844,0.82867,0.8293,0.82867,0.82844,0.82867,0.8293,0.82867,0.82844,0.82867,0.8293,0.82867,0.82844,0.82867,0.8293,0.82867,0.82844,0.82867,0.8293,0.82867,0.82844,0.82867,0.8293,0.82867,0.82844,0.82867,0.8293,0.82867,0.82844,0.82867,0.8293,0.82867,0.82844,0.82867,0.8293,0.82867,0.82844,0.82867,0.8293,0.82867,0.82844,0.82867,0.8293,0.82867,0.82844,0.82867,0.8293,0.82867,0.82844,0.82867,0.8293,0.82867,0.82844,0.82867,0.8293,0.82867,0.82844,0.82867,0.8293,0.82867,0.82844,0.82867,0.8293,0.82867,0.82844,0.82867,0.8293,0.82867,0.82844,0.82867,0.8293,0.82867,0.82844,0.82867,0.8293,0.82867,0.82844,0.82867,0.8293,0.82867,0.82844,0.82867,0.8293,0.82867,0.82844,0.82867,0.8293,0.82867,0.82844,0.82867,0.8293,0.82867,0.82844,0.82867,0.8293,0.82867,0.82844,0.82867,0.8293,0.82867,0.82844,0.82867,0.8293,0.82867,0.82844,0.82867,0.8293,0.82867,0.82844,0.82867,0.8293,0.82867,0.82844,0.82867,0.8293,0.82867,0.82844,0.82867,0.8293,0.82867,0.82844,0.82867,0.8293,0.82867,0.82844,0.82867,0.8293,0.82867,0.82844,0.82867,0.8293,0.82867,0.82844,0.82867,0.8293,0.82867,0.82844,0.82867,0.8293,0.82867,0.82844,0.82867,0.8293,0.82867,0.82844,0.82867,0.8293,0.82867,0.82844,0.82867,0.8293,0.82867,0.82844,0.82867,0.8293,0.82867,0.82844,0.82867,0.8293,0.82867,0.82844,0.82867,0.8293,0.82867,0.82844,0.82867,0.8293,0.82867,0.82844,0.82867,0.8293,0.82867,0.82844,0.82867,0.8293,0.82867,0.82844,0.82867,0.8293,0.82867,0.82844,0.82961,0.8293,0.82673,0.83414,0.82331,0.8293,0.84039,0.80664,0.85077,0.8293,0.78267,0.93923,0.64741
0.82727,0.89099,0.77002,0.85456,0.82727,0.81279,0.84108,0.81996,0.82727,0.83006,0.824,0.82821,0.82727,0.82664,0.82641,0.82664,0.82727,0.82664,0.82641,0.82664,0.82727,0.82664,0.82641,0.82664,0.82727,0.82664,0.82641,0.82664,0.82727,0.82664,0.82641,0.82664,0.82727,0.82664,0.82641,0.82664,0.82727,0.82664,0.82641,0.82664,0.82727,0.82664,0.82641,0.82664,0.82727,0.82664,0.82641,0.82664,0.82727,0.82664,0.82641,0.82664,0.82727,0.82664,0.82641,0.82664,0.82727,0.82664,0.82641,0.82664,0.82727,0.82664,0.82641,0.82664,0.82727,0.82664,0.82641,0.82664,0.82727,0.82664,0.82641,0.82664,0.82727,0.82664,0.82641,0.82664,0.82727,0.82664,0.82641,0.82664,0.82727,0.82664,0.82641,0.82664,0.82727,0.82664,0.82641,0.82664,0.82727,0.82664,0.82641,0.82664,0.82727,0.82664,0.82641,0.82664,0.82727,0.82664,0.82641,0.82664,0.82727,0.82664,0.82641,0.82664,0.82727,0.82664,0.82641,0.82664,0.82727,0.82664,0.82641,0.82664,0.82727,0.82664,0.82641,0.82709,0.82727,0.82572,0.82911,0.8241,0.82727,0.83219,0.81609,0.83711,0.82727,0.80486,0.87887,0.74081,0.43457,0.4037,0.46089,0.42099,0.43457,0.44082,0.42716,0.43741,0.43457,0.43262,0.43526,0.43349,0.43457,0.43424,0.43412,0.43424,0.43457,0.43424,0.43412,0.43424,0.43457,0.43424,0.43412,0.43424,0.43457,0.43424,0.43412,0.43424,0.43457,0.43424,0.43412,0.43424,0.43457,0.43424,0.43412,0.43424,0.43457,0.43424,0.43412,0.43424,0.43457,0.43424,0.43412,0.43424,0.43457,0.43424,0.43412,0.43424,0.43457,0.43424,0.43412,0.43424,0.43457,0.43424,0.43412,0.43424,0.43457,0.43424,0.43412,0.43424,0.43457,0.43424,0.43412,0.43424,0.43457,0.43424,0.43412,0.43424,0.43457,0.43424,0.43412,0.43424,0.43457,0.43424,0.43412,0.43424,0.43457,0.43424,0.43412,0.43424,0.43457,0.43424,0.43412,0.43424,0.43457,0.43424,0.43412,0.43424,0.43457,0.43424,0.43412,0.43424,0.43457,0.43424,0.43412,0.43424,0.43457,0.43424,0.43412,0.43424,0.43457,0.43424,0.43412,0.43424,0.43457,0.43424,0.43412,0.43424,0.43457,0.43424,0.43412,0.43424,0.43457,0.43424,0.43412,0.43473,0.43457,0.43322,0.43711,0.43143,0.43457,0.44038,0.42269,0.44582,0.43457,0.41013,0.49217,0.33925
0.73323,0.7897,0.68249,0.75742,0.73323,0.7204,0.74547,0.72676,0.73323,0.73571,0.73033,0.73407,0.73323,0.73267,0.73247,0.73267,0.73323,0.73267,0.73247,0.73267,0.73323,0.73267,0.73247,0.73267,0.73323,0.73267,0.73247,0.73267,0.73323,0.73267,0.73247,0.73267,0.73323,0.73267,0.73247,0.73267,0.73323,0.73267,0.73247,0.73267,0.73323,0.73267,0.73247,0.73267,0.73323,0.73267,0.73247,0.73267,0.73323,0.73267,0.73247,0.73267,0.73323,0.73267,0.73247,0.73267,0.73323,0.73267,0.73247,0.73267,0.73323,0.73267,0.73247,0.73267,0.73323,0.73267,0.73247,0.73267,0.73323,0.73267,0.73247,0.73267,0.73323,0.73267,0.73247,0.73267,0.73323,0.73267,0.73247,0.73267,0.73323,0.73267,0.73247,0.73267,0.73323,0.73267,0.73247,0.73267,0.73323,0.73267,0.73247,0.73267,0.73323,0.73267,0.73247,0.73267,0.73323,0.73267,0.73247,0.73267,0.73323,0.73267,0.73247,0.73267,0.73323,0.73267,0.73247,0.73267,0.73323,0.73267,0.73247,0.73267,0.73323,0.73267,0.73247,0.73267,0.73323,0.73267,0.73247,0.73267,0.73323,0.73267,0.73247,0.73267,0.73323,0.73267,0.73247,0.73267,0.73323,0.73267,0.73247,0.73267,0.73323,0.73267,0.73247,0.73267,0.73323,0.73267,0.73247,0.73267,0.73323,0.73267,0.73247,0.73267,0.73323,0.73267,0.73247,0.73267,0.73323,0.73267,0.73247,0.73267,0.73323,0.73267,0.73247,0.73267,0.73323,0.73267,0.73247,0.73267,0.73323,0.73267,0.73247,0.73267,0.73323,0.73267,0.73247,0.73267,0.73323,0.73267,0.73247,0.73267,0.73323,0.73267,0.73247,0.73267,0.73323,0.73267,0.73247,0.73267,0.73323,0.73267,0.73247,0.73267,0.73323,0.73267,0.73247,0.73267,0.73323,0.73267,0.73247,0.73267,0.73323,0.73267,0.73247,0.73267,0.73323,0.73267,0.73247,0.73267,0.73323,0.73267,0.73247,0.73267,0.73323,0.73267,0.73247,0.73267,0.73323,0.73267,0.73247,0.73267,0.73323,0.73267,0.73247,0.73267,0.73323,0.73267,0.73247,0.73267,0.73323,0.73267,0.73247,0.73267,0.73323,0.73267,0.73247,0.73267,0.73323,0.73267,0.73247,0.73267,0.73323,0.73267,0.73247,0.73267,0.73323,0.73267,0.73247,0.73267,0.73323,0.73267,0.73247,0.7335,0.73323,0.73095,0.73751,0.72793,0.73323,0.74304,0.71319,0.75221,0.73323,0.692,0.83042,0.57241
0.81326,0.8759,0.75698,0.84009,0.81326,0.79902,0.82684,0.80608,0.81326,0.81601,0.81005,0.81419,0.81326,0.81264,0.81242,0.81264,0.81326,0.81264,0.81242,0.81264,0.81326,0.81264,0.81242,0.81264,0.81326,0.81264,0.81242,0.81264,0.81326,0.81264,0.81242,0.81264,0.81326,0.81264,0.81242,0.81264,0.81326,0.81264,0.81242,0.81264,0.81326,0.81264,0.81242,0.81264,0.81326,0.81264,0.81242,0.81264,0.81326,0.81264,0.81242,0.81264,0.81326,0.81264,0.81242,0.81264,0.81326,0.81264,0.81242,0.81264,0.81326,0.81264,0.81242,0.81264,0.81326,0.81264,0.81242,0.81264,0.81326,0.81264,0.81242,0.81264,0.81326,0.81264,0.81242,0.81264,0.81326,0.81264,0.81242,0.81264,0.81326,0.81264,0.81242,0.81264,0.81326,0.81264,0.81242,0.81264,0.81326,0.81264,0.81242,0.81264,0.81326,0.81264,0.81242,0.81264,0.81326,0.81264,0.81242,0.81264,0.81326,0.81264,0.81242,0.81264,0.81326,0.81264,0.81242,0.81264,0.81326,0.81264,0.81242,0.81264,0.81326,0.81264,0.81242,0.81264,0.81326,0.81264,0.81242,0.81264,0.81326,0.81264,0.81242,0.81264,0.81326,0.81264,0.81242,0.81264,0.81326,0.81264,0.81242,0.81264,0.81326,0.81264,0.81242,0.81264,0.81326,0.81264,0.81242,0.81264,0.81326,0.81264,0.81242,0.81264,0.81326,0.81264,0.81242,0.81264,0.81326,0.81264,0.81242,0.81264,0.81326,0.81264,0.81242,0.81264,0.81326,0.81264,0.81242,0.81264,0.81326,0.81264,0.81242,0.81264,0.81326,0.81264,0.81242,0.81264,0.81326,0.81264,0.81242,0.81264,0.81326,0.81264,0.81242,0.81264,0.81326,0.81264,0.81242,0.81264,0.81326,0.81264,0.81242,0.81264,0.81326,0.81264,0.81242,0.81264,0.81326,0.81264,0.81242,0.81264,0.81326,0.81264,0.81242,0.81264,0.81326,0.81264,0.81242,0.81264,0.81326,0.81264,0.81242,0.81264,0.81326,0.81264,0.81242,0.81264,0.81326,0.81264,0.81242,0.81264,0.81326,0.81264,0.81242,0.81264,0.81326,0.81264,0.81242,0.81264,0.81326,0.81264,0.81242,0.81264,0.81326,0.81264,0.81242,0.81264,0.81326,0.81264,0.81242,0.81264,0.81326,0.81264,0.81242,0.81264,0.81326,0.81264,0.81242,0.81264,0.81326,0.81264,0.81242,0.81356,0.81326,0.81073,0.818,0.80739,0.81326,0.82414,0.79104,0.83432,0.81326,0.76753,0.92106,0.63489
0.83719,0.90167,0.77925,0.86481,0.83719,0.82253,0.85116,0.82979,0.83719,0.84001,0.83388,0.83814,0.83719,0.83655,0.83632,0.83655,0.83719,0.83655,0.83632,0.83655,0.83719,0.83655,0.83632,0.83655,0.83719,0.83655,0.83632,0.83655,0.83719,0.83655,0.83632,0.83655,0.83719,0.83655,0.83632,0.83655,0.83719,0.83655,0.83632,0.83655,0.83719,0.83655,0.83632,0.83655,0.83719,0.83655,0.83632,0.83655,0.83719,0.83655,0.83632,0.83655,0.83719,0.83655,0.83632,0.83655,0.83719,0.83655,0.83632,0.83655,0.83719,0.83655,0.83632,0.83655,0.83719,0.83655,0.83632,0.83655,0.83719,0.83655,0.83632,0.83655,0.83719,0.83655,0.83632,0.83655,0.83719,0.83655,0.83632,0.83655,0.83719,0.83655,0.83632,0.83655,0.83719,0.83655,0.83632,0.83655,0.83719,0.83655,0.83632,0.83655,0.83719,0.83655,0.83632,0.83655,0.83719,0.83655,0.83632,0.83655,0.83719,0.83655,0.83632,0.83655,0.83719,0.83655,0.83632,0.83655,0.83719,0.83655,0.83632,0.83655,0.83719,0.83655,0.83632,0.83679,0.83719,0.83606,0.83776,0.8352,0.83719,0.83951,0.83081,0.84213,0.83719,0.82494,0.8643,0.79078,0.62777,0.61101,0.6414,0.62023,0.62777,0.6308,0.62341,0.62899,0.62777,0.62643,0.62773,0.6269,0.62777,0.6273,0.62712,0.6273,0.62777,0.6273,0.62712,0.6273,0.62777,0.6273,0.62712,0.6273,0.62777,0.6273,0.62712,0.6273,0.62777,0.6273,0.62712,0.6273,0.62777,0.6273,0.62712,0.6273,0.62777,0.6273,0.62712,0.6273,0.62777,0.6273,0.62712,0.6273,0.62777,0.6273,0.62712,0.6273,0.62777,0.6273,0.62712,0.6273,0.62777,0.6273,0.62712,0.6273,0.62777,0.6273,0.62712,0.6273,0.62777,0.6273,0.62712,0.6273,0.62777,0.6273,0.62712,0.6273,0.62777,0.6273,0.62712,0.6273,0.62777,0.6273,0.62712,0.6273,0.62777,0.6273,0.62712,0.6273,0.62777,0.6273,0.62712,0.6273,0.62777,0.6273,0.62712,0.6273,0.62777,0.6273,0.62712,0.6273,0.62777,0.6273,0.62712,0.6273,0.62777,0.6273,0.62712,0.6273,0.62777,0.6273,0.62712,0.6273,0.62777,0.6273,0.62712,0.6273,0.62777,0.6273,0.62712,0.6273,0.62777,0.6273,0.62712,0.62801,0.62777,0.62582,0.63144,0.62324,0.62777,0.63617,0.61062,0.64403,0.62777,0.59247,0.71099,0.49008
0.74055,0.79759,0.68931,0.76499,0.74055,0.72759,0.75292,0.73402,0.74055,0.74305,0.73763,0.7414,0.74055,0.73999,0.73979,0.73999,0.74055,0.73999,0.73979,0.73999,0.74055,0.73999,0.73979,0.73999,0.74055,0.73999,0.73979,0.73999,0.74055,0.73999,0.73979,0.73999,0.74055,0.73999,0.73979,0.73999,0.74055,0.73999,0.73979,0.73999,0.74055,0.73999,0.73979,0.73999,0.74055,0.73999,0.73979,0.73999,0.74055,0.73999,0.73979,0.73999,0.74055,0.73999,0.73979,0.73999,0.74055,0.73999,0.73979,0.73999,0.74055,0.73999,0.73979,0.73999,0.74055,0.73999,0.73979,0.73999,0.74055,0.73999,0.73979,0.73999,0.74055,0.73999,0.73979,0.73999,0.74055,0.73999,0.73979,0.73999,0.74055,0.73999,0.73979,0.73999,0.74055,0.73999,0.73979,0.73999,0.74055,0.73999,0.73979,0.73999,0.74055,0.73999,0.73979,0.73999,0.74055,0.73999,0.73979,0.73999,0.74055,0.73999,0.73979,0.73999,0.74055,0.73999,0.73979,0.73999,0.74055,0.73999,0.73979,0.73999,0.74055,0.73999,0.73979,0.73999,0.74055,0.73999,0.73979,0.73999,0.74055,0.73999,0.73979,0.73999,0.74055,0.73999,0.73979,0.73999,0.74055,0.73999,0.73979,0.73999,0.74055,0.73999,0.73979,0.73999,0.74055,0.73999,0.73979,0.73999,0.74055,0.73999,0.73979,0.73999,0.74055,0.73999,0.73979,0.73999,0.74055,0.73999,0.73979,0.73999,0.74055,0.73999,0.73979,0.73999,0.74055,0.73999,0.73979,0.73999,0.74055,0.73999,0.73979,0.73999,0.74055,0.73999,0.73979,0.73999,0.74055,0.73999,0.73979,0.73999,0.74055,0.73999,0.73979,0.73999,0.74055,0.73999,0.73979,0.73999,0.74055,0.73999,0.73979,0.73999,0.74055,0.73999,0.73979,0.73999,0.74055,0.73999,0.73979,0.73999,0.74055,0.73999,0.73979,0.73999,0.74055,0.73999,0.73979,0.73999,0.74055,0.73999,0.73979,0.73999,0.74055,0.73999,0.73979,0.73999,0.74055,0.73999,0.73979,0.73999,0.74055,0.73999,0.73979,0.73999,0.74055,0.73999,0.73979,0.73999,0.74055,0.73999,0.73979,0.73999,0.74055,0.73999,0.73979,0.73999,0.74055,0.73999,0.73979,0.73999,0.74055,0.73999,0.73979,0.73999,0.74055,0.73999,0.73979,0.73999,0.74055,0.73999,0.73979,0.74083,0.74055,0.73825,0.74488,0.73521,0.74055,0.75046,0.72032,0.75973,0.74055,0.69891,0.83872,0.57813
0.5689,0.61272,0.52954,0.58768,0.5689,0.55895,0.5784,0.56388,0.5689,0.57083,0.56666,0.56956,0.5689,0.56848,0.56832,0.56848,0.5689,0.56848,0.56832,0.56848,0.5689,0.56848,0.56832,0.56848,0.5689,0.56848,0.56832,0.56848,0.5689,0.56848,0.56832,0.56848,0.5689,0.56848,0.56832,0.56848,0.5689,0.56848,0.56832,0.56848,0.5689,0.56848,0.56832,0.56848,0.5689,0.56848,0.56832,0.56848,0.5689,0.56848,0.56832,0.56848,0.5689,0.56848,0.56832,0.56848,0.5689,0.56848,0.56832,0.56848,0.5689,0.56848,0.56832,0.56848,0.5689,0.56848,0.56832,0.56848,0.5689,0.56848,0.56832,0.56848,0.5689,0.56848,0.56832,0.56848,0.5689,0.56848,0.56832,0.56848,0.5689,0.56848,0.56832,0.56848,0.5689,0.56848,0.56832,0.56848,0.5689,0.56848,0.56832,0.56848,0.5689,0.56848,0.56832,0.56848,0.5689,0.56848,0.56832,0.56848,0.5689,0.56848,0.56832,0.56848,0.5689,0.56848,0.56832,0.56848,0.5689,0.56848,0.56832,0.56848,0.5689,0.56848,0.56832,0.56829,0.5689,0.56887,0.56717,0.56955,0.5689,0.56613,0.57269,0.56405,0.5689,0.57769,0.54612,0.6048,0.73509,0.74746,0.723,0.74014,0.73509,0.73175,0.73727,0.73319,0.73509,0.73522,0.73384,0.73485,0.73509,0.73453,0.73433,0.73453,0.73509,0.73453,0.73433,0.73453,0.73509,0.73453,0.73433,0.73453,0.73509,0.73453,0.73433,0.73453,0.73509,0.73453,0.73433,0.73453,0.73509,0.73453,0.73433,0.73453,0.73509,0.73453,0.73433,0.73453,0.73509,0.73453,0.73433,0.73453,0.73509,0.73453,0.73433,0.73453,0.73509,0.73453,0.73433,0.73453,0.73509,0.73453,0.73433,0.73453,0.73509,0.73453,0.73433,0.73453,0.73509,0.73453,0.73433,0.73453,0.73509,0.73453,0.73433,0.73453,0.73509,0.73453,0.73433,0.73453,0.73509,0.73453,0.73433,0.73453,0.73509,0.73453,0.73433,0.73453,0.73509,0.73453,0.73433,0.73453,0.73509,0.73453,0.73433,0.73453,0.73509,0.73453,0.73433,0.73453,0.73509,0.73453,0.73433,0.73453,0.73509,0.73453,0.73433,0.73453,0.73509,0.73453,0.73433,0.73453,0.73509,0.73453,0.73433,0.73453,0.73509,0.73453,0.73433,0.73453,0.73509,0.73453,0.73433,0.73536,0.73509,0.7328,0.73938,0.72978,0.73509,0.74492,0.715,0.75412,0.73509,0.69375,0.83253,0.57386
0.80059,0.86225,0.74519,0.827,0.80059,0.78658,0.81396,0.79352,0.80059,0.80329,0.79743,0.80151,0.80059,0.79998,0.79976,0.79998,0.80059,0.79998,0.79976,0.79998,0.80059,0.79998,0.79976,0.79998,0.80059,0.79998,0.79976,0.79998,0.80059,0.79998,0.79976,0.79998,0.80059,0.79998,0.79976,0.79998,0.80059,0.79998,0.79976,0.79998,0.80059,0.79998,0.79976,0.79998,0.80059,0.79998,0.79976,0.79998,0.80059,0.79998,0.79976,0.79998,0.80059,0.79998,0.79976,0.79998,0.80059,0.79998,0.79976,0.79998,0.80059,0.79998,0.79976,0.79998,0.80059,0.79998,0.79976,0.79998,0.80059,0.79998,0.79976,0.79998,0.80059,0.79998,0.79976,0.79998,0.80059,0.79998,0.79976,0.79998,0.80059,0.79998,0.79976,0.79998,0.80059,0.79998,0.79976,0.79998,0.80059,0.79998,0.79976,0.79998,0.80059,0.79998,0.79976,0.79998,0.80059,0.79998,0.79976,0.79998,0.80059,0.79998,0.79976,0.79998,0.80059,0.79998,0.79976,0.79998,0.80059,0.79998,0.79976,0.79998,0.80059,0.79998,0.79976,0.79998,0.80059,0.79998,0.79976,0.79998,0.80059,0.79998,0.79976,0.79998,0.80059,0.79998,0.79976,0.79998,0.80059,0.79998,0.79976,0.79998,0.80059,0.79998,0.79976,0.79998,0.80059,0.79998,0.79976,0.79998,0.80059,0.79998,0.79976,0.79998,0.80059,0.79998,0.79976,0.79998,0.80059,0.79998,0.79976,0.79998,0.80059,0.79998,0.79976,0.79998,0.80059,0.79998,0.79976,0.79998,0.80059,0.79998,0.79976,0.79998,0.80059,0.79998,0.79976,0.79998,0.80059,0.79998,0.79976,0.79998,0.80059,0.79998,0.79976,0.79998,0.80059,0.79998,0.79976,0.79998,0.80059,0.79998,0.79976,0.79998,0.80059,0.79998,0.79976,0.79998,0.80059,0.79998,0.79976,0.79998,0.80059,0.79998,0.79976,0.79998,0.80059,0.79998,0.79976,0.79998,0.80059,0.79998,0.79976,0.79998,0.80059,0.79998,0.79976,0.79998,0.80059,0.79998,0.79976,0.79998,0.80059,0.79998,0.79976,0.79998,0.80059,0.79998,0.79976,0.79998,0.80059,0.79998,0.79976,0.79998,0.80059,0.79998,0.79976,0.79998,0.80059,0.79998,0.79976,0.79998,0.80059,0.79998,0.79976,0.79998,0.80059,0.79998,0.79976,0.79998,0.80059,0.79998,0.79976,0.80089,0.80059,0.7981,0.80526,0.79481,0.80059,0.8113,0.77871,0.82132,0.80059,0.75557,0.90671,0.625
0.89261,0.96136,0.83084,0.92206,0.89261,0.87699,0.90751,0.88473,0.89261,0.89562,0.88908,0.89363,0.89261,0.89193,0.89168,0.89193,0.89261,0.89193,0.89168,0.89193,0.89261,0.89193,0.89168,0.89193,0.89261,0.89193,0.89168,0.89193,0.89261,0.89193,0.89168,0.89193,0.89261,0.89193,0.89168,0.89193,0.89261,0.89193,0.89168,0.89193,0.89261,0.89193,0.89168,0.89193,0.89261,0.89193,0.89168,0.89193,0.89261,0.89193,0.89168,0.89193,0.89261,0.89193,0.89168,0.89193,0.89261,0.89193,0.89168,0.89193,0.89261,0.89193,0.89168,0.89193,0.89261,0.89193,0.89168,0.89193,0.89261,0.89193,0.89168,0.89193,0.89261,0.89193,0.89168,0.89193,0.89261,0.89193,0.89168,0.89193,0.89261,0.89193,0.89168,0.89193,0.89261,0.89193,0.89168,0.89193,0.89261,0.89193,0.89168,0.89193,0.89261,0.89193,0.89168,0.89193,0.89261,0.89193,0.89168,0.89193,0.89261,0.89193,0.89168,0.89193,0.89261,0.89193,0.89168,0.89193,0.89261,0.89193,0.89168,0.89193,0.89261,0.89193,0.89168,0.89276,0.89261,0.89022,0.89669,0.88723,0.89261,0.90222,0.87255,0.91133,0.89261,0.85155,0.98893,0.73282,0.16463,0.10789,0.21408,0.13994,0.16463,0.1767,0.15155,0.17038,0.16463,0.1615,0.16658,0.16312,0.16463,0.16451,0.16446,0.16451,0.16463,0.16451,0.16446,0.16451,0.16463,0.16451,0.16446,0.16451,0.16463,0.16451,0.16446,0.16451,0.16463,0.16451,0.16446,0.16451,0.16463,0.16451,0.16446,0.16451,0.16463,0.16451,0.16446,0.16451,0.16463,0.16451,0.16446,0.16451,0.16463,0.16451,0.16446,0.16451,0.16463,0.16451,0.16446,0.16451,0.16463,0.16451,0.16446,0.16451,0.16463,0.16451,0.16446,0.16451,0.16463,0.16451,0.16446,0.16451,0.16463,0.16451,0.16446,0.16451,0.16463,0.16451,0.16446,0.16451,0.16463,0.16451,0.16446,0.16451,0.16463,0.16451,0.16446,0.16451,0.16463,0.16451,0.16446,0.16451,0.16463,0.16451,0.16446,0.16451,0.16463,0.16451,0.16446,0.16451,0.16463,0.16451,0.16446,0.16451,0.16463,0.16451,0.16446,0.16451,0.16463,0.16451,0.16446,0.16451,0.16463,0.16451,0.16446,0.16451,0.16463,0.16451,0.16446,0.16451,0.16463,0.16451,0.16446,0.16469,0.16463,0.16412,0.16559,0.16344,0.16463,0.16683,0.16013,0.16889,0.16463,0.15537,0.18645,0.12852
0.80599,0.86807,0.75021,0.83258,0.80599,0.79188,0.81945,0.79887,0.80599,0.80871,0.80281,0.80691,0.80599,0.80538,0.80515,0.80538,0.80599,0.80538,0.80515,0.80538,0.80599,0.80538,0.80515,0.80538,0.80599,0.80538,0.80515,0.80538,0.80599,0.80538,0.80515,0.80538,0.80599,0.80538,0.80515,0.80538,0.80599,0.80538,0.80515,0.80538,0.80599,0.80538,0.80515,0.80538,0.80599,0.80538,0.80515,0.80538,0.80599,0.80538,0.80515,0.80538,0.80599,0.80538,0.80515,0.80538,0.80599,0.80538,0.80515,0.80538,0.80599,0.80538,0.80515,0.80538,0.80599,0.80538,0.80515,0.80538,0.80599,0.80538,0.80515,0.80538,0.80599,0.80538,0.80515,0.80538,0.80599,0.80538,0.80515,0.80538,0.80599,0.80538,0.80515,0.80538,0.80599,0.80538,0.80515,0.80538,0.80599,0.80538,0.80515,0.80538,0.80599,0.80538,0.80515,0.80538,0.80599,0.80538,0.80515,0.80538,0.80599,0.80538,0.80515,0.80538,0.80599,0.80538,0.80515,0.80538,0.80599,0.80538,0.80515,0.80538,0.80599,0.80538,0.80515,0.80538,0.80599,0.80538,0.80515,0.80538,0.80599,0.80538,0.80515,0.80538,0.80599,0.80538,0.80515,0.80538,0.80599,0.80538,0.80515,0.80538,0.80599,0.80538,0.80515,0.80538,0.80599,0.80538,0.80515,0.80538,0.80599,0.80538,0.80515,0.80538,0.80599,0.80538,0.80515,0.80538,0.80599,0.80538,0.80515,0.80538,0.80599,0.80538,0.80515,0.80538,0.80599,0.80538,0.80515,0.80538,0.80599,0.80538,0.80515,0.80538,0.80599,0.80538,0.80515,0.80538,0.80599,0.80538,0.80515,0.80538,0.80599,0.80538,0.80515,0.80538,0.80599,0.80538,0.80515,0.80538,0.80599,0.80538,0.80515,0.80538,0.80599,0.80538,0.80515,0.80538,0.80599,0.80538,0.80515,0.80538,0.80599,0.80538,0.80515,0.80538,0.80599,0.80538,0.80515,0.80538,0.80599,0.80538,0.80515,0.80538,0.80599,0.80538,0.80515,0.80538,0.80599,0.80538,0.80515,0.80538,0.80599,0.80538,0.80515,0.80538,0.80599,0.80538,0.80515,0.80538,0.80599,0.80538,0.80515,0.80538,0.80599,0.80538,0.80515,0.80538,0.80599,0.80538,0.80515,0.80538,0.80599,0.80538,0.80515,0.80538,0.80599,0.80538,0.80515,0.80538,0.80599,0.80538,0.80515,0.80629,0.80599,0.80349,0.81069,0.80017,0.80599,0.81677,0.78396,0.82686,0.80599,0.76067,0.91283,0.62921
0.79595,0.85725,0.74087,0.82221,0.79595,0.78202,0.80924,0.78892,0.79595,0.79864,0.7928,0.79686,0.79595,0.79535,0.79512,0.79535,0.79595,0.79535,0.79512,0.79535,0.79595,0.79535,0.79512,0.79535,0.79595,0.79535,0.79512,0.79535,0.79595,0.79535,0.79512,0.79535,0.79595,0.79535,0.79512,0.79535,0.79595,0.79535,0.79512,0.79535,0.79595,0.79535,0.79512,0.79535,0.79595,0.79535,0.79512,0.79535,0.79595,0.79535,0.79512,0.79535,0.79595,0.79535,0.79512,0.79535,0.79595,0.79535,0.79512,0.79535,0.79595,0.79535,0.79512,0.79535,0.79595,0.79535,0.79512,0.79535,0.79595,0.79535,0.79512,0.79535,0.79595,0.79535,0.79512,0.79535,0.79595,0.79535,0.79512,0.79535,0.79595,0.79535,0.79512,0.79535,0.79595,0.79535,0.79512,0.79535,0.79595,0.79535,0.79512,0.79535,0.79595,0.79535,0.79512,0.79535,0.79595,0.79535,0.79512,0.79535,0.79595,0.79535,0.79512,0.79535,0.79595,0.79535,0.79512,0.79535,0.79595,0.79535,0.79512,0.79535,0.79595,0.79535,0.79512,0.79548,0.79595,0.79506,0.79597,0.79455,0.79595,0.79709,0.79188,0.79863,0.79595,0.7885,0.81161,0.76837,0.67251,0.6624,0.68023,0.66784,0.67251,0.67407,0.66963,0.673,0.67251,0.67149,0.67218,0.67177,0.67251,0.672,0.67182,0.672,0.67251,0.672,0.67182,0.672,0.67251,0.672,0.67182,0.672,0.67251,0.672,0.67182,0.672,0.67251,0.672,0.67182,0.672,0.67251,0.672,0.67182,0.672,0.67251,0.672,0.67182,0.672,0.67251,0.672,0.67182,0.672,0.67251,0.672,0.67182,0.672,0.67251,0.672,0.67182,0.672,0.67251,0.672,0.67182,0.672,0.67251,0.672,0.67182,0.672,0.67251,0.672,0.67182,0.672,0.67251,0.672,0.67182,0.672,0.67251,0.672,0.67182,0.672,0.67251,0.672,0.67182,0.672,0.67251,0.672,0.67182,0.672,0.67251,0.672,0.67182,0.672,0.67251,0.672,0.67182,0.672,0.67251,0.672,0.67182,0.672,0.67251,0.672,0.67182,0.672,0.67251,0.672,0.67182,0.672,0.67251,0.672,0.67182,0.672,0.67251,0.672,0.67182,0.672,0.67251,0.672,0.67182,0.672,0.67251,0.672,0.67182,0.67276,0.67251,0.67042,0.67644,0.66766,0.67251,0.68151,0.65414,0.68993,0.67251,0.6347,0.76166,0.52501
0.64266,0.69216,0.59819,0.66386,0.64266,0.63141,0.65339,0.63699,0.64266,0.64483,0.64012,0.6434,0.64266,0.64217,0.64199,0.64217,0.64266,0.64217,0.64199,0.64235,0.64266,0.64181,0.64305,0.64118,0.64266,0.64434,0.63797,0.64626,0.64266,0.63368,0.66246,0.60869,0.48946,0.47718,0.4994,0.48392,0.48946,0.49166,0.48624,0.49033,0.48946,0.48846,0.4894,0.4888,0.48946,0.48909,0.48896,0.48909,0.48946,0.48909,0.48896,0.48894,0.48946,0.48941,0.48802,0.48998,0.48946,0.48716,0.49255,0.48544,0.48946,0.49669,0.47067,0.51901,0.62633,0.63651,0.61635,0.63048,0.62633,0.62357,0.62811,0.62475,0.62633,0.62643,0.62529,0.62612,0.62633,0.62586,0.62568,0.62586,0.62633,0.62586,0.62568,0.626,0.62633,0.62557,0.62653,0.62506,0.62633,0.62761,0.62243,0.62916,0.62633,0.619,0.64221,0.59882,0.50263,0.49263,0.51054,0.49808,0.50263,0.50432,0.49992,0.50325,0.50263,0.50174,0.50247,0.50202,0.50263,0.50225,0.50211,0.50225,0.50263,0.50225,0.50211,0.50199,0.50263,0.5028,0.50049,0.50377,0.50263,0.49892,0.5083,0.49597,0.50263,0.51532,0.47065,0.55374,0.73817,0.75594,0.72135,0.74556,0.73817,0.73367,0.74159,0.73571,0.73817,0.73859,0.73672,0.73806,0.73817,0.73761,0.73741,0.73761,0.73817,0.73761,0.73741,0.73788,0.73817,0.73707,0.739,0.73612,0.73817,0.74089,0.73131,0.74379,0.73817,0.72475,0.76838,0.68694,0.50631,0.4879,0.5216,0.49811,0.50631,0.50981,0.50168,0.5078,0.50631,0.50497,0.50647,0.50549,0.50631,0.50593,0.50579,0.50593,0.50631,0.50593,0.50579,0.50586,0.50631,0.50609,0.50534,0.50636,0.50631,0.505,0.50753,0.50417,0.50631,0.5096,0.49697,0.52037,0.57237,0.57707,0.56727,0.57416,0.57237,0.57083,0.57295,0.5714,0.57237,0.57221,0.57158,0.57206,0.57237,0.57194,0.57178,0.57194,0.57237,0.57194,0.57178,0.57201,0.57237,0.57177,0.57226,0.57148,0.57237,0.57292,0.56994,0.5738,0.57237,0.56806,0.5811,0.55668,0.50256,0.49675,0.5068,0.49982,0.50256,0.50335,0.5008,0.50274,0.50256,0.50189,0.50224,0.50205,0.50256,0.50218,0.50204,0.50218,0.50256,0.50218,0.50204,0.50275,0.50256,0.501,0.50549,0.49893,0.50256,0.50928,0.48883,0.51557,0.50256,0.4743,0.56917,0.39233
0.68833,0.74135,0.6407,0.71104,0.68833,0.67628,0.69982,0.68225,0.68833,0.69065,0.68561,0.68912,0.68833,0.68781,0.68762,0.68781,0.68833,0.68781,0.68762,0.68781,0.68833,0.68781,0.68762,0.68781,0.68833,0.68781,0.68762,0.68781,0.68833,0.68781,0.68763,0.6878,0.68833,0.68784,0.68757,0.68786,0.68833,0.68771,0.68783,0.6876,0.68833,0.6884,0.68514,0.68227,0.68337,0.68307,0.68246,0.68296,0.68337,0.6828,0.68272,0.68283,0.68337,0.68286,0.68265,0.68286,0.68337,0.68286,0.68267,0.68286,0.68337,0.68286,0.68267,0.68286,0.68337,0.68286,0.68267,0.68286,0.68337,0.68286,0.68267,0.68286,0.68337,0.6829,0.6826,0.68295,0.68337,0.68268,0.68306,0.68248,0.68337,0.6836,0.68115,0.68458,0.68337,0.66555,0.65756,0.66194,0.6612,0.66011,0.6611,0.66039,0.6612,0.66085,0.66037,0.66076,0.6612,0.66068,0.66052,0.66071,0.6612,0.66071,0.66052,0.66071,0.6612,0.66071,0.66052,0.66071,0.6612,0.66071,0.66052,0.66071,0.6612,0.66071,0.66052,0.66078,0.6612,0.66056,0.66095,0.6603,0.6612,0.66158,0.65889,0.66236,0.6612,0.65727,0.6688,0.64716,0.59922,0.59394,0.60282,0.59667,0.59922,0.5998,0.5975,0.59927,0.59922,0.59851,0.59878,0.59865,0.59922,0.59877,0.5986,0.59877,0.59922,0.59877,0.5986,0.59877,0.59922,0.59877,0.5986,0.59877,0.59922,0.59877,0.5986,0.59877,0.59922,0.59877,0.59871,0.59867,0.59922,0.59906,0.59806,0.59935,0.59922,0.59769,0.60081,0.59656,0.59922,0.60494,0.57253,0.54044,0.54703,0.54882,0.54426,0.5477,0.54703,0.54604,0.547,0.54632,0.54703,0.54671,0.54636,0.54662,0.54703,0.54662,0.54647,0.54662,0.54703,0.54662,0.54647,0.54662,0.54703,0.54662,0.54647,0.54662,0.54703,0.54662,0.54647,0.54662,0.54703,0.5466,0.5465,0.54657,0.54703,0.54671,0.54626,0.54681,0.54703,0.54623,0.54725,0.54572,0.54703,0.55563,0.55953,0.55751,0.55857,0.55845,0.55769,0.55831,0.55857,0.55807,0.55807,0.55812,0.55857,0.55816,0.55799,0.55815,0.55857,0.55815,0.55799,0.55815,0.55857,0.55815,0.55799,0.55815,0.55857,0.55815,0.55799,0.55815,0.55857,0.55815,0.55799,0.55878,0.55857,0.55684,0.56183,0.55454,0.55857,0.56604,0.54331,0.57303,0.55857,0.52716,0.63261,0.43606
0.80183,0.8636,0.74635,0.82829,0.80183,0.7878,0.81522,0.79476,0.80183,0.80454,0.79867,0.80275,0.80183,0.80123,0.80101,0.80123,0.80183,0.80123,0.80101,0.80123,0.80183,0.80123,0.80101,0.80123,0.80183,0.80123,0.80101,0.80123,0.80183,0.80123,0.80101,0.80123,0.80183,0.80123,0.80101,0.80123,0.80183,0.80123,0.80101,0.80123,0.80183,0.80123,0.80101,0.80123,0.80183,0.80123,0.80101,0.80123,0.80183,0.80123,0.80101,0.80123,0.80183,0.80123,0.80101,0.80123,0.80183,0.80123,0.80101,0.80123,0.80183,0.80123,0.80101,0.80123,0.80183,0.80123,0.80101,0.80123,0.80183,0.80123,0.80101,0.80123,0.80183,0.80123,0.80101,0.80123,0.80183,0.80123,0.80101,0.80123,0.80183,0.80123,0.80101,0.80123,0.80183,0.80123,0.80101,0.80123,0.80183,0.80123,0.80101,0.80123,0.80183,0.80123,0.80101,0.80123,0.80183,0.80123,0.80101,0.80123,0.80183,0.80123,0.80101,0.80123,0.80183,0.80123,0.80101,0.80123,0.80183,0.80123,0.80101,0.80123,0.80183,0.80123,0.80101,0.80123,0.80183,0.80123,0.80101,0.80123,0.80183,0.80123,0.80101,0.80123,0.80183,0.80123,0.80101,0.80123,0.80183,0.80123,0.80101,0.80123,0.80183,0.80123,0.80101,0.80123,0.80183,0.80123,0.80101,0.80123,0.80183,0.80123,0.80101,0.80123,0.80183,0.80123,0.80101,0.80123,0.80183,0.80123,0.80101,0.80123,0.80183,0.80123,0.80101,0.80123,0.80183,0.80123,0.80101,0.80123,0.80183,0.80123,0.80101,0.80123,0.80183,0.80123,0.80101,0.80123,0.80183,0.80123,0.80101,0.80123,0.80183,0.80123,0.80101,0.80123,0.80183,0.80123,0.80101,0.80123,0.80183,0.80123,0.80101,0.80123,0.80183,0.80123,0.80101,0.80123,0.80183,0.80123,0.80101,0.80123,0.80183,0.80123,0.80101,0.80123,0.80183,0.80123,0.80101,0.80123,0.80183,0.80123,0.80101,0.80123,0.80183,0.80123,0.80101,0.80123,0.80183,0.80123,0.80101,0.80123,0.80183,0.80123,0.80101,0.80123,0.80183,0.80123,0.80101,0.80123,0.80183,0.80123,0.80101,0.80123,0.80183,0.80123,0.80101,0.80123,0.80183,0.80123,0.80101,0.80123,0.80183,0.80123,0.80101,0.80123,0.80183,0.80123,0.80101,0.80123,0.80183,0.80123,0.80101,0.80214,0.80183,0.79935,0.80651,0.79605,0.80183,0.81256,0.77992,0.8226,0.80183,0.75675,0.90812,0.62597
0.86057,0.92685,0.80102,0.88896,0.86057,0.84551,0.87494,0.85297,0.86057,0.86347,0.85717,0.86155,0.86057,0.85992,0.85968,0.85992,0.86057,0.85992,0.85968,0.85992,0.86057,0.85992,0.85968,0.85992,0.86057,0.85992,0.85968,0.85992,0.86057,0.85992,0.85968,0.85992,0.86057,0.85992,0.85968,0.85992,0.86057,0.85992,0.85968,0.85992,0.86057,0.85992,0.85968,0.85992,0.86057,0.85992,0.85968,0.85992,0.86057,0.85992,0.85968,0.85992,0.86057,0.85992,0.85968,0.85992,0.86057,0.85992,0.85968,0.85992,0.86057,0.85992,0.85968,0.85992,0.86057,0.85992,0.85968,0.85992,0.86057,0.85992,0.85968,0.85992,0.86057,0.85992,0.85968,0.85992,0.86057,0.85992,0.85968,0.85992,0.86057,0.85992,0.85968,0.85992,0.86057,0.85992,0.85968,0.85992,0.86057,0.85992,0.85968,0.85992,0.86057,0.85992,0.85968,0.85992,0.86057,0.85992,0.85968,0.85992,0.86057,0.85992,0.85968,0.85992,0.86057,0.85992,0.85968,0.85992,0.86057,0.85992,0.85968,0.85992,0.86057,0.85992,0.85968,0.85992,0.86057,0.85992,0.85968,0.85992,0.86057,0.85992,0.85968,0.85992,0.86057,0.85992,0.85968,0.85992,0.86057,0.85992,0.85968,0.85992,0.86057,0.85992,0.85968,0.85992,0.86057,0.85992,0.85968,0.85992,0.86057,0.85992,0.85968,0.85992,0.86057,0.85992,0.85968,0.85992,0.86057,0.85992,0.85968,0.85992,0.86057,0.85992,0.85968,0.85992,0.86057,0.85992,0.85968,0.85992,0.86057,0.85992,0.85968,0.85992,0.86057,0.85992,0.85968,0.85992,0.86057,0.85992,0.85968,0.85992,0.86057,0.85992,0.85968,0.85992,0.86057,0.85992,0.85968,0.85992,0.86057,0.85992,0.85968,0.85992,0.86057,0.85992,0.85968,0.85992,0.86057,0.85992,0.85968,0.85992,0.86057,0.85992,0.85968,0.85992,0.86057,0.85992,0.85968,0.85992,0.86057,0.85992,0.85968,0.85992,0.86057,0.85992,0.85968,0.85992,0.86057,0.85992,0.85968,0.85992,0.86057,0.85992,0.85968,0.85992,0.86057,0.85992,0.85968,0.85992,0.86057,0.85992,0.85968,0.85992,0.86057,0.85992,0.85968,0.85992,0.86057,0.85992,0.85968,0.85992,0.86057,0.85992,0.85968,0.85992,0.86057,0.85992,0.85968,0.85992,0.86057,0.85992,0.85968,0.86089,0.86057,0.8579,0.86559,0.85435,0.86057,0.87208,0.83705,0.88285,0.86057,0.81218,0.97464,0.67182
0.75335,0.81138,0.70122,0.77821,0.75335,0.74016,0.76593,0.7467,0.75335,0.75589,0.75038,0.75421,0.75335,0.75278,0.75257,0.75278,0.75335,0.75278,0.75257,0.75278,0.75335,0.75278,0.75257,0.75278,0.75335,0.75278,0.75257,0.75278,0.75335,0.75278,0.75257,0.75278,0.75335,0.75278,0.75257,0.75278,0.75335,0.75278,0.75257,0.75278,0.75335,0.75278,0.75257,0.75278,0.75335,0.75278,0.75257,0.75278,0.75335,0.75278,0.75257,0.75278,0.75335,0.75278,0.75257,0.75278,0.75335,0.75278,0.75257,0.75278,0.75335,0.75278,0.75257,0.75278,0.75335,0.75278,0.75257,0.75278,0.75335,0.75278,0.75257,0.75278,0.75335,0.75278,0.75257,0.75278,0.75335,0.75278,0.75257,0.75278,0.75335,0.75278,0.75257,0.75278,0.75335,0.75278,0.75257,0.75278,0.75335,0.75278,0.75257,0.75278,0.75335,0.75278,0.75257,0.75278,0.75335,0.75278,0.75257,0.75278,0.75335,0.75278,0.75257,0.75278,0.75335,0.75278,0.75257,0.75278,0.75335,0.75278,0.75257,0.75278,0.75335,0.75278,0.75257,0.75278,0.75335,0.75278,0.75257,0.75278,0.75335,0.75278,0.75257,0.75278,0.75335,0.75278,0.75257,0.75278,0.75335,0.75278,0.75257,0.75278,0.75335,0.75278,0.75257,0.75278,0.75335,0.75278,0.75257,0.75278,0.75335,0.75278,0.75257,0.75278,0.75335,0.75278,0.75257,0.75278,0.75335,0.75278,0.75257,0.75278,0.75335,0.75278,0.75257,0.75278,0.75335,0.75278,0.75257,0.75278,0.75335,0.75278,0.75257,0.75278,0.75335,0.75278,0.75257,0.75278,0.75335,0.75278,0.75257,0.75278,0.75335,0.75278,0.75257,0.75278,0.75335,0.75278,0.75257,0.75278,0.75335,0.75278,0.75257,0.75278,0.75335,0.75278,0.75257,0.75278,0.75335,0.75278,0.75257,0.75278,0.75335,0.75278,0.75257,0.75278,0.75335,0.75278,0.75257,0.75278,0.75335,0.75278,0.75257,0.75278,0.75335,0.75278,0.75257,0.75278,0.75335,0.75278,0.75257,0.75278,0.75335,0.75278,0.75257,0.75278,0.75335,0.75278,0.75257,0.75278,0.75335,0.75278,0.75257,0.75278,0.75335,0.75278,0.75257,0.75278,0.75335,0.75278,0.75257,0.75278,0.75335,0.75278,0.75257,0.75278,0.75335,0.75278,0.75257,0.75278,0.75335,0.75278,0.75257,0.75363,0.75335,0.75101,0.75775,0.74791,0.75335,0.76343,0.73276,0.77286,0.75335,0.71099,0.85321,0.58812
0.59056,0.63605,0.54969,0.61005,0.59056,0.58022,0.60042,0.58535,0.59056,0.59256,0.58823,0.59124,0.59056,0.59011,0.58995,0.59011,0.59056,0.59011,0.58995,0.59011,0.59056,0.59011,0.58995,0.59011,0.59056,0.59011,0.58995,0.59011,0.59056,0.59011,0.58995,0.59011,0.59056,0.59011,0.58995,0.59011,0.59056,0.59011,0.58995,0.59011,0.59056,0.59011,0.58995,0.59011,0.59056,0.59011,0.58995,0.59011,0.59056,0.59011,0.58995,0.59011,0.59056,0.59011,0.58995,0.59011,0.59056,0.59011,0.58995,0.59011,0.59056,0.59011,0.58995,0.59011,0.59056,0.59011,0.58995,0.59011,0.59056,0.59011,0.58995,0.59011,0.59056,0.59011,0.58995,0.59011,0.59056,0.59011,0.58995,0.59011,0.59056,0.59011,0.58995,0.59011,0.59056,0.59011,0.58995,0.59011,0.59056,0.59011,0.58995,0.59011,0.59056,0.59011,0.58995,0.59011,0.59056,0.59011,0.58995,0.59011,0.59056,0.59011,0.58995,0.59011,0.59056,0.59011,0.58995,0.59011,0.59056,0.59011,0.58995,0.59011,0.59056,0.59011,0.58995,0.58985,0.59056,0.59066,0.58837,0.5916,0.59056,0.58686,0.59601,0.58398,0.59056,0.60289,0.55918,0.64047,0.82092,0.83822,0.80437,0.82808,0.82092,0.81644,0.82416,0.81844,0.82092,0.82125,0.8194,0.82074,0.82092,0.8203,0.82007,0.8203,0.82092,0.8203,0.82007,0.8203,0.82092,0.8203,0.82007,0.8203,0.82092,0.8203,0.82007,0.8203,0.82092,0.8203,0.82007,0.8203,0.82092,0.8203,0.82007,0.8203,0.82092,0.8203,0.82007,0.8203,0.82092,0.8203,0.82007,0.8203,0.82092,0.8203,0.82007,0.8203,0.82092,0.8203,0.82007,0.8203,0.82092,0.8203,0.82007,0.8203,0.82092,0.8203,0.82007,0.8203,0.82092,0.8203,0.82007,0.8203,0.82092,0.8203,0.82007,0.8203,0.82092,0.8203,0.82007,0.8203,0.82092,0.8203,0.82007,0.8203,0.82092,0.8203,0.82007,0.8203,0.82092,0.8203,0.82007,0.8203,0.82092,0.8203,0.82007,0.8203,0.82092,0.8203,0.82007,0.8203,0.82092,0.8203,0.82007,0.8203,0.82092,0.8203,0.82007,0.8203,0.82092,0.8203,0.82007,0.8203,0.82092,0.8203,0.82007,0.8203,0.82092,0.8203,0.82007,0.8203,0.82092,0.8203,0.82007,0.82123,0.82092,0.81837,0.82571,0.81499,0.82092,0.8319,0.79849,0.84218,0.82092,0.77476,0.92974,0.64087
0.79978,0.86139,0.74444,0.82617,0.79978,0.78579,0.81314,0.79272,0.79978,0.80249,0.79663,0.8007,0.79978,0.79918,0.79896,0.79918,0.79978,0.79918,0.79896,0.79918,0.79978,0.79918,0.79896,0.79918,0.79978,0.79918,0.79896,0.79918,0.79978,0.79918,0.79896,0.79918,0.79978,0.79918,0.79896,0.79918,0.79978,0.79918,0.79896,0.79918,0.79978,0.79918,0.79896,0.79918,0.79978,0.79918,0.79896,0.79918,0.79978,0.79918,0.79896,0.79918,0.79978,0.79918,0.79896,0.79918,0.79978,0.79918,0.79896,0.79918,0.79978,0.79918,0.79896,0.79918,0.79978,0.79918,0.79896,0.79918,0.79978,0.79918,0.79896,0.79918,0.79978,0.79918,0.79896,0.79918,0.79978,0.79918,0.79896,0.79918,0.79978,0.79918,0.79896,0.79918,0.79978,0.79918,0.79896,0.79918,0.79978,0.79918,0.79896,0.79918,0.79978,0.79918,0.79896,0.79918,0.79978,0.79918,0.79896,0.79918,0.79978,0.79918,0.79896,0.79918,0.79978,0.79918,0.79896,0.79918,0.79978,0.79918,0.79896,0.79918,0.79978,0.79918,0.79896,0.79983,0.79978,0.79782,0.80292,0.79545,0.79978,0.80734,0.78378,0.81456,0.79978,0.76716,0.87606,0.67303,0.22264,0.17758,0.26175,0.20299,0.22264,0.23214,0.21218,0.22713,0.22264,0.22009,0.22409,0.22137,0.22264,0.22247,0.22241,0.22247,0.22264,0.22247,0.22241,0.22247,0.22264,0.22247,0.22241,0.22247,0.22264,0.22247,0.22241,0.22247,0.22264,0.22247,0.22241,0.22247,0.22264,0.22247,0.22241,0.22247,0.22264,0.22247,0.22241,0.22247,0.22264,0.22247,0.22241,0.22247,0.22264,0.22247,0.22241,0.22247,0.22264,0.22247,0.22241,0.22247,0.22264,0.22247,0.22241,0.22247,0.22264,0.22247,0.22241,0.22247,0.22264,0.22247,0.22241,0.22247,0.22264,0.22247,0.22241,0.22247,0.22264,0.22247,0.22241,0.22247,0.22264,0.22247,0.22241,0.22247,0.22264,0.22247,0.22241,0.22247,0.22264,0.22247,0.22241,0.22247,0.22264,0.22247,0.22241,0.22247,0.22264,0.22247,0.22241,0.22247,0.22264,0.22247,0.22241,0.22247,0.22264,0.22247,0.22241,0.22247,0.22264,0.22247,0.22241,0.22247,0.22264,0.22247,0.22241,0.22247,0.22264,0.22247,0.22241,0.22247,0.22264,0.22247,0.22241,0.22272,0.22264,0.22195,0.22394,0.22103,0.22264,0.22562,0.21656,0.2284,0.22264,0.21012,0.25215,0.17381
0.86387,0.9304,0.80409,0.89237,0.86387,0.84875,0.87829,0.85624,0.86387,0.86678,0.86046,0.86486,0.86387,0.86321,0.86297,0.86321,0.86387,0.86321,0.86297,0.86321,0.86387,0.86321,0.86297,0.86321,0.86387,0.86321,0.86297,0.86321,0.86387,0.86321,0.86297,0.86321,0.86387,0.86321,0.86297,0.86321,0.86387,0.86321,0.86297,0.86321,0.86387,0.86321,0.86297,0.86321,0.86387,0.86321,0.86297,0.86321,0.86387,0.86321,0.86297,0.86321,0.86387,0.86321,0.86297,0.86321,0.86387,0.86321,0.86297,0.86321,0.86387,0.86321,0.86297,0.86321,0.86387,0.86321,0.86297,0.86321,0.86387,0.86321,0.86297,0.86321,0.86387,0.86321,0.86297,0.86321,0.86387,0.86321,0.86297,0.86321,0.86387,0.86321,0.86297,0.86321,0.86387,0.86321,0.86297,0.86321,0.86387,0.86321,0.86297,0.86321,0.86387,0.86321,0.86297,0.86321,0.86387,0.86321,0.86297,0.86321,0.86387,0.86321,0.86297,0.86321,0.86387,0.86321,0.86297,0.86321,0.86387,0.86321,0.86297,0.86321,0.86387,0.86321,0.86297,0.86321,0.86387,0.86321,0.86297,0.86321,0.86387,0.86321,0.86297,0.86321,0.86387,0.86321,0.86297,0.86321,0.86387,0.86321,0.86297,0.86321,0.86387,0.86321,0.86297,0.86321,0.86387,0.86321,0.86297,0.86321,0.86387,0.86321,0.86297,0.86321,0.86387,0.86321,0.86297,0.86321,0.86387,0.86321,0.86297,0.86321,0.86387,0.86321,0.86297,0.86321,0.86387,0.86321,0.86297,0.86321,0.86387,0.86321,0.86297,0.86321,0.86387,0.86321,0.86297,0.86321,0.86387,0.86321,0.86297,0.86321,0.86387,0.86321,0.86297,0.86321,0.86387,0.86321,0.86297,0.86321,0.86387,0.86321,0.86297,0.86321,0.86387,0.86321,0.86297,0.86321,0.86387,0.86321,0.86297,0.86321,0.86387,0.86321,0.86297,0.86321,0.86387,0.86321,0.86297,0.86321,0.86387,0.86321,0.86297,0.86321,0.86387,0.86321,0.86297,0.86321,0.86387,0.86321,0.86297,0.86321,0.86387,0.86321,0.86297,0.86321,0.86387,0.86321,0.86297,0.86321,0.86387,0.86321,0.86297,0.86321,0.86387,0.86321,0.86297,0.86321,0.86387,0.86321,0.86297,0.86321,0.86387,0.86321,0.86297,0.86321,0.86387,0.86321,0.86297,0.86321,0.86387,0.86321,0.86297,0.86419,0.86387,0.86118,0.86891,0.85763,0.86387,0.87542,0.84026,0.88624,0.86387,0.81529,0.97838,0.67439
0.49879,0.53721,0.46428,0.51539,0.49879,0.48978,0.50795,0.49361,0.49879,0.50219,0.49364,0.50259,0.49879,0.4917,0.51444,0.47198,0.37783,0.36814,0.38569,0.37346,0.37783,0.37959,0.37525,0.37856,0.37783,0.37696,0.37796,0.37715,0.37783,0.3779,0.37659,0.37894,0.38421,0.38442,0.38338,0.38421,0.38421,0.38367,0.38436,0.38346,0.38421,0.38484,0.38214,0.38561,0.38421,0.38043,0.39222,0.37017,0.32131,0.31617,0.32526,0.31882,0.32131,0.32236,0.31916,0.32223,0.32131,0.31936,0.32383,0.31823,0.32131,0.32671,0.30737,0.34332,0.42313,0.43073,0.41575,0.4262,0.42313,0.42119,0.42424,0.42222,0.42313,0.42271,0.42336,0.42202,0.42313,0.42485,0.41779,0.43083,0.45985,0.46235,0.45687,0.46077,0.45985,0.45883,0.46019,0.45904,0.45985,0.46,0.45861,0.46023,0.45985,0.45812,0.46268,0.45409,0.43508,0.43283,0.43632,0.43389,0.43508,0.43522,0.43404,0.4351,0.43508,0.43433,0.43531,0.4341,0.43508,0.43603,0.43157,0.43977,0.45801,0.45945,0.45597,0.45831,0.45801,0.45755,0.45716,0.45822,0.45801,0.45614,0.46048,0.45466,0.45801,0.46401,0.44227,0.48265,0.57233,0.58079,0.56394,0.57564,0.57233,0.57021,0.57308,0.57161,0.57233,0.57097,0.574,0.56948,0.57233,0.57737,0.55855,0.59346,0.67101,0.67818,0.66359,0.67394,0.67101,0.66862,0.67273,0.66907,0.67101,0.67228,0.66747,0.67328,0.67101,0.6651,0.68332,0.64923,0.57368,0.56567,0.57972,0.57026,0.57368,0.57423,0.57323,0.57227,0.57368,0.57668,0.56621,0.58031,0.57368,0.55815,0.60943,0.51377,0.3016,0.28021,0.31983,0.29208,0.3016,0.30614,0.29584,0.30415,0.3016,0.29896,0.30446,0.29844,0.3016,0.30639,0.28919,0.32115,0.39211,0.39886,0.38554,0.39498,0.39211,0.39009,0.39394,0.3905,0.39211,0.39347,0.38907,0.3944,0.39211,0.3868,0.4038,0.37203,0.30159,0.29432,0.30745,0.29799,0.30159,0.30353,0.29776,0.30389,0.30159,0.29706,0.30885,0.29378,0.30159,0.31678,0.26414,0.36212,0.57959,0.60077,0.56004,0.58863,0.57959,0.57429,0.58453,0.57633,0.57959,0.58156,0.57584,0.58205,0.57959,0.57422,0.59087,0.55971,0.49063,0.48334,0.49619,0.48782,0.49063,0.4906,0.49192,0.48781,0.49063,0.49683,0.47749,0.50317,0.49063,0.46304,0.55567,0.38302
0.16578,0.17855,0.15431,0.17125,0.16578,0.16288,0.16855,0.16432,0.16578,0.16634,0.16513,0.16597,0.16578,0.16566,0.16561,0.16566,0.16578,0.16566,0.16561,0.16566,0.16578,0.16566,0.16561,0.16566,0.16578,0.16566,0.16561,0.16566,0.16578,0.16566,0.16561,0.16566,0.16578,0.16566,0.16561,0.16566,0.16578,0.16566,0.16561,0.16566,0.16578,0.16566,0.16561,0.16566,0.16578,0.16566,0.16561,0.16566,0.16578,0.16566,0.16561,0.16566,0.16578,0.16566,0.16561,0.16566,0.16578,0.16566,0.16561,0.16566,0.16578,0.16566,0.16561,0.16566,0.16578,0.16566,0.16561,0.16566,0.16578,0.16566,0.16561,0.16566,0.16578,0.16566,0.16561,0.16566,0.16578,0.16566,0.16561,0.16566,0.16578,0.16566,0.16561,0.16566,0.16578,0.16566,0.16561,0.16566,0.16578,0.16566,0.16561,0.16566,0.16578,0.16566,0.16561,0.16566,0.16578,0.16566,0.16561,0.16566,0.16578,0.16566,0.16561,0.16566,0.16578,0.16566,0.16561,0.16566,0.16578,0.16566,0.16561,0.16566,0.16578,0.16566,0.16561,0.16483,0.16578,0.16737,0.16059,0.17038,0.16578,0.15534,0.1848,0.1462,0.16578,0.20615,0.068092,0.32521,0.89576,0.95186,0.84508,0.91972,0.89576,0.88286,0.90778,0.88919,0.89576,0.8981,0.89271,0.89647,0.89576,0.89509,0.89483,0.89509,0.89576,0.89509,0.89483,0.89509,0.89576,0.89509,0.89483,0.89509,0.89576,0.89509,0.89483,0.89509,0.89576,0.89509,0.89483,0.89509,0.89576,0.89509,0.89483,0.89509,0.89576,0.89509,0.89483,0.89509,0.89576,0.89509,0.89483,0.89509,0.89576,0.89509,0.89483,0.89509,0.89576,0.89509,0.89483,0.89509,0.89576,0.89509,0.89483,0.89509,0.89576,0.89509,0.89483,0.89509,0.89576,0.89509,0.89483,0.89509,0.89576,0.89509,0.89483,0.89509,0.89576,0.89509,0.89483,0.89509,0.89576,0.89509,0.89483,0.89509,0.89576,0.89509,0.89483,0.89509,0.89576,0.89509,0.89483,0.89509,0.89576,0.89509,0.89483,0.89509,0.89576,0.89509,0.89483,0.89509,0.89576,0.89509,0.89483,0.89509,0.89576,0.89509,0.89483,0.89509,0.89576,0.89509,0.89483,0.89509,0.89576,0.89509,0.89483,0.89509,0.89576,0.89509,0.89483,0.89509,0.89576,0.89509,0.89483,0.8961,0.89576,0.89298,0.90099,0.88929,0.89576,0.90774,0.87128,0.91896,0.89576,0.84539,1.0145,0.69929
0.84026,0.90498,0.78211,0.86798,0.84026,0.82555,0.85429,0.83284,0.84026,0.8431,0.83694,0.84122,0.84026,0.83962,0.83939,0.83962,0.84026,0.83962,0.83939,0.83962,0.84026,0.83962,0.83939,0.83962,0.84026,0.83962,0.83939,0.83962,0.84026,0.83962,0.83939,0.83962,0.84026,0.83962,0.83939,0.83962,0.84026,0.83962,0.83939,0.83962,0.84026,0.83962,0.83939,0.83962,0.84026,0.83962,0.83939,0.83962,0.84026,0.83962,0.83939,0.83962,0.84026,0.83962,0.83939,0.83962,0.84026,0.83962,0.83939,0.83962,0.84026,0.83962,0.83939,0.83962,0.84026,0.83962,0.83939,0.83962,0.84026,0.83962,0.83939,0.83962,0.84026,0.83962,0.83939,0.83962,0.84026,0.83962,0.83939,0.83962,0.84026,0.83962,0.83939,0.83962,0.84026,0.83962,0.83939,0.83962,0.84026,0.83962,0.83939,0.83962,0.84026,0.83962,0.83939,0.83962,0.84026,0.83962,0.83939,0.83962,0.84026,0.83962,0.83939,0.83962,0.84026,0.83962,0.83939,0.83962,0.84026,0.83962,0.83939,0.83962,0.84026,0.83962,0.83939,0.83962,0.84026,0.83962,0.83939,0.83962,0.84026,0.83962,0.83939,0.83962,0.84026,0.83962,0.83939,0.83962,0.84026,0.83962,0.83939,0.83962,0.84026,0.83962,0.83939,0.83962,0.84026,0.83962,0.83939,0.83962,0.84026,0.83962,0.83939,0.83962,0.84026,0.83962,0.83939,0.83962,0.84026,0.83962,0.83939,0.83962,0.84026,0.83962,0.83939,0.83962,0.84026,0.83962,0.83939,0.83962,0.84026,0.83962,0.83939,0.83962,0.84026,0.83962,0.83939,0.83962,0.84026,0.83962,0.83939,0.83962,0.84026,0.83962,0.83939,0.83962,0.84026,0.83962,0.83939,0.83962,0.84026,0.83962,0.83939,0.83962,0.84026,0.83962,0.83939,0.83962,0.84026,0.83962,0.83939,0.83962,0.84026,0.83962,0.83939,0.83962,0.84026,0.83962,0.83939,0.83962,0.84026,0.83962,0.83939,0.83962,0.84026,0.83962,0.83939,0.83962,0.84026,0.83962,0.83939,0.83962,0.84026,0.83962,0.83939,0.83962,0.84026,0.83962,0.83939,0.83962,0.84026,0.83962,0.83939,0.83962,0.84026,0.83962,0.83939,0.83962,0.84026,0.83962,0.83939,0.83962,0.84026,0.83962,0.83939,0.83962,0.84026,0.83962,0.83939,0.83962,0.84026,0.83962,0.83939,0.84057,0.84026,0.83765,0.84516,0.83419,0.84026,0.8515,0.8173,0.86202,0.84026,0.79301,0.95164,0.65596
0.80894,0.87125,0.75296,0.83563,0.80894,0.79478,0.82245,0.8018,0.80894,0.81167,0.80575,0.80987,0.80894,0.80833,0.8081,0.80833,0.80894,0.80833,0.8081,0.80833,0.80894,0.80833,0.8081,0.80833,0.80894,0.80833,0.8081,0.80833,0.80894,0.80833,0.8081,0.80833,0.80894,0.80833,0.8081,0.80833,0.80894,0.80833,0.8081,0.80833,0.80894,0.80833,0.8081,0.80833,0.80894,0.80833,0.8081,0.80833,0.80894,0.80833,0.8081,0.80833,0.80894,0.80833,0.8081,0.80833,0.80894,0.80833,0.8081,0.80833,0.80894,0.80833,0.8081,0.80833,0.80894,0.80833,0.8081,0.80833,0.80894,0.80833,0.8081,0.80833,0.80894,0.80833,0.8081,0.80833,0.80894,0.80833,0.8081,0.80833,0.80894,0.80833,0.8081,0.80833,0.80894,0.80833,0.8081,0.80833,0.80894,0.80833,0.8081,0.80833,0.80894,0.80833,0.8081,0.80833,0.80894,0.80833,0.8081,0.80833,0.80894,0.80833,0.8081,0.80833,0.80894,0.80833,0.8081,0.80833,0.80894,0.80833,0.8081,0.80833,0.80894,0.80833,0.8081,0.80833,0.80894,0.80833,0.8081,0.80833,0.80894,0.80833,0.8081,0.80833,0.80894,0.80833,0.8081,0.80833,0.80894,0.80833,0.8081,0.80833,0.80894,0.80833,0.8081,0.80833,0.80894,0.80833,0.8081,0.80833,0.80894,0.80833,0.8081,0.80833,0.80894,0.80833,0.8081,0.80833,0.80894,0.80833,0.8081,0.80833,0.80894,0.80833,0.8081,0.80833,0.80894,0.80833,0.8081,0.80833,0.80894,0.80833,0.8081,0.80833,0.80894,0.80833,0.8081,0.80833,0.80894,0.80833,0.8081,0.80833,0.80894,0.80833,0.8081,0.80833,0.80894,0.80833,0.8081,0.80833,0.80894,0.80833,0.8081,0.80833,0.80894,0.80833,0.8081,0.80833,0.80894,0.80833,0.8081,0.80833,0.80894,0.80833,0.8081,0.80833,0.80894,0.80833,0.8081,0.80833,0.80894,0.80833,0.8081,0.80833,0.80894,0.80833,0.8081,0.80833,0.80894,0.80833,0.8081,0.80833,0.80894,0.80833,0.8081,0.80833,0.80894,0.80833,0.8081,0.80833,0.80894,0.80833,0.8081,0.80833,0.80894,0.80833,0.8081,0.80833,0.80894,0.80833,0.8081,0.80833,0.80894,0.80833,0.8081,0.80833,0.80894,0.80833,0.8081,0.80833,0.80894,0.80833,0.8081,0.80924,0.80894,0.80643,0.81366,0.8031,0.80894,0.81976,0.78684,0.82989,0.80894,0.76345,0.91617,0.63152
0.5113,0.54218,0.49518,0.5002,0.41045,0.40618,0.39708,0.44677,0.58924,0.59585,0.59798,0.5582,0.43053,0.42225,0.42594,0.4521,0.55191,0.55937,0.55114,0.54068,0.49154,0.49084,0.48184,0.51164,0.58238,0.58232,0.59386,0.55402,0.44319,0.43298,0.44792,0.44508,0.46211,0.45826,0.47482,0.4387,0.37388,0.3778,0.35192,0.41404,0.5545,0.56045,0.56066,0.53184,0.45605,0.46054,0.42898,0.50759,0.69006,0.69826,0.69951,0.65327,0.49179,0.47583,0.49998,0.49561,0.53474,0.53446,0.54454,0.51058,0.42285,0.41813,0.41744,0.43933,0.50606,0.50758,0.51239,0.49033,0.45554,0.46648,0.42138,0.51021,0.67315,0.66971,0.70553,0.60457,0.35771,0.34379,0.34825,0.39916,0.58756,0.60283,0.58458,0.56745,0.46098,0.45132,0.46079,0.47449,0.54404,0.54805,0.54678,0.53052,0.48135,0.48196,0.46949,0.50285,0.56657,0.56101,0.58926,0.52343,0.38262,0.37904,0.36688,0.42062,0.56591,0.57215,0.57479,0.5348,0.41338,0.40824,0.40196,0.4448,0.57156,0.57809,0.57731,0.54608,0.4354,0.42582,0.43679,0.4454,0.50316,0.50749,0.50347,0.493,0.44528,0.44045,0.44617,0.44795,0.46239,0.46028,0.46863,0.45214,0.44187,0.45324,0.41101,0.49016,0.64138,0.64429,0.65579,0.60481,0.478,0.47693,0.45747,0.52156,0.67027,0.66935,0.69778,0.60575,0.34886,0.3237,0.36401,0.35409,0.44008,0.4566,0.41852,0.46126,0.52028,0.52767,0.50768,0.53294,0.5501,0.54025,0.57438,0.50808,0.3608,0.34718,0.36924,0.36102,0.38884,0.39208,0.38606,0.39188,0.43326,0.45388,0.38792,0.49907,0.69643,0.6997,0.71681,0.64132,0.40583,0.37786,0.43065,0.39418,0.42192,0.43503,0.39912,0.45159,0.554,0.56716,0.53483,0.57348,0.61576,0.6125,0.62658,0.59449,0.5171,0.50919,0.52304,0.5128,0.49943,0.49216,0.51544,0.47371,0.40306,0.40485,0.38711,0.43109,0.51661,0.51226,0.53931,0.47086,0.31449,0.30816,0.30096,0.3556,0.54679,0.57143,0.51915,0.56918,0.61655,0.62139,0.60645,0.62655,0.62742,0.6108,0.66544,0.56712,0.37809,0.37013,0.36693,0.41485,0.58248,0.60064,0.56767,0.58474,0.55808,0.55336,0.56035,0.55549,0.52989,0.51404,0.56446,0.47483,0.28864,0.27327,0.29675,0.29561,0.37542,0.39405,0.34831,0.40031,0.4176,0.39494,0.47232,0.32627
0.71758,0.77285,0.66792,0.74125,0.71758,0.70502,0.72956,0.71124,0.71758,0.72,0.71474,0.7184,0.71758,0.71703,0.71683,0.71703,0.71758,0.71703,0.71683,0.71703,0.71758,0.71703,0.71683,0.71703,0.71758,0.71703,0.71683,0.71703,0.71758,0.71703,0.71683,0.71703,0.71758,0.71703,0.71683,0.71703,0.71758,0.71703,0.71683,0.71703,0.71758,0.71703,0.71683,0.71703,0.71758,0.71703,0.71683,0.71703,0.71758,0.71703,0.71683,0.71703,0.71758,0.71703,0.71683,0.71703,0.71758,0.71703,0.71683,0.71703,0.71758,0.71703,0.71683,0.71703,0.71758,0.71703,0.71683,0.71703,0.71758,0.71703,0.71683,0.71703,0.71758,0.71703,0.71683,0.71703,0.71758,0.71703,0.71683,0.71703,0.71758,0.71703,0.71683,0.71703,0.71758,0.71703,0.71683,0.71703,0.71758,0.71703,0.71683,0.71703,0.71758,0.71703,0.71683,0.71703,0.71758,0.71703,0.71683,0.71703,0.71758,0.71703,0.71683,0.71703,0.71758,0.71703,0.71683,0.71703,0.71758,0.71703,0.71683,0.71703,0.71758,0.71703,0.71683,0.71746,0.71758,0.71615,0.71941,0.71461,0.71758,0.72234,0.70697,0.72703,0.71758,0.69623,0.76694,0.63505,0.34251,0.31307,0.36772,0.32959,0.34251,0.34853,0.3355,0.34527,0.34251,0.3407,0.34324,0.34153,0.34251,0.34225,0.34215,0.34225,0.34251,0.34225,0.34215,0.34225,0.34251,0.34225,0.34215,0.34225,0.34251,0.34225,0.34215,0.34225,0.34251,0.34225,0.34215,0.34225,0.34251,0.34225,0.34215,0.34225,0.34251,0.34225,0.34215,0.34225,0.34251,0.34225,0.34215,0.34225,0.34251,0.34225,0.34215,0.34225,0.34251,0.34225,0.34215,0.34225,0.34251,0.34225,0.34215,0.34225,0.34251,0.34225,0.34215,0.34225,0.34251,0.34225,0.34215,0.34225,0.34251,0.34225,0.34215,0.34225,0.34251,0.34225,0.34215,0.34225,0.34251,0.34225,0.34215,0.34225,0.34251,0.34225,0.34215,0.34225,0.34251,0.34225,0.34215,0.34225,0.34251,0.34225,0.34215,0.34225,0.34251,0.34225,0.34215,0.34225,0.34251,0.34225,0.34215,0.34225,0.34251,0.34225,0.34215,0.34225,0.34251,0.34225,0.34215,0.34225,0.34251,0.34225,0.34215,0.34225,0.34251,0.34225,0.34215,0.34225,0.34251,0.34225,0.34215,0.34263,0.34251,0.34144,0.3445,0.34003,0.34251,0.34709,0.33315,0.35137,0.34251,0.32325,0.38791,0.26738
0.58408,0.62907,0.54366,0.60335,0.58408,0.57386,0.59383,0.57892,0.58408,0.58605,0.58177,0.58475,0.58408,0.58364,0.58347,0.58364,0.58408,0.58364,0.58347,0.58364,0.58408,0.58364,0.58347,0.58364,0.58408,0.58364,0.58347,0.58364,0.58408,0.58364,0.58347,0.58364,0.58408,0.58364,0.58347,0.58364,0.58408,0.58364,0.58347,0.58364,0.58408,0.58364,0.58347,0.58364,0.58408,0.58364,0.58347,0.58364,0.58408,0.58364,0.58347,0.58364,0.58408,0.58364,0.58347,0.58364,0.58408,0.58364,0.58347,0.58364,0.58408,0.58364,0.58347,0.58364,0.58408,0.58364,0.58347,0.58364,0.58408,0.58364,0.58347,0.58364,0.58408,0.58364,0.58347,0.58364,0.58408,0.58364,0.58347,0.58364,0.58408,0.58364,0.58347,0.58364,0.58408,0.58364,0.58347,0.58364,0.58408,0.58364,0.58347,0.58364,0.58408,0.58364,0.58347,0.58364,0.58408,0.58364,0.58347,0.58364,0.58408,0.58364,0.58347,0.58364,0.58408,0.58364,0.58347,0.58364,0.58408,0.58364,0.58347,0.58364,0.58408,0.58364,0.58347,0.58334,0.58408,0.58425,0.58169,0.58531,0.58408,0.57997,0.59029,0.57673,0.58408,0.59802,0.54884,0.6403,0.84332,0.86285,0.82478,0.85144,0.84332,0.83834,0.84705,0.84059,0.84332,0.84376,0.8417,0.84318,0.84332,0.84269,0.84245,0.84269,0.84332,0.84269,0.84245,0.84269,0.84332,0.84269,0.84245,0.84269,0.84332,0.84269,0.84245,0.84269,0.84332,0.84269,0.84245,0.84269,0.84332,0.84269,0.84245,0.84269,0.84332,0.84269,0.84245,0.84269,0.84332,0.84269,0.84245,0.84269,0.84332,0.84269,0.84245,0.84269,0.84332,0.84269,0.84245,0.84269,0.84332,0.84269,0.84245,0.84269,0.84332,0.84269,0.84245,0.84269,0.84332,0.84269,0.84245,0.84269,0.84332,0.84269,0.84245,0.84269,0.84332,0.84269,0.84245,0.84269,0.84332,0.84269,0.84245,0.84269,0.84332,0.84269,0.84245,0.84269,0.84332,0.84269,0.84245,0.84269,0.84332,0.84269,0.84245,0.84269,0.84332,0.84269,0.84245,0.84269,0.84332,0.84269,0.84245,0.84269,0.84332,0.84269,0.84245,0.84269,0.84332,0.84269,0.84245,0.84269,0.84332,0.84269,0.84245,0.84269,0.84332,0.84269,0.84245,0.84269,0.84332,0.84269,0.84245,0.84364,0.84332,0.8407,0.84824,0.83723,0.84332,0.8546,0.82028,0.86516,0.84332,0.7959,0.95511,0.65836
0.78198,0.84221,0.72787,0.80778,0.78198,0.76829,0.79504,0.77507,0.78198,0.78462,0.77889,0.78287,0.78198,0.78139,0.78117,0.78139,0.78198,0.78139,0.78117,0.78139,0.78198,0.78139,0.78117,0.78139,0.78198,0.78139,0.78117,0.78139,0.78198,0.78139,0.78117,0.78139,0.78198,0.78139,0.78117,0.78139,0.78198,0.78139,0.78117,0.78139,0.78198,0.78139,0.78117,0.78139,0.78198,0.78139,0.78117,0.78139,0.78198,0.78139,0.78117,0.78139,0.78198,0.78139,0.78117,0.78139,0.78198,0.78139,0.78117,0.78139,0.78198,0.78139,0.78117,0.78139,0.78198,0.78139,0.78117,0.78139,0.78198,0.78139,0.78117,0.78139,0.78198,0.78139,0.78117,0.78139,0.78198,0.78139,0.78117,0.78139,0.78198,0.78139,0.78117,0.78139,0.78198,0.78139,0.78117,0.78139,0.78198,0.78139,0.78117,0.78139,0.78198,0.78139,0.78117,0.78139,0.78198,0.78139,0.78117,0.78139,0.78198,0.78139,0.78117,0.78139,0.78198,0.78139,0.78117,0.78139,0.78198,0.78139,0.78117,0.78139,0.78198,0.78139,0.78117,0.78183,0.78198,0.78046,0.78388,0.77884,0.78198,0.78696,0.77081,0.79189,0.78198,0.75953,0.83382,0.69525,0.38789,0.35695,0.41435,0.3743,0.38789,0.3942,0.3805,0.39078,0.38789,0.38597,0.38864,0.38685,0.38789,0.3876,0.38749,0.3876,0.38789,0.3876,0.38749,0.3876,0.38789,0.3876,0.38749,0.3876,0.38789,0.3876,0.38749,0.3876,0.38789,0.3876,0.38749,0.3876,0.38789,0.3876,0.38749,0.3876,0.38789,0.3876,0.38749,0.3876,0.38789,0.3876,0.38749,0.3876,0.38789,0.3876,0.38749,0.3876,0.38789,0.3876,0.38749,0.3876,0.38789,0.3876,0.38749,0.3876,0.38789,0.3876,0.38749,0.3876,0.38789,0.3876,0.38749,0.3876,0.38789,0.3876,0.38749,0.3876,0.38789,0.3876,0.38749,0.3876,0.38789,0.3876,0.38749,0.3876,0.38789,0.3876,0.38749,0.3876,0.38789,0.3876,0.38749,0.3876,0.38789,0.3876,0.38749,0.3876,0.38789,0.3876,0.38749,0.3876,0.38789,0.3876,0.38749,0.3876,0.38789,0.3876,0.38749,0.3876,0.38789,0.3876,0.38749,0.3876,0.38789,0.3876,0.38749,0.3876,0.38789,0.3876,0.38749,0.3876,0.38789,0.3876,0.38749,0.38804,0.38789,0.38669,0.39016,0.38509,0.38789,0.39308,0.37729,0.39794,0.38789,0.36608,0.43931,0.30282
0.76751,0.82663,0.7144,0.79284,0.76751,0.75408,0.78033,0.76074,0.76751,0.7701,0.76448,0.76839,0.76751,0.76693,0.76672,0.76693,0.76751,0.76693,0.76672,0.76693,0.76751,0.76693,0.76672,0.76693,0.76751,0.76693,0.76672,0.76693,0.76751,0.76693,0.76672,0.76693,0.76751,0.76693,0.76672,0.76693,0.76751,0.76693,0.76672,0.76693,0.76751,0.76693,0.76672,0.76693,0.76751,0.76693,0.76672,0.76693,0.76751,0.76693,0.76672,0.76693,0.76751,0.76693,0.76672,0.76693,0.76751,0.76693,0.76672,0.76693,0.76751,0.76693,0.76672,0.76693,0.76751,0.76693,0.76672,0.76693,0.76751,0.76693,0.76672,0.76693,0.76751,0.76693,0.76672,0.76693,0.76751,0.76693,0.76672,0.76693,0.76751,0.76693,0.76672,0.76693,0.76751,0.76693,0.76672,0.76693,0.76751,0.76693,0.76672,0.76693,0.76751,0.76693,0.76672,0.76693,0.76751,0.76693,0.76672,0.76693,0.76751,0.76693,0.76672,0.76693,0.76751,0.76693,0.76672,0.76693,0.76751,0.76693,0.76672,0.76693,0.76751,0.76693,0.76672,0.76693,0.76751,0.76693,0.76672,0.76693,0.76751,0.76693,0.76672,0.76693,0.76751,0.76693,0.76672,0.76693,0.76751,0.76693,0.76672,0.76693,0.76751,0.76693,0.76672,0.76693,0.76751,0.76693,0.76672,0.76693,0.76751,0.76693,0.76672,0.76693,0.76751,0.76693,0.76672,0.76693,0.76751,0.76693,0.76672,0.76693,0.76751,0.76693,0.76672,0.76693,0.76751,0.76693,0.76672,0.76693,0.76751,0.76693,0.76672,0.76693,0.76751,0.76693,0.76672,0.76693,0.76751,0.76693,0.76672,0.76693,0.76751,0.76693,0.76672,0.76693,0.76751,0.76693,0.76672,0.76693,0.76751,0.76693,0.76672,0.76693,0.76751,0.76693,0.76672,0.76693,0.76751,0.76693,0.76672,0.76693,0.76751,0.76693,0.76672,0.76693,0.76751,0.76693,0.76672,0.76693,0.76751,0.76693,0.76672,0.76693,0.76751,0.76693,0.76672,0.76693,0.76751,0.76693,0.76672,0.76693,0.76751,0.76693,0.76672,0.76693,0.76751,0.76693,0.76672,0.76693,0.76751,0.76693,0.76672,0.76693,0.76751,0.76693,0.76672,0.76693,0.76751,0.76693,0.76672,0.76693,0.76751,0.76693,0.76672,0.76693,0.76751,0.76693,0.76672,0.76693,0.76751,0.76693,0.76672,0.7678,0.76751,0.76513,0.77199,0.76197,0.76751,0.77778,0.74654,0.78739,0.76751,0.72435,0.86925,0.59917
0.74852,0.80618,0.69673,0.77322,0.74852,0.73542,0.76102,0.74192,0.74852,0.75105,0.74557,0.74938,0.74852,0.74796,0.74775,0.74796,0.74852,0.74796,0.74775,0.74796,0.74852,0.74796,0.74775,0.74796,0.74852,0.74796,0.74775,0.74796,0.74852,0.74796,0.74775,0.74796,0.74852,0.74796,0.74775,0.74796,0.74852,0.74796,0.74775,0.74796,0.74852,0.74796,0.74775,0.74796,0.74852,0.74796,0.74775,0.74796,0.74852,0.74796,0.74775,0.74796,0.74852,0.74796,0.74775,0.74796,0.74852,0.74796,0.74775,0.74796,0.74852,0.74796,0.74775,0.74796,0.74852,0.74796,0.74775,0.74796,0.74852,0.74796,0.74775,0.74796,0.74852,0.74796,0.74775,0.74796,0.74852,0.74796,0.74775,0.74796,0.74852,0.74796,0.74775,0.74796,0.74852,0.74796,0.74775,0.74796,0.74852,0.74796,0.74775,0.74796,0.74852,0.74796,0.74775,0.74796,0.74852,0.74796,0.74775,0.74796,0.74852,0.74796,0.74775,0.74796,0.74852,0.74796,0.74775,0.74796,0.74852,0.74796,0.74775,0.74796,0.74852,0.74796,0.74775,0.74796,0.74852,0.74796,0.74775,0.74796,0.74852,0.74796,0.74775,0.74796,0.74852,0.74796,0.74775,0.74796,0.74852,0.74796,0.74775,0.74796,0.74852,0.74796,0.74775,0.74796,0.74852,0.74796,0.74775,0.74796,0.74852,0.74796,0.74775,0.74796,0.74852,0.74796,0.74775,0.74796,0.74852,0.74796,0.74775,0.74796,0.74852,0.74796,0.74775,0.74796,0.74852,0.74796,0.74775,0.74796,0.74852,0.74796,0.74775,0.74796,0.74852,0.74796,0.74775,0.74796,0.74852,0.74796,0.74775,0.74796,0.74852,0.74796,0.74775,0.74796,0.74852,0.74796,0.74775,0.74796,0.74852,0.74796,0.74775,0.74796,0.74852,0.74796,0.74775,0.74796,0.74852,0.74796,0.74775,0.74796,0.74852,0.74796,0.74775,0.74796,0.74852,0.74796,0.74775,0.74796,0.74852,0.74796,0.74775,0.74796,0.74852,0.74796,0.74775,0.74796,0.74852,0.74796,0.74775,0.74796,0.74852,0.74796,0.74775,0.74796,0.74852,0.74796,0.74775,0.74796,0.74852,0.74796,0.74775,0.74796,0.74852,0.74796,0.74775,0.74796,0.74852,0.74796,0.74775,0.74796,0.74852,0.74796,0.74775,0.74796,0.74852,0.74796,0.74775,0.74796,0.74852,0.74796,0.74775,0.74881,0.74852,0.7462,0.75289,0.74312,0.74852,0.75854,0.72807,0.76791,0.74852,0.70643,0.84775,0.58435
0.61453,0.66186,0.572,0.6348,0.61453,0.60377,0.62479,0.6091,0.61453,0.6166,0.6121,0.61523,0.61453,0.61406,0.61389,0.61406,0.61453,0.61406,0.61389,0.61406,0.61453,0.61406,0.61389,0.61406,0.61453,0.61406,0.61389,0.61406,0.61453,0.61406,0.61389,0.61406,0.61453,0.61406,0.61389,0.61406,0.61453,0.61406,0.61389,0.61406,0.61453,0.61406,0.61389,0.61406,0.61453,0.61406,0.61389,0.61406,0.61453,0.61406,0.61389,0.61406,0.61453,0.61406,0.61389,0.61406,0.61453,0.61406,0.61389,0.61406,0.61453,0.61406,0.61389,0.61406,0.61453,0.61406,0.61389,0.61406,0.61453,0.61406,0.61389,0.61406,0.61453,0.61406,0.61389,0.61406,0.61453,0.61406,0.61389,0.61406,0.61453,0.61406,0.61389,0.61406,0.61453,0.61406,0.61389,0.61406,0.61453,0.61406,0.61389,0.61406,0.61453,0.61406,0.61389,0.61406,0.61453,0.61406,0.61389,0.61406,0.61453,0.61406,0.61389,0.61406,0.61453,0.61406,0.61389,0.61406,0.61453,0.61406,0.61389,0.61406,0.61453,0.61406,0.61389,0.61386,0.61453,0.61448,0.61267,0.61521,0.61453,0.61156,0.61855,0.60934,0.61453,0.62389,0.59022,0.65279,0.79169,0.80487,0.7788,0.79707,0.79169,0.78813,0.79402,0.78966,0.79169,0.79183,0.79036,0.79143,0.79169,0.79109,0.79087,0.79109,0.79169,0.79109,0.79087,0.79109,0.79169,0.79109,0.79087,0.79109,0.79169,0.79109,0.79087,0.79109,0.79169,0.79109,0.79087,0.79109,0.79169,0.79109,0.79087,0.79109,0.79169,0.79109,0.79087,0.79109,0.79169,0.79109,0.79087,0.79109,0.79169,0.79109,0.79087,0.79109,0.79169,0.79109,0.79087,0.79109,0.79169,0.79109,0.79087,0.79109,0.79169,0.79109,0.79087,0.79109,0.79169,0.79109,0.79087,0.79109,0.79169,0.79109,0.79087,0.79109,0.79169,0.79109,0.79087,0.79109,0.79169,0.79109,0.79087,0.79109,0.79169,0.79109,0.79087,0.79109,0.79169,0.79109,0.79087,0.79109,0.79169,0.79109,0.79087,0.79109,0.79169,0.79109,0.79087,0.79109,0.79169,0.79109,0.79087,0.79109,0.79169,0.79109,0.79087,0.79109,0.79169,0.79109,0.79087,0.79109,0.79169,0.79109,0.79087,0.79109,0.79169,0.79109,0.79087,0.79109,0.79169,0.79109,0.79087,0.79199,0.79169,0.78924,0.79631,0.78598,0.79169,0.80228,0.77006,0.81219,0.79169,0.74717,0.89664,0.61805
0.23459,0.25266,0.21836,0.24233,0.23459,0.23048,0.23851,0.23252,0.23459,0.23538,0.23366,0.23486,0.23459,0.23441,0.23435,0.23441,0.23459,0.23441,0.23435,0.23441,0.23459,0.23441,0.23435,0.23441,0.23459,0.23441,0.23435,0.23441,0.23459,0.23441,0.23435,0.23441,0.23459,0.23441,0.23435,0.23441,0.23459,0.23441,0.23435,0.23441,0.23459,0.23441,0.23435,0.23441,0.23459,0.23441,0.23435,0.23441,0.23459,0.23441,0.23435,0.23441,0.23459,0.23441,0.23435,0.23441,0.23459,0.23441,0.23435,0.23441,0.23459,0.23441,0.23435,0.23441,0.23459,0.23441,0.23435,0.23441,0.23459,0.23441,0.23435,0.23441,0.23459,0.23441,0.23435,0.23441,0.23459,0.23441,0.23435,0.23441,0.23459,0.23441,0.23435,0.23441,0.23459,0.23441,0.23435,0.23441,0.23459,0.23441,0.23435,0.23441,0.23459,0.23441,0.23435,0.23441,0.23459,0.23441,0.23435,0.23441,0.23459,0.23441,0.23435,0.23441,0.23459,0.23441,0.23435,0.23441,0.23459,0.23441,0.23435,0.23441,0.23459,0.23441,0.23435,0.23377,0.23459,0.23575,0.23043,0.2381,0.23459,0.22635,0.24935,0.2192,0.23459,0.26607,0.15811,0.35914,0.80523,0.84901,0.7655,0.82388,0.80523,0.79507,0.81452,0.80002,0.80523,0.80698,0.80274,0.80571,0.80523,0.80462,0.8044,0.80462,0.80523,0.80462,0.8044,0.80462,0.80523,0.80462,0.8044,0.80462,0.80523,0.80462,0.8044,0.80462,0.80523,0.80462,0.8044,0.80462,0.80523,0.80462,0.8044,0.80462,0.80523,0.80462,0.8044,0.80462,0.80523,0.80462,0.8044,0.80462,0.80523,0.80462,0.8044,0.80462,0.80523,0.80462,0.8044,0.80462,0.80523,0.80462,0.8044,0.80462,0.80523,0.80462,0.8044,0.80462,0.80523,0.80462,0.8044,0.80462,0.80523,0.80462,0.8044,0.80462,0.80523,0.80462,0.8044,0.80462,0.80523,0.80462,0.8044,0.80462,0.80523,0.80462,0.8044,0.80462,0.80523,0.80462,0.8044,0.80462,0.80523,0.80462,0.8044,0.80462,0.80523,0.80462,0.8044,0.80462,0.80523,0.80462,0.8044,0.80462,0.80523,0.80462,0.8044,0.80462,0.80523,0.80462,0.8044,0.80462,0.80523,0.80462,0.8044,0.80462,0.80523,0.80462,0.8044,0.80462,0.80523,0.80462,0.8044,0.80553,0.80523,0.80273,0.80993,0.79942,0.80523,0.816,0.78323,0.82608,0.80523,0.75995,0.91197,0.62862
0.84455,0.9096,0.78611,0.87242,0.84455,0.82977,0.85865,0.83709,0.84455,0.8474,0.84122,0.84552,0.84455,0.84391,0.84368,0.84391,0.84455,0.84391,0.84368,0.84391,0.84455,0.84391,0.84368,0.84391,0.84455,0.84391,0.84368,0.84391,0.84455,0.84391,0.84368,0.84391,0.84455,0.84391,0.84368,0.84391,0.84455,0.84391,0.84368,0.84391,0.84455,0.84391,0.84368,0.84391,0.84455,0.84391,0.84368,0.84391,0.84455,0.84391,0.84368,0.84391,0.84455,0.84391,0.84368,0.84391,0.84455,0.84391,0.84368,0.84391,0.84455,0.84391,0.84368,0.84391,0.84455,0.84391,0.84368,0.84391,0.84455,0.84391,0.84368,0.84391,0.84455,0.84391,0.84368,0.84391,0.84455,0.84391,0.84368,0.84391,0.84455,0.84391,0.84368,0.84391,0.84455,0.84391,0.84368,0.84391,0.84455,0.84391,0.84368,0.84391,0.84455,0.84391,0.84368,0.84391,0.84455,0.84391,0.84368,0.84391,0.84455,0.84391,0.84368,0.84391,0.84455,0.84391,0.84368,0.84391,0.84455,0.84391,0.84368,0.84391,0.84455,0.84391,0.84368,0.84391,0.84455,0.84391,0.84368,0.84391,0.84455,0.84391,0.84368,0.84391,0.84455,0.84391,0.84368,0.84391,0.84455,0.84391,0.84368,0.84391,0.84455,0.84391,0.84368,0.84391,0.84455,0.84391,0.84368,0.84391,0.84455,0.84391,0.84368,0.84391,0.84455,0.84391,0.84368,0.84391,0.84455,0.84391,0.84368,0.84391,0.84455,0.84391,0.84368,0.84391,0.84455,0.84391,0.84368,0.84391,0.84455,0.84391,0.84368,0.84391,0.84455,0.84391,0.84368,0.84391,0.84455,0.84391,0.84368,0.84391,0.84455,0.84391,0.84368,0.84391,0.84455,0.84391,0.84368,0.84391,0.84455,0.84391,0.84368,0.84391,0.84455,0.84391,0.84368,0.84391,0.84455,0.84391,0.84368,0.84391,0.84455,0.84391,0.84368,0.84391,0.84455,0.84391,0.84368,0.84391,0.84455,0.84391,0.84368,0.84391,0.84455,0.84391,0.84368,0.84391,0.84455,0.84391,0.84368,0.84391,0.84455,0.84391,0.84368,0.84391,0.84455,0.84391,0.84368,0.84391,0.84455,0.84391,0.84368,0.84391,0.84455,0.84391,0.84368,0.84391,0.84455,0.84391,0.84368,0.84391,0.84455,0.84391,0.84368,0.84391,0.84455,0.84391,0.84368,0.84391,0.84455,0.84391,0.84368,0.84487,0.84455,0.84193,0.84948,0.83845,0.84455,0.85585,0.82147,0.86642,0.84455,0.79706,0.9565,0.65931
0.74604,0.80351,0.69442,0.77066,0.74604,0.73299,0.7585,0.73946,0.74604,0.74856,0.7431,0.7469,0.74604,0.74548,0.74527,0.74548,0.74604,0.74548,0.74527,0.74548,0.74604,0.74548,0.74527,0.74548,0.74604,0.74548,0.74527,0.74548,0.74604,0.74548,0.74527,0.74548,0.74604,0.74548,0.74527,0.74548,0.74604,0.74548,0.74527,0.74548,0.74604,0.74548,0.74527,0.74548,0.74604,0.74548,0.74527,0.74548,0.74604,0.74548,0.74527,0.74548,0.74604,0.74548,0.74527,0.74548,0.74604,0.74548,0.74527,0.74548,0.74604,0.74548,0.74527,0.74548,0.74604,0.74548,0.74527,0.74548,0.74604,0.74548,0.74527,0.74548,0.74604,0.74548,0.74527,0.74548,0.74604,0.74548,0.74527,0.74548,0.74604,0.74548,0.74527,0.74548,0.74604,0.74548,0.74527,0.74548,0.74604,0.74548,0.74527,0.74548,0.74604,0.74548,0.74527,0.74548,0.74604,0.74548,0.74527,0.74548,0.74604,0.74548,0.74527,0.74548,0.74604,0.74548,0.74527,0.74548,0.74604,0.74548,0.74527,0.74548,0.74604,0.74548,0.74527,0.74593,0.74604,0.74454,0.74802,0.74289,0.74604,0.75113,0.73475,0.75614,0.74604,0.72328,0.79873,0.65802,0.34589,0.31451,0.37281,0.33212,0.34589,0.35233,0.33844,0.34886,0.34589,0.34398,0.3467,0.34487,0.34589,0.34563,0.34553,0.34563,0.34589,0.34563,0.34553,0.34563,0.34589,0.34563,0.34553,0.34563,0.34589,0.34563,0.34553,0.34563,0.34589,0.34563,0.34553,0.34563,0.34589,0.34563,0.34553,0.34563,0.34589,0.34563,0.34553,0.34563,0.34589,0.34563,0.34553,0.34563,0.34589,0.34563,0.34553,0.34563,0.34589,0.34563,0.34553,0.34563,0.34589,0.34563,0.34553,0.34563,0.34589,0.34563,0.34553,0.34563,0.34589,0.34563,0.34553,0.34563,0.34589,0.34563,0.34553,0.34563,0.34589,0.34563,0.34553,0.34563,0.34589,0.34563,0.34553,0.34563,0.34589,0.34563,0.34553,0.34563,0.34589,0.34563,0.34553,0.34563,0.34589,0.34563,0.34553,0.34563,0.34589,0.34563,0.34553,0.34563,0.34589,0.34563,0.34553,0.34563,0.34589,0.34563,0.34553,0.34563,0.34589,0.34563,0.34553,0.34563,0.34589,0.34563,0.34553,0.34563,0.34589,0.34563,0.34553,0.34563,0.34589,0.34563,0.34553,0.34602,0.34589,0.34482,0.34791,0.34339,0.34589,0.35052,0.33644,0.35485,0.34589,0.32644,0.39174,0.27003
0.11692,0.12593,0.10883,0.12078,0.11692,0.11488,0.11887,0.11589,0.11692,0.11732,0.11646,0.11706,0.11692,0.11683,0.1168,0.11683,0.11692,0.11683,0.1168,0.11683,0.11692,0.11683,0.1168,0.11683,0.11692,0.11683,0.1168,0.11683,0.11692,0.11683,0.1168,0.11683,0.11692,0.11683,0.1168,0.11683,0.11692,0.11683,0.1168,0.11683,0.11692,0.11683,0.1168,0.11683,0.11692,0.11683,0.1168,0.11683,0.11692,0.11683,0.1168,0.11683,0.11692,0.11683,0.1168,0.11683,0.11692,0.11683,0.1168,0.11683,0.11692,0.11683,0.1168,0.11683,0.11692,0.11683,0.1168,0.11683,0.11692,0.11683,0.1168,0.11683,0.11692,0.11683,0.1168,0.11683,0.11692,0.11683,0.1168,0.11683,0.11692,0.11683,0.1168,0.11683,0.11692,0.11683,0.1168,0.11683,0.11692,0.11683,0.1168,0.11683,0.11692,0.11683,0.1168,0.11683,0.11692,0.11683,0.1168,0.11683,0.11692,0.11683,0.1168,0.11683,0.11692,0.11683,0.1168,0.11683,0.11692,0.11683,0.1168,0.11683,0.11692,0.11683,0.1168,0.11598,0.11692,0.11862,0.11158,0.12175,0.11692,0.10609,0.13678,0.096581,0.11692,0.15899,0.015278,0.28294,0.87688,0.93533,0.82417,0.90187,0.87688,0.8635,0.88945,0.87009,0.87688,0.87936,0.87376,0.87767,0.87688,0.87622,0.87598,0.87622,0.87688,0.87622,0.87598,0.87622,0.87688,0.87622,0.87598,0.87622,0.87688,0.87622,0.87598,0.87622,0.87688,0.87622,0.87598,0.87622,0.87688,0.87622,0.87598,0.87622,0.87688,0.87622,0.87598,0.87622,0.87688,0.87622,0.87598,0.87622,0.87688,0.87622,0.87598,0.87622,0.87688,0.87622,0.87598,0.87622,0.87688,0.87622,0.87598,0.87622,0.87688,0.87622,0.87598,0.87622,0.87688,0.87622,0.87598,0.87622,0.87688,0.87622,0.87598,0.87622,0.87688,0.87622,0.87598,0.87622,0.87688,0.87622,0.87598,0.87622,0.87688,0.87622,0.87598,0.87622,0.87688,0.87622,0.87598,0.87622,0.87688,0.87622,0.87598,0.87622,0.87688,0.87622,0.87598,0.87622,0.87688,0.87622,0.87598,0.87622,0.87688,0.87622,0.87598,0.87622,0.87688,0.87622,0.87598,0.87622,0.87688,0.87622,0.87598,0.87622,0.87688,0.87622,0.87598,0.87622,0.87688,0.87622,0.87598,0.87721,0.87688,0.87416,0.882,0.87055,0.87688,0.88861,0.85292,0.89959,0.87688,0.82758,0.99312,0.68456
0.80192,0.86368,0.74643,0.82838,0.80192,0.78788,0.81531,0.79484,0.80192,0.80463,0.79875,0.80284,0.80192,0.80131,0.80109,0.80131,0.80192,0.80131,0.80109,0.80131,0.80192,0.80131,0.80109,0.80131,0.80192,0.80131,0.80109,0.80131,0.80192,0.80131,0.80109,0.80131,0.80192,0.80131,0.80109,0.80131,0.80192,0.80131,0.80109,0.80131,0.80192,0.80131,0.80109,0.80131,0.80192,0.80131,0.80109,0.80131,0.80192,0.80131,0.80109,0.80131,0.80192,0.80131,0.80109,0.80131,0.80192,0.80131,0.80109,0.80131,0.80192,0.80131,0.80109,0.80131,0.80192,0.80131,0.80109,0.80131,0.80192,0.80131,0.80109,0.80131,0.80192,0.80131,0.80109,0.80131,0.80192,0.80131,0.80109,0.80131,0.80192,0.80131,0.80109,0.80131,0.80192,0.80131,0.80109,0.80131,0.80192,0.80131,0.80109,0.80131,0.80192,0.80131,0.80109,0.80131,0.80192,0.80131,0.80109,0.80131,0.80192,0.80131,0.80109,0.80131,0.80192,0.80131,0.80109,0.80131,0.80192,0.80131,0.80109,0.80131,0.80192,0.80131,0.80109,0.80131,0.80192,0.80131,0.80109,0.80131,0.80192,0.80131,0.80109,0.80131,0.80192,0.80131,0.80109,0.80131,0.80192,0.80131,0.80109,0.80131,0.80192,0.80131,0.80109,0.80131,0.80192,0.80131,0.80109,0.80131,0.80192,0.80131,0.80109,0.80131,0.80192,0.80131,0.80109,0.80131,0.80192,0.80131,0.80109,0.80131,0.80192,0.80131,0.80109,0.80131,0.80192,0.80131,0.80109,0.80131,0.80192,0.80131,0.80109,0.80131,0.80192,0.80131,0.80109,0.80131,0.80192,0.80131,0.80109,0.80131,0.80192,0.80131,0.80109,0.80131,0.80192,0.80131,0.80109,0.80131,0.80192,0.80131,0.80109,0.80131,0.80192,0.80131,0.80109,0.80131,0.80192,0.80131,0.80109,0.80131,0.80192,0.80131,0.80109,0.80131,0.80192,0.80131,0.80109,0.80131,0.80192,0.80131,0.80109,0.80131,0.80192,0.80131,0.80109,0.80131,0.80192,0.80131,0.80109,0.80131,0.80192,0.80131,0.80109,0.80131,0.80192,0.80131,0.80109,0.80131,0.80192,0.80131,0.80109,0.80131,0.80192,0.80131,0.80109,0.80131,0.80192,0.80131,0.80109,0.80131,0.80192,0.80131,0.80109,0.80131,0.80192,0.80131,0.80109,0.80131,0.80192,0.80131,0.80109,0.80222,0.80192,0.79943,0.8066,0.79613,0.80192,0.81265,0.78001,0.82268,0.80192,0.75682,0.90822,0.62603
0.82179,0.88509,0.76492,0.84891,0.82179,0.80741,0.83551,0.81454,0.82179,0.82457,0.81855,0.82273,0.82179,0.82117,0.82094,0.82117,0.82179,0.82117,0.82094,0.82117,0.82179,0.82117,0.82094,0.82117,0.82179,0.82117,0.82094,0.82117,0.82179,0.82117,0.82094,0.82117,0.82179,0.82117,0.82094,0.82117,0.82179,0.82117,0.82094,0.82117,0.82179,0.82117,0.82094,0.82117,0.82179,0.82117,0.82094,0.82117,0.82179,0.82117,0.82094,0.82117,0.82179,0.82117,0.82094,0.82117,0.82179,0.82117,0.82094,0.82117,0.82179,0.82117,0.82094,0.82117,0.82179,0.82117,0.82094,0.82117,0.82179,0.82117,0.82094,0.82117,0.82179,0.82117,0.82094,0.82117,0.82179,0.82117,0.82094,0.82117,0.82179,0.82117,0.82094,0.82117,0.82179,0.82117,0.82094,0.82117,0.82179,0.82117,0.82094,0.82117,0.82179,0.82117,0.82094,0.82117,0.82179,0.82117,0.82094,0.82117,0.82179,0.82117,0.82094,0.82117,0.82179,0.82117,0.82094,0.82117,0.82179,0.82117,0.82094,0.82117,0.82179,0.82117,0.82094,0.82117,0.82179,0.82117,0.82094,0.82117,0.82179,0.82117,0.82094,0.82117,0.82179,0.82117,0.82094,0.82117,0.82179,0.82117,0.82094,0.82117,0.82179,0.82117,0.82094,0.82117,0.82179,0.82117,0.82094,0.82117,0.82179,0.82117,0.82094,0.82117,0.82179,0.82117,0.82094,0.82117,0.82179,0.82117,0.82094,0.82117,0.82179,0.82117,0.82094,0.82117,0.82179,0.82117,0.82094,0.82117,0.82179,0.82117,0.82094,0.82117,0.82179,0.82117,0.82094,0.82117,0.82179,0.82117,0.82094,0.82117,0.82179,0.82117,0.82094,0.82117,0.82179,0.82117,0.82094,0.82117,0.82179,0.82117,0.82094,0.82117,0.82179,0.82117,0.82094,0.82117,0.82179,0.82117,0.82094,0.82117,0.82179,0.82117,0.82094,0.82117,0.82179,0.82117,0.82094,0.82117,0.82179,0.82117,0.82094,0.82117,0.82179,0.82117,0.82094,0.82117,0.82179,0.82117,0.82094,0.82117,0.82179,0.82117,0.82094,0.82117,0.82179,0.82117,0.82094,0.82117,0.82179,0.82117,0.82094,0.82117,0.82179,0.82117,0.82094,0.82117,0.82179,0.82117,0.82094,0.82117,0.82179,0.82117,0.82094,0.82117,0.82179,0.82117,0.82094,0.82117,0.82179,0.82117,0.82094,0.8221,0.82179,0.81924,0.82659,0.81586,0.82179,0.83279,0.79934,0.84307,0.82179,0.77558,0.93073,0.64155
0.19326,0.20815,0.17989,0.19964,0.19326,0.18988,0.19649,0.19156,0.19326,0.19392,0.1925,0.19348,0.19326,0.19312,0.19306,0.19312,0.19326,0.19312,0.19306,0.19312,0.19326,0.19312,0.19306,0.19312,0.19326,0.19312,0.19306,0.19312,0.19326,0.19312,0.19306,0.19312,0.19326,0.19312,0.19306,0.19312,0.19326,0.19312,0.19306,0.19312,0.19326,0.19312,0.19306,0.19312,0.19326,0.19312,0.19306,0.19312,0.19326,0.19312,0.19306,0.19312,0.19326,0.19312,0.19306,0.19312,0.19326,0.19312,0.19306,0.19312,0.19326,0.19312,0.19306,0.19312,0.19326,0.19312,0.19306,0.19312,0.19326,0.19312,0.19306,0.19312,0.19326,0.19312,0.19306,0.19312,0.19326,0.19312,0.19306,0.19312,0.19326,0.19312,0.19306,0.19312,0.19326,0.19312,0.19306,0.19312,0.19326,0.19312,0.19306,0.19312,0.19326,0.19312,0.19306,0.19312,0.19326,0.19312,0.19306,0.19312,0.19326,0.19312,0.19306,0.19312,0.19326,0.19312,0.19306,0.19312,0.19326,0.19312,0.19306,0.19312,0.19326,0.19312,0.19306,0.19244,0.19326,0.19452,0.18895,0.19699,0.19326,0.18465,0.20881,0.17715,0.19326,0.22635,0.11304,0.32405,0.79227,0.83826,0.75062,0.81189,0.79227,0.78164,0.80207,0.78684,0.79227,0.79415,0.78971,0.79281,0.79227,0.79167,0.79145,0.79167,0.79227,0.79167,0.79145,0.79167,0.79227,0.79167,0.79145,0.79167,0.79227,0.79167,0.79145,0.79167,0.79227,0.79167,0.79145,0.79167,0.79227,0.79167,0.79145,0.79167,0.79227,0.79167,0.79145,0.79167,0.79227,0.79167,0.79145,0.79167,0.79227,0.79167,0.79145,0.79167,0.79227,0.79167,0.79145,0.79167,0.79227,0.79167,0.79145,0.79167,0.79227,0.79167,0.79145,0.79167,0.79227,0.79167,0.79145,0.79167,0.79227,0.79167,0.79145,0.79167,0.79227,0.79167,0.79145,0.79167,0.79227,0.79167,0.79145,0.79167,0.79227,0.79167,0.79145,0.79167,0.79227,0.79167,0.79145,0.79167,0.79227,0.79167,0.79145,0.79167,0.79227,0.79167,0.79145,0.79167,0.79227,0.79167,0.79145,0.79167,0.79227,0.79167,0.79145,0.79167,0.79227,0.79167,0.79145,0.79167,0.79227,0.79167,0.79145,0.79167,0.79227,0.79167,0.79145,0.79167,0.79227,0.79167,0.79145,0.79257,0.79227,0.78981,0.7969,0.78655,0.79227,0.80287,0.77062,0.81279,0.79227,0.74772,0.89729,0.6185
0.74325,0.80049,0.69181,0.76777,0.74325,0.73024,0.75566,0.73668,0.74325,0.74576,0.74031,0.7441,0.74325,0.74269,0.74248,0.74269,0.74325,0.74269,0.74248,0.74269,0.74325,0.74269,0.74248,0.74269,0.74325,0.74269,0.74248,0.74269,0.74325,0.74269,0.74248,0.74269,0.74325,0.74269,0.74248,0.74269,0.74325,0.74269,0.74248,0.74269,0.74325,0.74269,0.74248,0.74269,0.74325,0.74269,0.74248,0.74269,0.74325,0.74269,0.74248,0.74269,0.74325,0.74269,0.74248,0.74269,0.74325,0.74269,0.74248,0.74269,0.74325,0.74269,0.74248,0.74269,0.74325,0.74269,0.74248,0.74269,0.74325,0.74269,0.74248,0.74269,0.74325,0.74269,0.74248,0.74269,0.74325,0.74269,0.74248,0.74269,0.74325,0.74269,0.74248,0.74269,0.74325,0.74269,0.74248,0.74269,0.74325,0.74269,0.74248,0.74269,0.74325,0.74269,0.74248,0.74269,0.74325,0.74269,0.74248,0.74269,0.74325,0.74269,0.74248,0.74269,0.74325,0.74269,0.74248,0.74269,0.74325,0.74269,0.74248,0.74269,0.74325,0.74269,0.74248,0.74269,0.74325,0.74269,0.74248,0.74269,0.74325,0.74269,0.74248,0.74269,0.74325,0.74269,0.74248,0.74269,0.74325,0.74269,0.74248,0.74269,0.74325,0.74269,0.74248,0.74269,0.74325,0.74269,0.74248,0.74269,0.74325,0.74269,0.74248,0.74269,0.74325,0.74269,0.74248,0.74269,0.74325,0.74269,0.74248,0.74269,0.74325,0.74269,0.74248,0.74269,0.74325,0.74269,0.74248,0.74269,0.74325,0.74269,0.74248,0.74269,0.74325,0.74269,0.74248,0.74269,0.74325,0.74269,0.74248,0.74269,0.74325,0.74269,0.74248,0.74269,0.74325,0.74269,0.74248,0.74269,0.74325,0.74269,0.74248,0.74269,0.74325,0.74269,0.74248,0.74269,0.74325,0.74269,0.74248,0.74269,0.74325,0.74269,0.74248,0.74269,0.74325,0.74269,0.74248,0.74269,0.74325,0.74269,0.74248,0.74269,0.74325,0.74269,0.74248,0.74269,0.74325,0.74269,0.74248,0.74269,0.74325,0.74269,0.74248,0.74269,0.74325,0.74269,0.74248,0.74269,0.74325,0.74269,0.74248,0.74269,0.74325,0.74269,0.74248,0.74269,0.74325,0.74269,0.74248,0.74269,0.74325,0.74269,0.74248,0.74269,0.74325,0.74269,0.74248,0.74269,0.74325,0.74269,0.74248,0.74353,0.74325,0.74094,0.74758,0.73788,0.74325,0.75319,0.72294,0.76249,0.74325,0.70145,0.84177,0.58023
0.36516,0.39329,0.33989,0.37721,0.36516,0.35877,0.37126,0.36194,0.36516,0.36639,0.36372,0.36558,0.36516,0.36488,0.36478,0.36488,0.36516,0.36488,0.36478,0.36488,0.36516,0.36488,0.36478,0.36488,0.36516,0.36488,0.36478,0.36488,0.36516,0.36488,0.36478,0.36488,0.36516,0.36488,0.36478,0.36488,0.36516,0.36488,0.36478,0.36488,0.36516,0.36488,0.36478,0.36488,0.36516,0.36488,0.36478,0.36488,0.36516,0.36488,0.36478,0.36488,0.36516,0.36488,0.36478,0.36488,0.36516,0.36488,0.36478,0.36488,0.36516,0.36488,0.36478,0.36488,0.36516,0.36488,0.36478,0.36488,0.36516,0.36488,0.36478,0.36488,0.36516,0.36488,0.36478,0.36488,0.36516,0.36488,0.36478,0.36488,0.36516,0.36488,0.36478,0.36488,0.36516,0.36488,0.36478,0.36488,0.36516,0.36488,0.36478,0.36488,0.36516,0.36488,0.36478,0.36488,0.36516,0.36488,0.36478,0.36488,0.36516,0.36488,0.36478,0.36488,0.36516,0.36488,0.36478,0.36488,0.36516,0.36488,0.36478,0.36488,0.36516,0.36488,0.36478,0.36445,0.36516,0.36579,0.36212,0.36739,0.36516,0.35941,0.37496,0.35457,0.36516,0.38636,0.31308,0.44948,0.7522,0.78174,0.72504,0.7647,0.7522,0.74515,0.75829,0.74851,0.7522,0.75323,0.7503,0.75237,0.7522,0.75163,0.75142,0.75163,0.7522,0.75163,0.75142,0.75163,0.7522,0.75163,0.75142,0.75163,0.7522,0.75163,0.75142,0.75163,0.7522,0.75163,0.75142,0.75163,0.7522,0.75163,0.75142,0.75163,0.7522,0.75163,0.75142,0.75163,0.7522,0.75163,0.75142,0.75163,0.7522,0.75163,0.75142,0.75163,0.7522,0.75163,0.75142,0.75163,0.7522,0.75163,0.75142,0.75163,0.7522,0.75163,0.75142,0.75163,0.7522,0.75163,0.75142,0.75163,0.7522,0.75163,0.75142,0.75163,0.7522,0.75163,0.75142,0.75163,0.7522,0.75163,0.75142,0.75163,0.7522,0.75163,0.75142,0.75163,0.7522,0.75163,0.75142,0.75163,0.7522,0.75163,0.75142,0.75163,0.7522,0.75163,0.75142,0.75163,0.7522,0.75163,0.75142,0.75163,0.7522,0.75163,0.75142,0.75163,0.7522,0.75163,0.75142,0.75163,0.7522,0.75163,0.75142,0.75163,0.7522,0.75163,0.75142,0.75163,0.7522,0.75163,0.75142,0.75248,0.7522,0.74987,0.75659,0.74677,0.7522,0.76226,0.73165,0.77168,0.7522,0.7099,0.85191,0.58722
0.36935,0.3978,0.34379,0.38154,0.36935,0.36289,0.37552,0.36609,0.36935,0.3706,0.3679,0.36978,0.36935,0.36908,0.36897,0.36908,0.36935,0.36908,0.36897,0.36908,0.36935,0.36908,0.36897,0.36908,0.36935,0.36908,0.36897,0.36908,0.36935,0.36908,0.36897,0.36908,0.36935,0.36908,0.36897,0.36908,0.36935,0.36908,0.36897,0.36908,0.36935,0.36908,0.36897,0.36908,0.36935,0.36908,0.36897,0.36908,0.36935,0.36908,0.36897,0.36908,0.36935,0.36908,0.36897,0.36908,0.36935,0.36908,0.36897,0.36908,0.36935,0.36908,0.36897,0.36908,0.36935,0.36908,0.36897,0.36908,0.36935,0.36908,0.36897,0.36908,0.36935,0.36908,0.36897,0.36908,0.36935,0.36908,0.36897,0.36908,0.36935,0.36908,0.36897,0.36908,0.36935,0.36908,0.36897,0.36908,0.36935,0.36908,0.36897,0.36908,0.36935,0.36908,0.36897,0.36908,0.36935,0.36908,0.36897,0.36908,0.36935,0.36908,0.36897,0.36908,0.36935,0.36908,0.36897,0.36908,0.36935,0.36908,0.36897,0.36908,0.36935,0.36908,0.36897,0.36856,0.36935,0.37014,0.36585,0.37201,0.36935,0.36265,0.38092,0.35696,0.36935,0.39429,0.30825,0.46843,0.82392,0.85866,0.79208,0.83864,0.82392,0.81569,0.83113,0.81963,0.82392,0.82518,0.82175,0.82416,0.82392,0.8233,0.82307,0.8233,0.82392,0.8233,0.82307,0.8233,0.82392,0.8233,0.82307,0.8233,0.82392,0.8233,0.82307,0.8233,0.82392,0.8233,0.82307,0.8233,0.82392,0.8233,0.82307,0.8233,0.82392,0.8233,0.82307,0.8233,0.82392,0.8233,0.82307,0.8233,0.82392,0.8233,0.82307,0.8233,0.82392,0.8233,0.82307,0.8233,0.82392,0.8233,0.82307,0.8233,0.82392,0.8233,0.82307,0.8233,0.82392,0.8233,0.82307,0.8233,0.82392,0.8233,0.82307,0.8233,0.82392,0.8233,0.82307,0.8233,0.82392,0.8233,0.82307,0.8233,0.82392,0.8233,0.82307,0.8233,0.82392,0.8233,0.82307,0.8233,0.82392,0.8233,0.82307,0.8233,0.82392,0.8233,0.82307,0.8233,0.82392,0.8233,0.82307,0.8233,0.82392,0.8233,0.82307,0.8233,0.82392,0.8233,0.82307,0.8233,0.82392,0.8233,0.82307,0.8233,0.82392,0.8233,0.82307,0.8233,0.82392,0.8233,0.82307,0.82423,0.82392,0.82136,0.82873,0.81797,0.82392,0.83494,0.80141,0.84526,0.82392,0.77759,0.93314,0.64321
0.56636,0.60999,0.52717,0.58505,0.56636,0.55645,0.57582,0.56136,0.56636,0.56828,0.56413,0.56701,0.56636,0.56594,0.56578,0.56594,0.56636,0.56594,0.56578,0.56594,0.56636,0.56594,0.56578,0.56594,0.56636,0.56594,0.56578,0.56594,0.56636,0.56594,0.56578,0.56594,0.56636,0.56594,0.56578,0.56594,0.56636,0.56594,0.56578,0.56594,0.56636,0.56594,0.56578,0.56594,0.56636,0.56594,0.56578,0.56594,0.56636,0.56594,0.56578,0.56594,0.56636,0.56594,0.56578,0.56594,0.56636,0.56594,0.56578,0.56594,0.56636,0.56594,0.56578,0.56594,0.56636,0.56594,0.56578,0.56594,0.56636,0.56594,0.56578,0.56594,0.56636,0.56594,0.56578,0.56594,0.56636,0.56594,0.56578,0.56594,0.56636,0.56594,0.56578,0.56594,0.56636,0.56594,0.56578,0.56594,0.56636,0.56594,0.56578,0.56594,0.56636,0.56594,0.56578,0.56594,0.56636,0.56594,0.56578,0.56594,0.56636,0.56594,0.56578,0.56594,0.56636,0.56594,0.56578,0.56594,0.56636,0.56594,0.56578,0.56594,0.56636,0.56594,0.56578,0.5656,0.56636,0.56663,0.56376,0.56784,0.56636,0.56178,0.5735,0.5581,0.56636,0.58224,0.52652,0.63017,0.86024,0.88245,0.83932,0.86951,0.86024,0.85467,0.86456,0.85722,0.86024,0.86081,0.85849,0.86015,0.86024,0.85959,0.85935,0.85959,0.86024,0.85959,0.85935,0.85959,0.86024,0.85959,0.85935,0.85959,0.86024,0.85959,0.85935,0.85959,0.86024,0.85959,0.85935,0.85959,0.86024,0.85959,0.85935,0.85959,0.86024,0.85959,0.85935,0.85959,0.86024,0.85959,0.85935,0.85959,0.86024,0.85959,0.85935,0.85959,0.86024,0.85959,0.85935,0.85959,0.86024,0.85959,0.85935,0.85959,0.86024,0.85959,0.85935,0.85959,0.86024,0.85959,0.85935,0.85959,0.86024,0.85959,0.85935,0.85959,0.86024,0.85959,0.85935,0.85959,0.86024,0.85959,0.85935,0.85959,0.86024,0.85959,0.85935,0.85959,0.86024,0.85959,0.85935,0.85959,0.86024,0.85959,0.85935,0.85959,0.86024,0.85959,0.85935,0.85959,0.86024,0.85959,0.85935,0.85959,0.86024,0.85959,0.85935,0.85959,0.86024,0.85959,0.85935,0.85959,0.86024,0.85959,0.85935,0.85959,0.86024,0.85959,0.85935,0.85959,0.86024,0.85959,0.85935,0.86056,0.86024,0.85757,0.86526,0.85403,0.86024,0.87175,0.83673,0.88252,0.86024,0.81187,0.97427,0.67156
0.79812,0.85959,0.74289,0.82445,0.79812,0.78415,0.81144,0.79107,0.79812,0.80081,0.79496,0.79903,0.79812,0.79751,0.79729,0.79751,0.79812,0.79751,0.79729,0.79751,0.79812,0.79751,0.79729,0.79751,0.79812,0.79751,0.79729,0.79751,0.79812,0.79751,0.79729,0.79751,0.79812,0.79751,0.79729,0.79751,0.79812,0.79751,0.79729,0.79751,0.79812,0.79751,0.79729,0.79751,0.79812,0.79751,0.79729,0.79751,0.79812,0.79751,0.79729,0.79751,0.79812,0.79751,0.79729,0.79751,0.79812,0.79751,0.79729,0.79751,0.79812,0.79751,0.79729,0.79751,0.79812,0.79751,0.79729,0.79751,0.79812,0.79751,0.79729,0.79751,0.79812,0.79751,0.79729,0.79751,0.79812,0.79751,0.79729,0.79751,0.79812,0.79751,0.79729,0.79751,0.79812,0.79751,0.79729,0.79751,0.79812,0.79751,0.79729,0.79751,0.79812,0.79751,0.79729,0.79751,0.79812,0.79751,0.79729,0.79751,0.79812,0.79751,0.79729,0.79751,0.79812,0.79751,0.79729,0.79751,0.79812,0.79751,0.79729,0.79751,0.79812,0.79751,0.79729,0.79783,0.79812,0.79686,0.7992,0.79572,0.79812,0.80144,0.78999,0.80492,0.79812,0.7821,0.8344,0.7368,0.52033,0.49833,0.53873,0.51056,0.52033,0.52459,0.51487,0.52218,0.52033,0.51879,0.5206,0.51941,0.52033,0.51994,0.51979,0.51994,0.52033,0.51994,0.51979,0.51994,0.52033,0.51994,0.51979,0.51994,0.52033,0.51994,0.51979,0.51994,0.52033,0.51994,0.51979,0.51994,0.52033,0.51994,0.51979,0.51994,0.52033,0.51994,0.51979,0.51994,0.52033,0.51994,0.51979,0.51994,0.52033,0.51994,0.51979,0.51994,0.52033,0.51994,0.51979,0.51994,0.52033,0.51994,0.51979,0.51994,0.52033,0.51994,0.51979,0.51994,0.52033,0.51994,0.51979,0.51994,0.52033,0.51994,0.51979,0.51994,0.52033,0.51994,0.51979,0.51994,0.52033,0.51994,0.51979,0.51994,0.52033,0.51994,0.51979,0.51994,0.52033,0.51994,0.51979,0.51994,0.52033,0.51994,0.51979,0.51994,0.52033,0.51994,0.51979,0.51994,0.52033,0.51994,0.51979,0.51994,0.52033,0.51994,0.51979,0.51994,0.52033,0.51994,0.51979,0.51994,0.52033,0.51994,0.51979,0.51994,0.52033,0.51994,0.51979,0.51994,0.52033,0.51994,0.51979,0.52053,0.52033,0.51872,0.52337,0.51658,0.52033,0.52729,0.50611,0.53381,0.52033,0.49107,0.58931,0.40621
0.28684,0.30893,0.26699,0.2963,0.28684,0.28182,0.29163,0.28431,0.28684,0.28781,0.28571,0.28717,0.28684,0.28662,0.28654,0.28662,0.28684,0.28662,0.28654,0.28662,0.28684,0.28662,0.28654,0.28662,0.28684,0.28662,0.28654,0.28662,0.28684,0.28662,0.28654,0.28662,0.28684,0.28662,0.28654,0.28662,0.28684,0.28662,0.28654,0.28662,0.28684,0.28662,0.28654,0.28662,0.28684,0.28662,0.28654,0.28662,0.28684,0.28662,0.28654,0.28662,0.28684,0.28662,0.28654,0.28662,0.28684,0.28662,0.28654,0.28662,0.28684,0.28662,0.28654,0.28662,0.28684,0.28662,0.28654,0.28662,0.28684,0.28662,0.28654,0.28662,0.28684,0.28662,0.28654,0.28662,0.28684,0.28662,0.28654,0.28662,0.28684,0.28662,0.28654,0.28662,0.28684,0.28662,0.28654,0.28662,0.28684,0.28662,0.28654,0.28662,0.28684,0.28662,0.28654,0.28662,0.28684,0.28662,0.28654,0.28662,0.28684,0.28662,0.28654,0.28662,0.28684,0.28662,0.28654,0.28662,0.28684,0.28662,0.28654,0.28662,0.28684,0.28662,0.28654,0.28616,0.28684,0.28758,0.28374,0.28927,0.28684,0.28085,0.29729,0.27573,0.28684,0.30929,0.23195,0.37595,0.69549,0.72675,0.66692,0.70876,0.69549,0.68813,0.70202,0.69167,0.69549,0.69666,0.69358,0.69575,0.69549,0.69497,0.69477,0.69497,0.69549,0.69497,0.69477,0.69497,0.69549,0.69497,0.69477,0.69497,0.69549,0.69497,0.69477,0.69497,0.69549,0.69497,0.69477,0.69497,0.69549,0.69497,0.69477,0.69497,0.69549,0.69497,0.69477,0.69497,0.69549,0.69497,0.69477,0.69497,0.69549,0.69497,0.69477,0.69497,0.69549,0.69497,0.69477,0.69497,0.69549,0.69497,0.69477,0.69497,0.69549,0.69497,0.69477,0.69497,0.69549,0.69497,0.69477,0.69497,0.69549,0.69497,0.69477,0.69497,0.69549,0.69497,0.69477,0.69497,0.69549,0.69497,0.69477,0.69497,0.69549,0.69497,0.69477,0.69497,0.69549,0.69497,0.69477,0.69497,0.69549,0.69497,0.69477,0.69497,0.69549,0.69497,0.69477,0.69497,0.69549,0.69497,0.69477,0.69497,0.69549,0.69497,0.69477,0.69497,0.69549,0.69497,0.69477,0.69497,0.69549,0.69497,0.69477,0.69497,0.69549,0.69497,0.69477,0.69497,0.69549,0.69497,0.69477,0.69575,0.69549,0.69333,0.69955,0.69047,0.69549,0.7048,0.67649,0.7135,0.69549,0.65639,0.78769,0.54295
0.85114,0.9167,0.79224,0.87922,0.85114,0.83624,0.86535,0.84362,0.85114,0.85401,0.84778,0.85211,0.85114,0.85049,0.85026,0.85049,0.85114,0.85049,0.85026,0.85049,0.85114,0.85049,0.85026,0.85049,0.85114,0.85049,0.85026,0.85049,0.85114,0.85049,0.85026,0.85049,0.85114,0.85049,0.85026,0.85049,0.85114,0.85049,0.85026,0.85049,0.85114,0.85049,0.85026,0.85049,0.85114,0.85049,0.85026,0.85049,0.85114,0.85049,0.85026,0.85049,0.85114,0.85049,0.85026,0.85049,0.85114,0.85049,0.85026,0.85049,0.85114,0.85049,0.85026,0.85049,0.85114,0.85049,0.85026,0.85049,0.85114,0.85049,0.85026,0.85049,0.85114,0.85049,0.85026,0.85049,0.85114,0.85049,0.85026,0.85049,0.85114,0.85049,0.85026,0.85049,0.85114,0.85049,0.85026,0.85049,0.85114,0.85049,0.85026,0.85049,0.85114,0.85049,0.85026,0.85049,0.85114,0.85049,0.85026,0.85049,0.85114,0.85049,0.85026,0.85049,0.85114,0.85049,0.85026,0.85049,0.85114,0.85049,0.85026,0.85049,0.85114,0.85049,0.85026,0.85049,0.85114,0.85049,0.85026,0.85049,0.85114,0.85049,0.85026,0.85049,0.85114,0.85049,0.85026,0.85049,0.85114,0.85049,0.85026,0.85049,0.85114,0.85049,0.85026,0.85049,0.85114,0.85049,0.85026,0.85049,0.85114,0.85049,0.85026,0.85049,0.85114,0.85049,0.85026,0.85049,0.85114,0.85049,0.85026,0.85049,0.85114,0.85049,0.85026,0.85049,0.85114,0.85049,0.85026,0.85049,0.85114,0.85049,0.85026,0.85049,0.85114,0.85049,0.85026,0.85049,0.85114,0.85049,0.85026,0.85049,0.85114,0.85049,0.85026,0.85049,0.85114,0.85049,0.85026,0.85049,0.85114,0.85049,0.85026,0.85049,0.85114,0.85049,0.85026,0.85049,0.85114,0.85049,0.85026,0.85049,0.85114,0.85049,0.85026,0.85049,0.85114,0.85049,0.85026,0.85049,0.85114,0.85049,0.85026,0.85049,0.85114,0.85049,0.85026,0.85049,0.85114,0.85049,0.85026,0.85049,0.85114,0.85049,0.85026,0.85049,0.85114,0.85049,0.85026,0.85049,0.85114,0.85049,0.85026,0.85049,0.85114,0.85049,0.85026,0.85049,0.85114,0.85049,0.85026,0.85049,0.85114,0.85049,0.85026,0.85049,0.85114,0.85049,0.85026,0.85049,0.85114,0.85049,0.85026,0.85146,0.85114,0.8485,0.85611,0.84499,0.85114,0.86252,0.82788,0.87318,0.85114,0.80328,0.96396,0.66446
0.89878,0.96801,0.83659,0.92844,0.89878,0.88305,0.91379,0.89085,0.89878,0.90182,0.89524,0.89981,0.89878,0.89811,0.89785,0.89811,0.89878,0.89811,0.89785,0.89811,0.89878,0.89811,0.89785,0.89811,0.89878,0.89811,0.89785,0.89811,0.89878,0.89811,0.89785,0.89811,0.89878,0.89811,0.89785,0.89811,0.89878,0.89811,0.89785,0.89811,0.89878,0.89811,0.89785,0.89811,0.89878,0.89811,0.89785,0.89811,0.89878,0.89811,0.89785,0.89811,0.89878,0.89811,0.89785,0.89811,0.89878,0.89811,0.89785,0.89811,0.89878,0.89811,0.89785,0.89811,0.89878,0.89811,0.89785,0.89811,0.89878,0.89811,0.89785,0.89811,0.89878,0.89811,0.89785,0.89811,0.89878,0.89811,0.89785,0.89811,0.89878,0.89811,0.89785,0.89811,0.89878,0.89811,0.89785,0.89811,0.89878,0.89811,0.89785,0.89811,0.89878,0.89811,0.89785,0.89811,0.89878,0.89811,0.89785,0.89811,0.89878,0.89811,0.89785,0.89811,0.89878,0.89811,0.89785,0.89811,0.89878,0.89811,0.89785,0.89811,0.89878,0.89811,0.89785,0.89901,0.89878,0.89623,0.90333,0.89295,0.89878,0.90937,0.8769,0.91934,0.89878,0.8539,1.0043,0.72393,0.10193,0.039871,0.15614,0.074955,0.10193,0.11519,0.087691,0.10828,0.10193,0.098556,0.10414,0.10033,0.10193,0.10185,0.10182,0.10185,0.10193,0.10185,0.10182,0.10185,0.10193,0.10185,0.10182,0.10185,0.10193,0.10185,0.10182,0.10185,0.10193,0.10185,0.10182,0.10185,0.10193,0.10185,0.10182,0.10185,0.10193,0.10185,0.10182,0.10185,0.10193,0.10185,0.10182,0.10185,0.10193,0.10185,0.10182,0.10185,0.10193,0.10185,0.10182,0.10185,0.10193,0.10185,0.10182,0.10185,0.10193,0.10185,0.10182,0.10185,0.10193,0.10185,0.10182,0.10185,0.10193,0.10185,0.10182,0.10185,0.10193,0.10185,0.10182,0.10185,0.10193,0.10185,0.10182,0.10185,0.10193,0.10185,0.10182,0.10185,0.10193,0.10185,0.10182,0.10185,0.10193,0.10185,0.10182,0.10185,0.10193,0.10185,0.10182,0.10185,0.10193,0.10185,0.10182,0.10185,0.10193,0.10185,0.10182,0.10185,0.10193,0.10185,0.10182,0.10185,0.10193,0.10185,0.10182,0.10185,0.10193,0.10185,0.10182,0.10185,0.10193,0.10185,0.10182,0.10196,0.10193,0.10161,0.10252,0.10119,0.10193,0.10329,0.099141,0.10457,0.10193,0.096195,0.11544,0.079571
0.79183,0.85282,0.73704,0.81796,0.79183,0.77798,0.80506,0.78484,0.79183,0.79451,0.78871,0.79274,0.79183,0.79124,0.79101,0.79124,0.79183,0.79124,0.79101,0.79124,0.79183,0.79124,0.79101,0.79124,0.79183,0.79124,0.79101,0.79124,0.79183,0.79124,0.79101,0.79124,0.79183,0.79124,0.79101,0.79124,0.79183,0.79124,0.79101,0.79124,0.79183,0.79124,0.79101,0.79124,0.79183,0.79124,0.79101,0.79124,0.79183,0.79124,0.79101,0.79124,0.79183,0.79124,0.79101,0.79124,0.79183,0.79124,0.79101,0.79124,0.79183,0.79124,0.79101,0.79124,0.79183,0.79124,0.79101,0.79124,0.79183,0.79124,0.79101,0.79124,0.79183,0.79124,0.79101,0.79124,0.79183,0.79124,0.79101,0.79124,0.79183,0.79124,0.79101,0.79124,0.79183,0.79124,0.79101,0.79124,0.79183,0.79124,0.79101,0.79124,0.79183,0.79124,0.79101,0.79124,0.79183,0.79124,0.79101,0.79124,0.79183,0.79124,0.79101,0.79124,0.79183,0.79124,0.79101,0.79124,0.79183,0.79124,0.79101,0.79124,0.79183,0.79124,0.79101,0.79124,0.79183,0.79124,0.79101,0.79124,0.79183,0.79124,0.79101,0.79124,0.79183,0.79124,0.79101,0.79124,0.79183,0.79124,0.79101,0.79124,0.79183,0.79124,0.79101,0.79124,0.79183,0.79124,0.79101,0.79124,0.79183,0.79124,0.79101,0.79124,0.79183,0.79124,0.79101,0.79124,0.79183,0.79124,0.79101,0.79124,0.79183,0.79124,0.79101,0.79124,0.79183,0.79124,0.79101,0.79124,0.79183,0.79124,0.79101,0.79124,0.79183,0.79124,0.79101,0.79124,0.79183,0.79124,0.79101,0.79124,0.79183,0.79124,0.79101,0.79124,0.79183,0.79124,0.79101,0.79124,0.79183,0.79124,0.79101,0.79124,0.79183,0.79124,0.79101,0.79124,0.79183,0.79124,0.79101,0.79124,0.79183,0.79124,0.79101,0.79124,0.79183,0.79124,0.79101,0.79124,0.79183,0.79124,0.79101,0.79124,0.79183,0.79124,0.79101,0.79124,0.79183,0.79124,0.79101,0.79124,0.79183,0.79124,0.79101,0.79124,0.79183,0.79124,0.79101,0.79124,0.79183,0.79124,0.79101,0.79124,0.79183,0.79124,0.79101,0.79124,0.79183,0.79124,0.79101,0.79124,0.79183,0.79124,0.79101,0.79124,0.79183,0.79124,0.79101,0.79124,0.79183,0.79124,0.79101,0.79213,0.79183,0.78938,0.79646,0.78612,0.79183,0.80243,0.7702,0.81234,0.79183,0.74731,0.8968,0.61816
0.82615,0.88978,0.76898,0.85341,0.82615,0.81169,0.83994,0.81885,0.82615,0.82894,0.82288,0.82709,0.82615,0.82552,0.82529,0.82552,0.82615,0.82552,0.82529,0.82552,0.82615,0.82552,0.82529,0.82552,0.82615,0.82552,0.82529,0.82552,0.82615,0.82552,0.82529,0.82552,0.82615,0.82552,0.82529,0.82552,0.82615,0.82552,0.82529,0.82552,0.82615,0.82552,0.82529,0.82552,0.82615,0.82552,0.82529,0.82552,0.82615,0.82552,0.82529,0.82552,0.82615,0.82552,0.82529,0.82552,0.82615,0.82552,0.82529,0.82552,0.82615,0.82552,0.82529,0.82552,0.82615,0.82552,0.82529,0.82552,0.82615,0.82552,0.82529,0.82552,0.82615,0.82552,0.82529,0.82552,0.82615,0.82552,0.82529,0.82552,0.82615,0.82552,0.82529,0.82552,0.82615,0.82552,0.82529,0.82552,0.82615,0.82552,0.82529,0.82552,0.82615,0.82552,0.82529,0.82552,0.82615,0.82552,0.82529,0.82552,0.82615,0.82552,0.82529,0.82552,0.82615,0.82552,0.82529,0.82552,0.82615,0.82552,0.82529,0.82552,0.82615,0.82552,0.82529,0.8257,0.82615,0.82516,0.82635,0.82453,0.82615,0.82769,0.82125,0.82962,0.82615,0.817,0.84582,0.79193,0.67247,0.66001,0.68225,0.66677,0.67247,0.67453,0.66905,0.6732,0.67247,0.67132,0.67222,0.67167,0.67247,0.67196,0.67177,0.67196,0.67247,0.67196,0.67177,0.67196,0.67247,0.67196,0.67177,0.67196,0.67247,0.67196,0.67177,0.67196,0.67247,0.67196,0.67177,0.67196,0.67247,0.67196,0.67177,0.67196,0.67247,0.67196,0.67177,0.67196,0.67247,0.67196,0.67177,0.67196,0.67247,0.67196,0.67177,0.67196,0.67247,0.67196,0.67177,0.67196,0.67247,0.67196,0.67177,0.67196,0.67247,0.67196,0.67177,0.67196,0.67247,0.67196,0.67177,0.67196,0.67247,0.67196,0.67177,0.67196,0.67247,0.67196,0.67177,0.67196,0.67247,0.67196,0.67177,0.67196,0.67247,0.67196,0.67177,0.67196,0.67247,0.67196,0.67177,0.67196,0.67247,0.67196,0.67177,0.67196,0.67247,0.67196,0.67177,0.67196,0.67247,0.67196,0.67177,0.67196,0.67247,0.67196,0.67177,0.67196,0.67247,0.67196,0.67177,0.67196,0.67247,0.67196,0.67177,0.67196,0.67247,0.67196,0.67177,0.67196,0.67247,0.67196,0.67177,0.67272,0.67247,0.67038,0.67639,0.66761,0.67247,0.68146,0.65409,0.68988,0.67247,0.63465,0.76161,0.52497
0.28891,0.31116,0.26892,0.29844,0.28891,0.28385,0.29373,0.28636,0.28891,0.28989,0.28777,0.28924,0.28891,0.28869,0.28861,0.28869,0.28891,0.28869,0.28861,0.28869,0.28891,0.28869,0.28861,0.28869,0.28891,0.28869,0.28861,0.28869,0.28891,0.28869,0.28861,0.28869,0.28891,0.28869,0.28861,0.28869,0.28891,0.28869,0.28861,0.28869,0.28891,0.28869,0.28861,0.28869,0.28891,0.28869,0.28861,0.28869,0.28891,0.28869,0.28861,0.28869,0.28891,0.28869,0.28861,0.28869,0.28891,0.28869,0.28861,0.28869,0.28891,0.28869,0.28861,0.28869,0.28891,0.28869,0.28861,0.28869,0.28891,0.28869,0.28861,0.28869,0.28891,0.28869,0.28861,0.28869,0.28891,0.28869,0.28861,0.28869,0.28891,0.28869,0.28861,0.28869,0.28891,0.28869,0.28861,0.28869,0.28891,0.28869,0.28861,0.28869,0.28891,0.28869,0.28861,0.28869,0.28891,0.28869,0.28861,0.28869,0.28891,0.28869,0.28861,0.28869,0.28891,0.28869,0.28861,0.28869,0.28891,0.28869,0.28861,0.28869,0.28891,0.28869,0.28861,0.2881,0.28891,0.28993,0.285,0.29209,0.28891,0.28127,0.30242,0.2747,0.28891,0.31782,0.21847,0.40346,0.81396,0.85418,0.77733,0.83107,0.81396,0.80455,0.82243,0.80911,0.81396,0.81552,0.81159,0.81434,0.81396,0.81335,0.81312,0.81335,0.81396,0.81335,0.81312,0.81335,0.81396,0.81335,0.81312,0.81335,0.81396,0.81335,0.81312,0.81335,0.81396,0.81335,0.81312,0.81335,0.81396,0.81335,0.81312,0.81335,0.81396,0.81335,0.81312,0.81335,0.81396,0.81335,0.81312,0.81335,0.81396,0.81335,0.81312,0.81335,0.81396,0.81335,0.81312,0.81335,0.81396,0.81335,0.81312,0.81335,0.81396,0.81335,0.81312,0.81335,0.81396,0.81335,0.81312,0.81335,0.81396,0.81335,0.81312,0.81335,0.81396,0.81335,0.81312,0.81335,0.81396,0.81335,0.81312,0.81335,0.81396,0.81335,0.81312,0.81335,0.81396,0.81335,0.81312,0.81335,0.81396,0.81335,0.81312,0.81335,0.81396,0.81335,0.81312,0.81335,0.81396,0.81335,0.81312,0.81335,0.81396,0.81335,0.81312,0.81335,0.81396,0.81335,0.81312,0.81335,0.81396,0.81335,0.81312,0.81335,0.81396,0.81335,0.81312,0.81335,0.81396,0.81335,0.81312,0.81427,0.81396,0.81143,0.81871,0.80808,0.81396,0.82485,0.79172,0.83504,0.81396,0.76819,0.92186,0.63543
0.61196,0.6591,0.56961,0.63215,0.61196,0.60125,0.62218,0.60656,0.61196,0.61403,0.60954,0.61266,0.61196,0.6115,0.61133,0.6115,0.61196,0.6115,0.61133,0.6115,0.61196,0.6115,0.61133,0.6115,0.61196,0.6115,0.61133,0.6115,0.61196,0.6115,0.61133,0.6115,0.61196,0.6115,0.61133,0.6115,0.61196,0.6115,0.61133,0.6115,0.61196,0.6115,0.61133,0.6115,0.61196,0.6115,0.61133,0.6115,0.61196,0.6115,0.61133,0.61134,0.61196,0.61183,0.61034,0.61242,0.61196,0.60948,0.61509,0.60768,0.61196,0.61944,0.59221,0.64278,0.75508,0.76564,0.74454,0.75934,0.75508,0.75211,0.75684,0.75336,0.75508,0.7551,0.75388,0.75478,0.75508,0.75451,0.7543,0.75451,0.75508,0.75451,0.7543,0.75451,0.75508,0.75451,0.7543,0.75451,0.75508,0.75451,0.7543,0.75451,0.75508,0.75451,0.7543,0.75451,0.75508,0.75451,0.7543,0.75451,0.75508,0.75451,0.7543,0.75451,0.75508,0.75451,0.7543,0.75451,0.75508,0.75451,0.7543,0.75451,0.75508,0.75451,0.7543,0.75464,0.75508,0.75423,0.75511,0.75375,0.75508,0.75618,0.7512,0.75765,0.75508,0.74797,0.77005,0.72874,0.63719,0.62754,0.64456,0.63273,0.63719,0.63868,0.63444,0.63766,0.63719,0.63622,0.63687,0.63648,0.63719,0.63671,0.63653,0.63671,0.63719,0.63671,0.63653,0.63671,0.63719,0.63671,0.63653,0.63671,0.63719,0.63671,0.63653,0.63671,0.63719,0.63671,0.63653,0.63671,0.63719,0.63671,0.63653,0.63671,0.63719,0.63671,0.63653,0.63671,0.63719,0.63671,0.63653,0.63671,0.63719,0.63671,0.63653,0.63671,0.63719,0.63671,0.63653,0.63669,0.63719,0.63674,0.63641,0.63681,0.63719,0.63647,0.63696,0.63627,0.63719,0.63762,0.63433,0.6403,0.65364,0.65443,0.65185,0.65371,0.65364,0.65287,0.65326,0.65302,0.65364,0.65322,0.65292,0.65318,0.65364,0.65315,0.65297,0.65315,0.65364,0.65315,0.65297,0.65315,0.65364,0.65315,0.65297,0.65315,0.65364,0.65315,0.65297,0.65315,0.65364,0.65315,0.65297,0.65315,0.65364,0.65315,0.65297,0.65315,0.65364,0.65315,0.65297,0.65315,0.65364,0.65315,0.65297,0.65315,0.65364,0.65315,0.65297,0.65315,0.65364,0.65315,0.65297,0.65389,0.65364,0.65161,0.65746,0.64892,0.65364,0.66239,0.63578,0.67057,0.65364,0.61689,0.74029,0.51028
0.41773,0.4499,0.38882,0.43151,0.41773,0.41042,0.4247,0.41404,0.41773,0.41914,0.41608,0.41821,0.41773,0.41741,0.41729,0.41741,0.41773,0.41741,0.41729,0.41741,0.41773,0.41741,0.41729,0.41741,0.41773,0.41741,0.41729,0.41741,0.41773,0.41741,0.41729,0.41741,0.41773,0.41741,0.41729,0.41741,0.41773,0.41741,0.41729,0.41741,0.41773,0.41741,0.41729,0.41741,0.41773,0.41741,0.41729,0.41741,0.41773,0.41741,0.41729,0.41734,0.41773,0.41755,0.41688,0.4178,0.41773,0.41655,0.41889,0.41579,0.41773,0.42078,0.40917,0.4307,0.47853,0.4829,0.47389,0.48022,0.47853,0.47715,0.47911,0.47768,0.47853,0.47842,0.47786,0.47828,0.47853,0.47817,0.47803,0.47817,0.47853,0.47817,0.47803,0.47817,0.47853,0.47817,0.47803,0.47817,0.47853,0.47817,0.47803,0.47817,0.47853,0.47817,0.47803,0.47817,0.47853,0.47817,0.47803,0.47817,0.47853,0.47817,0.47803,0.47817,0.47853,0.47817,0.47803,0.47817,0.47853,0.47817,0.47803,0.47817,0.47853,0.47817,0.47803,0.47788,0.47853,0.47877,0.47627,0.47983,0.47853,0.47454,0.48478,0.47133,0.47853,0.4924,0.44375,0.53426,0.73514,0.75455,0.71689,0.74325,0.73514,0.73029,0.73893,0.73252,0.73514,0.73565,0.73364,0.73508,0.73514,0.73459,0.73438,0.73459,0.73514,0.73459,0.73438,0.73459,0.73514,0.73459,0.73438,0.73459,0.73514,0.73459,0.73438,0.73459,0.73514,0.73459,0.73438,0.73459,0.73514,0.73459,0.73438,0.73459,0.73514,0.73459,0.73438,0.73459,0.73514,0.73459,0.73438,0.73459,0.73514,0.73459,0.73438,0.73459,0.73514,0.73459,0.73438,0.73506,0.73514,0.73361,0.73724,0.7319,0.73514,0.74046,0.72346,0.74566,0.73514,0.71155,0.78987,0.6438,0.31979,0.28724,0.34777,0.30553,0.31979,0.3265,0.31209,0.3229,0.31979,0.31783,0.32067,0.31876,0.31979,0.31955,0.31946,0.31955,0.31979,0.31955,0.31946,0.31955,0.31979,0.31955,0.31946,0.31955,0.31979,0.31955,0.31946,0.31955,0.31979,0.31955,0.31946,0.31955,0.31979,0.31955,0.31946,0.31955,0.31979,0.31955,0.31946,0.31955,0.31979,0.31955,0.31946,0.31955,0.31979,0.31955,0.31946,0.31955,0.31979,0.31955,0.31946,0.31991,0.31979,0.3188,0.32165,0.31748,0.31979,0.32407,0.31105,0.32807,0.31979,0.30181,0.36218,0.24965
0.22476,0.24208,0.20921,0.23218,0.22476,0.22083,0.22852,0.22278,0.22476,0.22552,0.22388,0.22502,0.22476,0.22459,0.22453,0.22459,0.22476,0.22459,0.22453,0.22459,0.22476,0.22459,0.22453,0.22459,0.22476,0.22459,0.22453,0.22459,0.22476,0.22459,0.22453,0.22459,0.22476,0.22459,0.22453,0.22459,0.22476,0.22459,0.22453,0.22459,0.22476,0.22459,0.22453,0.22459,0.22476,0.22459,0.22453,0.22459,0.22476,0.22459,0.22453,0.22459,0.22476,0.22459,0.22453,0.22459,0.22476,0.22459,0.22453,0.22459,0.22476,0.22459,0.22453,0.22459,0.22476,0.22459,0.22453,0.22459,0.22476,0.22459,0.22453,0.22459,0.22476,0.22459,0.22453,0.22459,0.22476,0.22459,0.22453,0.22459,0.22476,0.22459,0.22453,0.22459,0.22476,0.22459,0.22453,0.22459,0.22476,0.22459,0.22453,0.22459,0.22476,0.22459,0.22453,0.22459,0.22476,0.22459,0.22453,0.22459,0.22476,0.22459,0.22453,0.22459,0.22476,0.22459,0.22453,0.22459,0.22476,0.22459,0.22453,0.22459,0.22476,0.22459,0.22453,0.22395,0.22476,0.22594,0.2206,0.2283,0.22476,0.2165,0.23959,0.20933,0.22476,0.25637,0.14802,0.34978,0.79752,0.84147,0.75765,0.81625,0.79752,0.78733,0.80685,0.79229,0.79752,0.79929,0.79503,0.79801,0.79752,0.79692,0.7967,0.79692,0.79752,0.79692,0.7967,0.79692,0.79752,0.79692,0.7967,0.79692,0.79752,0.79692,0.7967,0.79692,0.79752,0.79692,0.7967,0.79692,0.79752,0.79692,0.7967,0.79692,0.79752,0.79692,0.7967,0.79692,0.79752,0.79692,0.7967,0.79692,0.79752,0.79692,0.7967,0.79692,0.79752,0.79692,0.7967,0.79692,0.79752,0.79692,0.7967,0.79692,0.79752,0.79692,0.7967,0.79692,0.79752,0.79692,0.7967,0.79692,0.79752,0.79692,0.7967,0.79692,0.79752,0.79692,0.7967,0.79692,0.79752,0.79692,0.7967,0.79692,0.79752,0.79692,0.7967,0.79692,0.79752,0.79692,0.7967,0.79692,0.79752,0.79692,0.7967,0.79692,0.79752,0.79692,0.7967,0.79692,0.79752,0.79692,0.7967,0.79692,0.79752,0.79692,0.7967,0.79692,0.79752,0.79692,0.7967,0.79692,0.79752,0.79692,0.7967,0.79692,0.79752,0.79692,0.7967,0.79692,0.79752,0.79692,0.7967,0.79782,0.79752,0.79505,0.80218,0.79176,0.79752,0.80819,0.77573,0.81817,0.79752,0.75268,0.90324,0.6226
0.80457,0.86654,0.74889,0.83111,0.80457,0.79048,0.818,0.79746,0.80457,0.80728,0.80139,0.80549,0.80457,0.80396,0.80373,0.80396,0.80457,0.80396,0.80373,0.80396,0.80457,0.80396,0.80373,0.80396,0.80457,0.80396,0.80373,0.80396,0.80457,0.80396,0.80373,0.80396,0.80457,0.80396,0.80373,0.80396,0.80457,0.80396,0.80373,0.80396,0.80457,0.80396,0.80373,0.80396,0.80457,0.80396,0.80373,0.80396,0.80457,0.80396,0.80373,0.80396,0.80457,0.80396,0.80373,0.80396,0.80457,0.80396,0.80373,0.80396,0.80457,0.80396,0.80373,0.80396,0.80457,0.80396,0.80373,0.80396,0.80457,0.80396,0.80373,0.80396,0.80457,0.80396,0.80373,0.80396,0.80457,0.80396,0.80373,0.80396,0.80457,0.80396,0.80373,0.80396,0.80457,0.80396,0.80373,0.80396,0.80457,0.80396,0.80373,0.80396,0.80457,0.80396,0.80373,0.80396,0.80457,0.80396,0.80373,0.80396,0.80457,0.80396,0.80373,0.80396,0.80457,0.80396,0.80373,0.80396,0.80457,0.80396,0.80373,0.80396,0.80457,0.80396,0.80373,0.80463,0.80457,0.80256,0.80781,0.80012,0.80457,0.81234,0.78814,0.81976,0.80457,0.77105,0.88297,0.67431,0.21141,0.16512,0.25163,0.19123,0.21141,0.22118,0.20067,0.21604,0.21141,0.2088,0.21292,0.21012,0.21141,0.21125,0.21119,0.21125,0.21141,0.21125,0.21119,0.21125,0.21141,0.21125,0.21119,0.21125,0.21141,0.21125,0.21119,0.21125,0.21141,0.21125,0.21119,0.21125,0.21141,0.21125,0.21119,0.21125,0.21141,0.21125,0.21119,0.21125,0.21141,0.21125,0.21119,0.21125,0.21141,0.21125,0.21119,0.21125,0.21141,0.21125,0.21119,0.21125,0.21141,0.21125,0.21119,0.21125,0.21141,0.21125,0.21119,0.21125,0.21141,0.21125,0.21119,0.21125,0.21141,0.21125,0.21119,0.21125,0.21141,0.21125,0.21119,0.21125,0.21141,0.21125,0.21119,0.21125,0.21141,0.21125,0.21119,0.21125,0.21141,0.21125,0.21119,0.21125,0.21141,0.21125,0.21119,0.21125,0.21141,0.21125,0.21119,0.21125,0.21141,0.21125,0.21119,0.21125,0.21141,0.21125,0.21119,0.21125,0.21141,0.21125,0.21119,0.21125,0.21141,0.21125,0.21119,0.21125,0.21141,0.21125,0.21119,0.21125,0.21141,0.21125,0.21119,0.21149,0.21141,0.21076,0.21265,0.20989,0.21141,0.21424,0.20563,0.21689,0.21141,0.19952,0.23944,0.16504
0.85976,0.92598,0.80026,0.88812,0.85976,0.84471,0.87411,0.85217,0.85976,0.86266,0.85636,0.86074,0.85976,0.85911,0.85887,0.85911,0.85976,0.85911,0.85887,0.85911,0.85976,0.85911,0.85887,0.85911,0.85976,0.85911,0.85887,0.85911,0.85976,0.85911,0.85887,0.85911,0.85976,0.85911,0.85887,0.85911,0.85976,0.85911,0.85887,0.85911,0.85976,0.85911,0.85887,0.85911,0.85976,0.85911,0.85887,0.85911,0.85976,0.85911,0.85887,0.85911,0.85976,0.85911,0.85887,0.85911,0.85976,0.85911,0.85887,0.85911,0.85976,0.85911,0.85887,0.85911,0.85976,0.85911,0.85887,0.85911,0.85976,0.85911,0.85887,0.85911,0.85976,0.85911,0.85887,0.85911,0.85976,0.85911,0.85887,0.85911,0.85976,0.85911,0.85887,0.85911,0.85976,0.85911,0.85887,0.85911,0.85976,0.85911,0.85887,0.85911,0.85976,0.85911,0.85887,0.85911,0.85976,0.85911,0.85887,0.85911,0.85976,0.85911,0.85887,0.85911,0.85976,0.85911,0.85887,0.85911,0.85976,0.85911,0.85887,0.85911,0.85976,0.85911,0.85887,0.85971,0.85976,0.85784,0.86256,0.85563,0.85976,0.86671,0.84472,0.87344,0.85976,0.82926,0.93073,0.74152,0.32179,0.27971,0.35813,0.3034,0.32179,0.33056,0.31192,0.32589,0.32179,0.31933,0.32303,0.32053,0.32179,0.32155,0.32146,0.32155,0.32179,0.32155,0.32146,0.32155,0.32179,0.32155,0.32146,0.32155,0.32179,0.32155,0.32146,0.32155,0.32179,0.32155,0.32146,0.32155,0.32179,0.32155,0.32146,0.32155,0.32179,0.32155,0.32146,0.32155,0.32179,0.32155,0.32146,0.32155,0.32179,0.32155,0.32146,0.32155,0.32179,0.32155,0.32146,0.32155,0.32179,0.32155,0.32146,0.32155,0.32179,0.32155,0.32146,0.32155,0.32179,0.32155,0.32146,0.32155,0.32179,0.32155,0.32146,0.32155,0.32179,0.32155,0.32146,0.32155,0.32179,0.32155,0.32146,0.32155,0.32179,0.32155,0.32146,0.32155,0.32179,0.32155,0.32146,0.32155,0.32179,0.32155,0.32146,0.32155,0.32179,0.32155,0.32146,0.32155,0.32179,0.32155,0.32146,0.32155,0.32179,0.32155,0.32146,0.32155,0.32179,0.32155,0.32146,0.32155,0.32179,0.32155,0.32146,0.32155,0.32179,0.32155,0.32146,0.32155,0.32179,0.32155,0.32146,0.32192,0.32179,0.3208,0.32367,0.31947,0.32179,0.3261,0.313,0.33013,0.32179,0.3037,0.36445,0.25122
0.79721,0.85862,0.74205,0.82352,0.79721,0.78326,0.81053,0.79018,0.79721,0.79991,0.79407,0.79813,0.79721,0.79661,0.79639,0.79661,0.79721,0.79661,0.79639,0.79661,0.79721,0.79661,0.79639,0.79661,0.79721,0.79661,0.79639,0.79661,0.79721,0.79661,0.79639,0.79661,0.79721,0.79661,0.79639,0.79661,0.79721,0.79661,0.79639,0.79661,0.79721,0.79661,0.79639,0.79661,0.79721,0.79661,0.79639,0.79661,0.79721,0.79661,0.79639,0.79661,0.79721,0.79661,0.79639,0.79661,0.79721,0.79661,0.79639,0.79661,0.79721,0.79661,0.79639,0.79661,0.79721,0.79661,0.79639,0.79661,0.79721,0.79661,0.79639,0.79661,0.79721,0.79661,0.79639,0.79661,0.79721,0.79661,0.79639,0.79661,0.79721,0.79661,0.79639,0.79661,0.79721,0.79661,0.79639,0.79661,0.79721,0.79661,0.79639,0.79661,0.79721,0.79661,0.79639,0.79661,0.79721,0.79661,0.79639,0.79661,0.79721,0.79661,0.79639,0.79661,0.79721,0.79661,0.79639,0.79661,0.79721,0.79661,0.79639,0.79661,0.79721,0.79661,0.79639,0.79687,0.79721,0.79608,0.79794,0.79516,0.79721,0.7998,0.79046,0.80262,0.79721,0.78411,0.82651,0.74734,0.57177,0.55381,0.58655,0.56373,0.57177,0.57512,0.56718,0.57316,0.57177,0.57041,0.57184,0.57091,0.57177,0.57134,0.57118,0.57134,0.57177,0.57134,0.57118,0.57134,0.57177,0.57134,0.57118,0.57134,0.57177,0.57134,0.57118,0.57134,0.57177,0.57134,0.57118,0.57134,0.57177,0.57134,0.57118,0.57134,0.57177,0.57134,0.57118,0.57134,0.57177,0.57134,0.57118,0.57134,0.57177,0.57134,0.57118,0.57134,0.57177,0.57134,0.57118,0.57134,0.57177,0.57134,0.57118,0.57134,0.57177,0.57134,0.57118,0.57134,0.57177,0.57134,0.57118,0.57134,0.57177,0.57134,0.57118,0.57134,0.57177,0.57134,0.57118,0.57134,0.57177,0.57134,0.57118,0.57134,0.57177,0.57134,0.57118,0.57134,0.57177,0.57134,0.57118,0.57134,0.57177,0.57134,0.57118,0.57134,0.57177,0.57134,0.57118,0.57134,0.57177,0.57134,0.57118,0.57134,0.57177,0.57134,0.57118,0.57134,0.57177,0.57134,0.57118,0.57134,0.57177,0.57134,0.57118,0.57134,0.57177,0.57134,0.57118,0.57134,0.57177,0.57134,0.57118,0.57199,0.57177,0.57,0.57511,0.56764,0.57177,0.57942,0.55615,0.58658,0.57177,0.53962,0.64756,0.44637
0.73138,0.78772,0.68077,0.75551,0.73138,0.71858,0.74359,0.72492,0.73138,0.73385,0.72849,0.73222,0.73138,0.73083,0.73062,0.73083,0.73138,0.73083,0.73062,0.73083,0.73138,0.73083,0.73062,0.73083,0.73138,0.73083,0.73062,0.73083,0.73138,0.73083,0.73062,0.73083,0.73138,0.73083,0.73062,0.73083,0.73138,0.73083,0.73062,0.73083,0.73138,0.73083,0.73062,0.73083,0.73138,0.73083,0.73062,0.73083,0.73138,0.73083,0.73062,0.73083,0.73138,0.73083,0.73062,0.73083,0.73138,0.73083,0.73062,0.73083,0.73138,0.73083,0.73062,0.73083,0.73138,0.73083,0.73062,0.73083,0.73138,0.73083,0.73062,0.73083,0.73138,0.73083,0.73062,0.73083,0.73138,0.73083,0.73062,0.73083,0.73138,0.73083,0.73062,0.73083,0.73138,0.73083,0.73062,0.73083,0.73138,0.73083,0.73062,0.73083,0.73138,0.73083,0.73062,0.73083,0.73138,0.73083,0.73062,0.73083,0.73138,0.73083,0.73062,0.73083,0.73138,0.73083,0.73062,0.73083,0.73138,0.73083,0.73062,0.73083,0.73138,0.73083,0.73062,0.73135,0.73138,0.72975,0.73377,0.72787,0.73138,0.7373,0.71859,0.74303,0.73138,0.70543,0.79178,0.63078,0.27363,0.23782,0.30455,0.25797,0.27363,0.28109,0.26523,0.27712,0.27363,0.27153,0.27468,0.27255,0.27363,0.27342,0.27335,0.27342,0.27363,0.27342,0.27335,0.27342,0.27363,0.27342,0.27335,0.27342,0.27363,0.27342,0.27335,0.27342,0.27363,0.27342,0.27335,0.27342,0.27363,0.27342,0.27335,0.27342,0.27363,0.27342,0.27335,0.27342,0.27363,0.27342,0.27335,0.27342,0.27363,0.27342,0.27335,0.27342,0.27363,0.27342,0.27335,0.27342,0.27363,0.27342,0.27335,0.27342,0.27363,0.27342,0.27335,0.27342,0.27363,0.27342,0.27335,0.27342,0.27363,0.27342,0.27335,0.27342,0.27363,0.27342,0.27335,0.27342,0.27363,0.27342,0.27335,0.27342,0.27363,0.27342,0.27335,0.27342,0.27363,0.27342,0.27335,0.27342,0.27363,0.27342,0.27335,0.27342,0.27363,0.27342,0.27335,0.27342,0.27363,0.27342,0.27335,0.27342,0.27363,0.27342,0.27335,0.27342,0.27363,0.27342,0.27335,0.27342,0.27363,0.27342,0.27335,0.27342,0.27363,0.27342,0.27335,0.27342,0.27363,0.27342,0.27335,0.27373,0.27363,0.27278,0.27523,0.27166,0.27363,0.27729,0.26615,0.28072,0.27363,0.25824,0.3099,0.21362
0.72117,0.77672,0.67127,0.74497,0.72117,0.70855,0.73321,0.71481,0.72117,0.72361,0.71833,0.722,0.72117,0.72063,0.72043,0.72063,0.72117,0.72063,0.72043,0.72063,0.72117,0.72063,0.72043,0.72063,0.72117,0.72063,0.72043,0.72063,0.72117,0.72063,0.72043,0.72063,0.72117,0.72063,0.72043,0.72063,0.72117,0.72063,0.72043,0.72063,0.72117,0.72063,0.72043,0.72063,0.72117,0.72063,0.72043,0.72063,0.72117,0.72063,0.72043,0.72063,0.72117,0.72063,0.72043,0.72063,0.72117,0.72063,0.72043,0.72063,0.72117,0.72063,0.72043,0.72063,0.72117,0.72063,0.72043,0.72063,0.72117,0.72063,0.72043,0.72063,0.72117,0.72063,0.72043,0.72063,0.72117,0.72063,0.72043,0.72063,0.72117,0.72063,0.72043,0.72063,0.72117,0.72063,0.72043,0.72063,0.72117,0.72063,0.72043,0.72063,0.72117,0.72063,0.72043,0.72063,0.72117,0.72063,0.72043,0.72063,0.72117,0.72063,0.72043,0.72063,0.72117,0.72063,0.72043,0.72063,0.72117,0.72063,0.72043,0.72063,0.72117,0.72063,0.72043,0.7209,0.72117,0.72006,0.72209,0.71906,0.72117,0.72405,0.71406,0.72708,0.72117,0.70719,0.75278,0.6677,0.47901,0.45981,0.49502,0.47047,0.47901,0.4827,0.47422,0.4806,0.47901,0.47765,0.47922,0.47819,0.47901,0.47865,0.47851,0.47865,0.47901,0.47865,0.47851,0.47865,0.47901,0.47865,0.47851,0.47865,0.47901,0.47865,0.47851,0.47865,0.47901,0.47865,0.47851,0.47865,0.47901,0.47865,0.47851,0.47865,0.47901,0.47865,0.47851,0.47865,0.47901,0.47865,0.47851,0.47865,0.47901,0.47865,0.47851,0.47865,0.47901,0.47865,0.47851,0.47865,0.47901,0.47865,0.47851,0.47865,0.47901,0.47865,0.47851,0.47865,0.47901,0.47865,0.47851,0.47865,0.47901,0.47865,0.47851,0.47865,0.47901,0.47865,0.47851,0.47865,0.47901,0.47865,0.47851,0.47865,0.47901,0.47865,0.47851,0.47865,0.47901,0.47865,0.47851,0.47865,0.47901,0.47865,0.47851,0.47865,0.47901,0.47865,0.47851,0.47865,0.47901,0.47865,0.47851,0.47865,0.47901,0.47865,0.47851,0.47865,0.47901,0.47865,0.47851,0.47865,0.47901,0.47865,0.47851,0.47865,0.47901,0.47865,0.47851,0.47865,0.47901,0.47865,0.47851,0.47919,0.47901,0.47752,0.48181,0.47555,0.47901,0.48542,0.46592,0.49141,0.47901,0.45207,0.5425,0.37395
0.67323,0.72508,0.62664,0.69544,0.67323,0.66144,0.68447,0.66728,0.67323,0.6755,0.67057,0.674,0.67323,0.67272,0.67253,0.67272,0.67323,0.67272,0.67253,0.67272,0.67323,0.67272,0.67253,0.67272,0.67323,0.67272,0.67253,0.67272,0.67323,0.67272,0.67253,0.67272,0.67323,0.67272,0.67253,0.67272,0.67323,0.67272,0.67253,0.67272,0.67323,0.67272,0.67253,0.67272,0.67323,0.67272,0.67253,0.67272,0.67323,0.67272,0.67253,0.67272,0.67323,0.67272,0.67253,0.67272,0.67323,0.67272,0.67253,0.67272,0.67323,0.67272,0.67253,0.67272,0.67323,0.67272,0.67253,0.67272,0.67323,0.67272,0.67253,0.67272,0.67323,0.67272,0.67253,0.67272,0.67323,0.67272,0.67253,0.67272,0.67323,0.67272,0.67253,0.67272,0.67323,0.67272,0.67253,0.67272,0.67323,0.67272,0.67253,0.67272,0.67323,0.67272,0.67253,0.67272,0.67323,0.67272,0.67253,0.67272,0.67323,0.67272,0.67253,0.67272,0.67323,0.67272,0.67253,0.67272,0.67323,0.67272,0.67253,0.67272,0.67323,0.67272,0.67253,0.67258,0.67323,0.67299,0.67172,0.67348,0.67323,0.67105,0.67563,0.66958,0.67323,0.67925,0.65679,0.69847,0.79106,0.79963,0.78221,0.79444,0.79106,0.78849,0.79233,0.78951,0.79106,0.79095,0.7899,0.79069,0.79106,0.79046,0.79024,0.79046,0.79106,0.79046,0.79024,0.79046,0.79106,0.79046,0.79024,0.79046,0.79106,0.79046,0.79024,0.79046,0.79106,0.79046,0.79024,0.79046,0.79106,0.79046,0.79024,0.79046,0.79106,0.79046,0.79024,0.79046,0.79106,0.79046,0.79024,0.79046,0.79106,0.79046,0.79024,0.79046,0.79106,0.79046,0.79024,0.79046,0.79106,0.79046,0.79024,0.79046,0.79106,0.79046,0.79024,0.79046,0.79106,0.79046,0.79024,0.79046,0.79106,0.79046,0.79024,0.79046,0.79106,0.79046,0.79024,0.79046,0.79106,0.79046,0.79024,0.79046,0.79106,0.79046,0.79024,0.79046,0.79106,0.79046,0.79024,0.79046,0.79106,0.79046,0.79024,0.79046,0.79106,0.79046,0.79024,0.79046,0.79106,0.79046,0.79024,0.79046,0.79106,0.79046,0.79024,0.79046,0.79106,0.79046,0.79024,0.79046,0.79106,0.79046,0.79024,0.79046,0.79106,0.79046,0.79024,0.79046,0.79106,0.79046,0.79024,0.79136,0.79106,0.7886,0.79568,0.78535,0.79106,0.80164,0.76944,0.81154,0.79106,0.74658,0.89592,0.61756
0.84358,0.90856,0.7852,0.87141,0.84358,0.82882,0.85767,0.83613,0.84358,0.84643,0.84025,0.84455,0.84358,0.84294,0.84271,0.84294,0.84358,0.84294,0.84271,0.84294,0.84358,0.84294,0.84271,0.84294,0.84358,0.84294,0.84271,0.84294,0.84358,0.84294,0.84271,0.84294,0.84358,0.84294,0.84271,0.84294,0.84358,0.84294,0.84271,0.84294,0.84358,0.84294,0.84271,0.84294,0.84358,0.84294,0.84271,0.84294,0.84358,0.84294,0.84271,0.84294,0.84358,0.84294,0.84271,0.84294,0.84358,0.84294,0.84271,0.84294,0.84358,0.84294,0.84271,0.84294,0.84358,0.84294,0.84271,0.84294,0.84358,0.84294,0.84271,0.84294,0.84358,0.84294,0.84271,0.84294,0.84358,0.84294,0.84271,0.84294,0.84358,0.84294,0.84271,0.84294,0.84358,0.84294,0.84271,0.84294,0.84358,0.84294,0.84271,0.84294,0.84358,0.84294,0.84271,0.84294,0.84358,0.84294,0.84271,0.84294,0.84358,0.84294,0.84271,0.84294,0.84358,0.84294,0.84271,0.84294,0.84358,0.84294,0.84271,0.84294,0.84358,0.84294,0.84271,0.84294,0.84358,0.84294,0.84271,0.84294,0.84358,0.84294,0.84271,0.84294,0.84358,0.84294,0.84271,0.84294,0.84358,0.84294,0.84271,0.84294,0.84358,0.84294,0.84271,0.84294,0.84358,0.84294,0.84271,0.84294,0.84358,0.84294,0.84271,0.84294,0.84358,0.84294,0.84271,0.84294,0.84358,0.84294,0.84271,0.84294,0.84358,0.84294,0.84271,0.84294,0.84358,0.84294,0.84271,0.84294,0.84358,0.84294,0.84271,0.84294,0.84358,0.84294,0.84271,0.84294,0.84358,0.84294,0.84271,0.84294,0.84358,0.84294,0.84271,0.84294,0.84358,0.84294,0.84271,0.84294,0.84358,0.84294,0.84271,0.84294,0.84358,0.84294,0.84271,0.84294,0.84358,0.84294,0.84271,0.84294,0.84358,0.84294,0.84271,0.84294,0.84358,0.84294,0.84271,0.84294,0.84358,0.84294,0.84271,0.84294,0.84358,0.84294,0.84271,0.84294,0.84358,0.84294,0.84271,0.84294,0.84358,0.84294,0.84271,0.84294,0.84358,0.84294,0.84271,0.84294,0.84358,0.84294,0.84271,0.84294,0.84358,0.84294,0.84271,0.84294,0.84358,0.84294,0.84271,0.84294,0.84358,0.84294,0.84271,0.84294,0.84358,0.84294,0.84271,0.84294,0.84358,0.84294,0.84271,0.8439,0.84358,0.84096,0.8485,0.83749,0.84358,0.85486,0.82053,0.86542,0.84358,0.79614,0.9554,0.65856
0.61922,0.66692,0.57637,0.63965,0.61922,0.60838,0.62956,0.61376,0.61922,0.62131,0.61678,0.61993,0.61922,0.61875,0.61858,0.61875,0.61922,0.61875,0.61858,0.61875,0.61922,0.61875,0.61858,0.61875,0.61922,0.61875,0.61858,0.61875,0.61922,0.61875,0.61858,0.61875,0.61922,0.61875,0.61858,0.61875,0.61922,0.61875,0.61858,0.61875,0.61922,0.61875,0.61858,0.61875,0.61922,0.61875,0.61858,0.61875,0.61922,0.61875,0.61858,0.61875,0.61922,0.61875,0.61858,0.61875,0.61922,0.61875,0.61858,0.61875,0.61922,0.61875,0.61858,0.61875,0.61922,0.61875,0.61858,0.61875,0.61922,0.61875,0.61858,0.61875,0.61922,0.61875,0.61858,0.61875,0.61922,0.61875,0.61858,0.61875,0.61922,0.61875,0.61858,0.61875,0.61922,0.61875,0.61858,0.61875,0.61922,0.61875,0.61858,0.61875,0.61922,0.61875,0.61858,0.61875,0.61922,0.61875,0.61858,0.61875,0.61922,0.61875,0.61858,0.61875,0.61922,0.61875,0.61858,0.61875,0.61922,0.61875,0.61858,0.61875,0.61922,0.61875,0.61858,0.6186,0.61922,0.61908,0.61762,0.61966,0.61922,0.61678,0.62225,0.61504,0.61922,0.62649,0.59996,0.64922,0.75859,0.76886,0.74831,0.76272,0.75859,0.75568,0.76028,0.75689,0.75859,0.75859,0.7574,0.75828,0.75859,0.75802,0.75781,0.75802,0.75859,0.75802,0.75781,0.75802,0.75859,0.75802,0.75781,0.75802,0.75859,0.75802,0.75781,0.75802,0.75859,0.75802,0.75781,0.75802,0.75859,0.75802,0.75781,0.75802,0.75859,0.75802,0.75781,0.75802,0.75859,0.75802,0.75781,0.75802,0.75859,0.75802,0.75781,0.75802,0.75859,0.75802,0.75781,0.75802,0.75859,0.75802,0.75781,0.75802,0.75859,0.75802,0.75781,0.75802,0.75859,0.75802,0.75781,0.75802,0.75859,0.75802,0.75781,0.75802,0.75859,0.75802,0.75781,0.75802,0.75859,0.75802,0.75781,0.75802,0.75859,0.75802,0.75781,0.75802,0.75859,0.75802,0.75781,0.75802,0.75859,0.75802,0.75781,0.75802,0.75859,0.75802,0.75781,0.75802,0.75859,0.75802,0.75781,0.75802,0.75859,0.75802,0.75781,0.75802,0.75859,0.75802,0.75781,0.75802,0.75859,0.75802,0.75781,0.75802,0.75859,0.75802,0.75781,0.75802,0.75859,0.75802,0.75781,0.75888,0.75859,0.75624,0.76302,0.75311,0.75859,0.76874,0.73786,0.77823,0.75859,0.71593,0.85915,0.59221
0.099967,0.10767,0.093049,0.10327,0.099967,0.098218,0.10164,0.099085,0.099967,0.1003,0.099573,0.10008,0.099967,0.099892,0.099864,0.099892,0.099967,0.099892,0.099864,0.099892,0.099967,0.099892,0.099864,0.099892,0.099967,0.099892,0.099864,0.099892,0.099967,0.099892,0.099864,0.099892,0.099967,0.099892,0.099864,0.099892,0.099967,0.099892,0.099864,0.099892,0.099967,0.099892,0.099864,0.099892,0.099967,0.099892,0.099864,0.099892,0.099967,0.099892,0.099864,0.099892,0.099967,0.099892,0.099864,0.099892,0.099967,0.099892,0.099864,0.099892,0.099967,0.099892,0.099864,0.099892,0.099967,0.099892,0.099864,0.099892,0.099967,0.099892,0.099864,0.099892,0.099967,0.099892,0.099864,0.099892,0.099967,0.099892,0.099864,0.099892,0.099967,0.099892,0.099864,0.099892,0.099967,0.099892,0.099864,0.099892,0.099967,0.099892,0.099864,0.099892,0.099967,0.099892,0.099864,0.099892,0.099967,0.099892,0.099864,0.099892,0.099967,0.099892,0.099864,0.099892,0.099967,0.099892,0.099864,0.099892,0.099967,0.099892,0.099864,0.099892,0.099967,0.099892,0.099864,0.098976,0.099967,0.1018,0.094294,0.10513,0.099967,0.088435,0.12118,0.078288,0.099967,0.14486,-0.0084325,0.27708,0.91063,0.97299,0.85443,0.9373,0.91063,0.89636,0.92406,0.90339,0.91063,0.91329,0.90732,0.91148,0.91063,0.90994,0.90968,0.90994,0.91063,0.90994,0.90968,0.90994,0.91063,0.90994,0.90968,0.90994,0.91063,0.90994,0.90968,0.90994,0.91063,0.90994,0.90968,0.90994,0.91063,0.90994,0.90968,0.90994,0.91063,0.90994,0.90968,0.90994,0.91063,0.90994,0.90968,0.90994,0.91063,0.90994,0.90968,0.90994,0.91063,0.90994,0.90968,0.90994,0.91063,0.90994,0.90968,0.90994,0.91063,0.90994,0.90968,0.90994,0.91063,0.90994,0.90968,0.90994,0.91063,0.90994,0.90968,0.90994,0.91063,0.90994,0.90968,0.90994,0.91063,0.90994,0.90968,0.90994,0.91063,0.90994,0.90968,0.90994,0.91063,0.90994,0.90968,0.90994,0.91063,0.90994,0.90968,0.90994,0.91063,0.90994,0.90968,0.90994,0.91063,0.90994,0.90968,0.90994,0.91063,0.90994,0.90968,0.90994,0.91063,0.90994,0.90968,0.90994,0.91063,0.90994,0.90968,0.90994,0.91063,0.90994,0.90968,0.90994,0.91063,0.90994,0.90968,0.91097,0.91063,0.9078,0.91594,0.90405,0.91063,0.92281,0.88574,0.93421,0.91063,0.85942,1.0313,0.7109
0.10223,0.11011,0.095157,0.10561,0.10223,0.10044,0.10394,0.10133,0.10223,0.10258,0.10183,0.10235,0.10223,0.10215,0.10213,0.10215,0.10223,0.10215,0.10213,0.10215,0.10223,0.10215,0.10213,0.10215,0.10223,0.10215,0.10213,0.10215,0.10223,0.10215,0.10213,0.10215,0.10223,0.10215,0.10213,0.10215,0.10223,0.10215,0.10213,0.10215,0.10223,0.10215,0.10213,0.10215,0.10223,0.10215,0.10213,0.10215,0.10223,0.10215,0.10213,0.10215,0.10223,0.10215,0.10213,0.10215,0.10223,0.10215,0.10213,0.10215,0.10223,0.10215,0.10213,0.10215,0.10223,0.10215,0.10213,0.10215,0.10223,0.10215,0.10213,0.10215,0.10223,0.10215,0.10213,0.10215,0.10223,0.10215,0.10213,0.10215,0.10223,0.10215,0.10213,0.10215,0.10223,0.10215,0.10213,0.10215,0.10223,0.10215,0.10213,0.10215,0.10223,0.10215,0.10213,0.10215,0.10223,0.10215,0.10213,0.10215,0.10223,0.10215,0.10213,0.10215,0.10223,0.10215,0.10213,0.10215,0.10223,0.10215,0.10213,0.10215,0.10223,0.10215,0.10213,0.10123,0.10223,0.10407,0.096519,0.10743,0.10223,0.090622,0.12358,0.080407,0.10223,0.14743,-0.0068914,0.28053,0.91829,0.98107,0.86171,0.94514,0.91829,0.90393,0.93181,0.91101,0.91829,0.92097,0.91496,0.91915,0.91829,0.9176,0.91734,0.9176,0.91829,0.9176,0.91734,0.9176,0.91829,0.9176,0.91734,0.9176,0.91829,0.9176,0.91734,0.9176,0.91829,0.9176,0.91734,0.9176,0.91829,0.9176,0.91734,0.9176,0.91829,0.9176,0.91734,0.9176,0.91829,0.9176,0.91734,0.9176,0.91829,0.9176,0.91734,0.9176,0.91829,0.9176,0.91734,0.9176,0.91829,0.9176,0.91734,0.9176,0.91829,0.9176,0.91734,0.9176,0.91829,0.9176,0.91734,0.9176,0.91829,0.9176,0.91734,0.9176,0.91829,0.9176,0.91734,0.9176,0.91829,0.9176,0.91734,0.9176,0.91829,0.9176,0.91734,0.9176,0.91829,0.9176,0.91734,0.9176,0.91829,0.9176,0.91734,0.9176,0.91829,0.9176,0.91734,0.9176,0.91829,0.9176,0.91734,0.9176,0.91829,0.9176,0.91734,0.9176,0.91829,0.9176,0.91734,0.9176,0.91829,0.9176,0.91734,0.9176,0.91829,0.9176,0.91734,0.9176,0.91829,0.9176,0.91734,0.91864,0.91829,0.91544,0.92365,0.91166,0.91829,0.93058,0.8932,0.94207,0.91829,0.86665,1.04,0.71688
0.55568,0.59848,0.51723,0.57402,0.55568,0.54596,0.56496,0.55078,0.55568,0.55756,0.55349,0.55632,0.55568,0.55526,0.55511,0.55526,0.55568,0.55526,0.55511,0.55526,0.55568,0.55526,0.55511,0.55526,0.55568,0.55526,0.55511,0.55526,0.55568,0.55526,0.55511,0.55526,0.55568,0.55526,0.55511,0.55526,0.55568,0.55526,0.55511,0.55526,0.55568,0.55526,0.55511,0.55526,0.55568,0.55526,0.55511,0.55526,0.55568,0.55526,0.55511,0.55526,0.55568,0.55526,0.55511,0.55526,0.55568,0.55526,0.55511,0.55526,0.55568,0.55526,0.55511,0.55526,0.55568,0.55526,0.55511,0.55526,0.55568,0.55526,0.55511,0.55526,0.55568,0.55526,0.55511,0.55526,0.55568,0.55526,0.55511,0.55526,0.55568,0.55526,0.55511,0.55526,0.55568,0.55526,0.55511,0.55526,0.55568,0.55526,0.55511,0.55526,0.55568,0.55526,0.55511,0.55526,0.55568,0.55526,0.55511,0.55526,0.55568,0.55526,0.55511,0.55526,0.55568,0.55526,0.55511,0.55526,0.55568,0.55526,0.55511,0.55526,0.55568,0.55526,0.55511,0.55493,0.55568,0.55595,0.55309,0.55716,0.55568,0.55112,0.56282,0.54745,0.55568,0.57153,0.51594,0.61934,0.84886,0.87102,0.828,0.85811,0.84886,0.84331,0.85318,0.84585,0.84886,0.84943,0.84713,0.84878,0.84886,0.84822,0.84798,0.84822,0.84886,0.84822,0.84798,0.84822,0.84886,0.84822,0.84798,0.84822,0.84886,0.84822,0.84798,0.84822,0.84886,0.84822,0.84798,0.84822,0.84886,0.84822,0.84798,0.84822,0.84886,0.84822,0.84798,0.84822,0.84886,0.84822,0.84798,0.84822,0.84886,0.84822,0.84798,0.84822,0.84886,0.84822,0.84798,0.84822,0.84886,0.84822,0.84798,0.84822,0.84886,0.84822,0.84798,0.84822,0.84886,0.84822,0.84798,0.84822,0.84886,0.84822,0.84798,0.84822,0.84886,0.84822,0.84798,0.84822,0.84886,0.84822,0.84798,0.84822,0.84886,0.84822,0.84798,0.84822,0.84886,0.84822,0.84798,0.84822,0.84886,0.84822,0.84798,0.84822,0.84886,0.84822,0.84798,0.84822,0.84886,0.84822,0.84798,0.84822,0.84886,0.84822,0.84798,0.84822,0.84886,0.84822,0.84798,0.84822,0.84886,0.84822,0.84798,0.84822,0.84886,0.84822,0.84798,0.84822,0.84886,0.84822,0.84798,0.84918,0.84886,0.84623,0.85382,0.84273,0.84886,0.86022,0.82566,0.87084,0.84886,0.80113,0.96138,0.66268
0.97658,1.0518,0.909,1.0088,0.97658,0.95949,0.99289,0.96796,0.97658,0.97988,0.97273,0.9777,0.97658,0.97584,0.97557,0.97584,0.97658,0.97584,0.97557,0.97584,0.97658,0.97584,0.97557,0.97584,0.97658,0.97584,0.97557,0.97584,0.97658,0.97584,0.97557,0.97584,0.97658,0.97584,0.97557,0.97584,0.97658,0.97584,0.97557,0.97584,0.97658,0.97584,0.97557,0.97584,0.97658,0.97584,0.97557,0.97584,0.97658,0.97584,0.97557,0.97584,0.97658,0.97584,0.97557,0.97584,0.97658,0.97584,0.97557,0.97584,0.97658,0.97584,0.97557,0.97584,0.97658,0.97584,0.97557,0.97584,0.97658,0.97584,0.97557,0.97584,0.97658,0.97584,0.97557,0.97584,0.97658,0.97584,0.97557,0.97584,0.97658,0.97584,0.97557,0.97584,0.97658,0.97584,0.97557,0.97584,0.97658,0.97584,0.97557,0.97584,0.97658,0.97584,0.97557,0.97584,0.97658,0.97584,0.97557,0.97584,0.97658,0.97584,0.97557,0.97584,0.97658,0.97584,0.97557,0.97584,0.97658,0.97584,0.97557,0.97584,0.97658,0.97584,0.97557,0.97584,0.97658,0.97584,0.97557,0.97584,0.97658,0.97584,0.97557,0.97584,0.97658,0.97584,0.97557,0.97584,0.97658,0.97584,0.97557,0.97584,0.97658,0.97584,0.97557,0.97584,0.97658,0.97584,0.97557,0.97584,0.97658,0.97584,0.97557,0.97584,0.97658,0.97584,0.97557,0.97584,0.97658,0.97584,0.97557,0.97584,0.97658,0.97584,0.97557,0.97584,0.97658,0.97584,0.97557,0.97584,0.97658,0.97584,0.97557,0.97584,0.97658,0.97584,0.97557,0.97584,0.97658,0.97584,0.97557,0.97584,0.97658,0.97584,0.97557,0.97584,0.97658,0.97584,0.97557,0.97584,0.97658,0.97584,0.97557,0.97584,0.97658,0.97584,0.97557,0.97584,0.97658,0.97584,0.97557,0.97584,0.97658,0.97584,0.97557,0.97584,0.97658,0.97584,0.97557,0.97584,0.97658,0.97584,0.97557,0.97584,0.97658,0.97584,0.97557,0.97584,0.97658,0.97584,0.97557,0.97584,0.97658,0.97584,0.97557,0.97584,0.97658,0.97584,0.97557,0.97584,0.97658,0.97584,0.97557,0.97584,0.97658,0.97584,0.97557,0.97584,0.97658,0.97584,0.97557,0.97584,0.97658,0.97584,0.97557,0.97584,0.97658,0.97584,0.97557,0.97584,0.97658,0.97584,0.97557,0.97695,0.97658,0.97355,0.98228,0.96953,0.97658,0.98965,0.9499,1.0019,0.97658,0.92167,1.106,0.76239
0.58785,0.63312,0.54717,0.60724,0.58785,0.57756,0.59766,0.58266,0.58785,0.58983,0.58552,0.58852,0.58785,0.5874,0.58724,0.5874,0.58785,0.5874,0.58724,0.5874,0.58785,0.5874,0.58724,0.5874,0.58785,0.5874,0.58724,0.5874,0.58785,0.5874,0.58724,0.5874,0.58785,0.5874,0.58724,0.5874,0.58785,0.5874,0.58724,0.5874,0.58785,0.5874,0.58724,0.5874,0.58785,0.5874,0.58724,0.5874,0.58785,0.5874,0.58724,0.5874,0.58785,0.5874,0.58724,0.5874,0.58785,0.5874,0.58724,0.5874,0.58785,0.5874,0.58724,0.5874,0.58785,0.5874,0.58724,0.5874,0.58785,0.5874,0.58724,0.5874,0.58785,0.5874,0.58724,0.5874,0.58785,0.5874,0.58724,0.5874,0.58785,0.5874,0.58724,0.5874,0.58785,0.5874,0.58724,0.5874,0.58785,0.5874,0.58724,0.5874,0.58785,0.5874,0.58724,0.5874,0.58785,0.5874,0.58724,0.5874,0.58785,0.5874,0.58724,0.5874,0.58785,0.5874,0.58724,0.5874,0.58785,0.5874,0.58724,0.5874,0.58785,0.5874,0.58724,0.58718,0.58785,0.58787,0.58586,0.5887,0.58785,0.58457,0.5925,0.58207,0.58785,0.5985,0.5605,0.63114,0.78795,0.80292,0.7735,0.79411,0.78795,0.78401,0.79069,0.78574,0.78795,0.78819,0.78656,0.78774,0.78795,0.78736,0.78714,0.78736,0.78795,0.78736,0.78714,0.78736,0.78795,0.78736,0.78714,0.78736,0.78795,0.78736,0.78714,0.78736,0.78795,0.78736,0.78714,0.78736,0.78795,0.78736,0.78714,0.78736,0.78795,0.78736,0.78714,0.78736,0.78795,0.78736,0.78714,0.78736,0.78795,0.78736,0.78714,0.78736,0.78795,0.78736,0.78714,0.78736,0.78795,0.78736,0.78714,0.78736,0.78795,0.78736,0.78714,0.78736,0.78795,0.78736,0.78714,0.78736,0.78795,0.78736,0.78714,0.78736,0.78795,0.78736,0.78714,0.78736,0.78795,0.78736,0.78714,0.78736,0.78795,0.78736,0.78714,0.78736,0.78795,0.78736,0.78714,0.78736,0.78795,0.78736,0.78714,0.78736,0.78795,0.78736,0.78714,0.78736,0.78795,0.78736,0.78714,0.78736,0.78795,0.78736,0.78714,0.78736,0.78795,0.78736,0.78714,0.78736,0.78795,0.78736,0.78714,0.78736,0.78795,0.78736,0.78714,0.78736,0.78795,0.78736,0.78714,0.78825,0.78795,0.78551,0.79255,0.78227,0.78795,0.79849,0.76642,0.80836,0.78795,0.74365,0.8924,0.61513
0.09924,0.10688,0.092373,0.10251,0.09924,0.097503,0.1009,0.098364,0.09924,0.099575,0.098848,0.099354,0.09924,0.099165,0.099138,0.099165,0.09924,0.099165,0.099138,0.099165,0.09924,0.099165,0.099138,0.099165,0.09924,0.099165,0.099138,0.099165,0.09924,0.099165,0.099138,0.099165,0.09924,0.099165,0.099138,0.099165,0.09924,0.099165,0.099138,0.099165,0.09924,0.099165,0.099138,0.099165,0.09924,0.099165,0.099138,0.099165,0.09924,0.099165,0.099138,0.099165,0.09924,0.099165,0.099138,0.099165,0.09924,0.099165,0.099138,0.099165,0.09924,0.099165,0.099138,0.099165,0.09924,0.099165,0.099138,0.099165,0.09924,0.099165,0.099138,0.099165,0.09924,0.099165,0.099138,0.099165,0.09924,0.099165,0.099138,0.099165,0.09924,0.099165,0.099138,0.099165,0.09924,0.099165,0.099138,0.099165,0.09924,0.099165,0.099138,0.099165,0.09924,0.099165,0.099138,0.099165,0.09924,0.099165,0.099138,0.099165,0.09924,0.099165,0.099138,0.099165,0.09924,0.099165,0.099138,0.099165,0.09924,0.099165,0.099138,0.099165,0.09924,0.099165,0.099138,0.098256,0.09924,0.10106,0.093607,0.10437,0.09924,0.08779,0.1203,0.077715,0.09924,0.14382,-0.0083877,0.27509,0.90413,0.96605,0.84833,0.93061,0.90413,0.88997,0.91747,0.89695,0.90413,0.90677,0.90085,0.90498,0.90413,0.90345,0.90319,0.90345,0.90413,0.90345,0.90319,0.90345,0.90413,0.90345,0.90319,0.90345,0.90413,0.90345,0.90319,0.90345,0.90413,0.90345,0.90319,0.90345,0.90413,0.90345,0.90319,0.90345,0.90413,0.90345,0.90319,0.90345,0.90413,0.90345,0.90319,0.90345,0.90413,0.90345,0.90319,0.90345,0.90413,0.90345,0.90319,0.90345,0.90413,0.90345,0.90319,0.90345,0.90413,0.90345,0.90319,0.90345,0.90413,0.90345,0.90319,0.90345,0.90413,0.90345,0.90319,0.90345,0.90413,0.90345,0.90319,0.90345,0.90413,0.90345,0.90319,0.90345,0.90413,0.90345,0.90319,0.90345,0.90413,0.90345,0.90319,0.90345,0.90413,0.90345,0.90319,0.90345,0.90413,0.90345,0.90319,0.90345,0.90413,0.90345,0.90319,0.90345,0.90413,0.90345,0.90319,0.90345,0.90413,0.90345,0.90319,0.90345,0.90413,0.90345,0.90319,0.90345,0.90413,0.90345,0.90319,0.90345,0.90413,0.90345,0.90319,0.90447,0.90413,0.90132,0.90941,0.8976,0.90413,0.91622,0.87942,0.92754,0.90413,0.85329,1.024,0.70583
0.85987,0.9261,0.80037,0.88824,0.85987,0.84482,0.87423,0.85228,0.85987,0.86278,0.85648,0.86086,0.85987,0.85922,0.85898,0.85922,0.85987,0.85922,0.85898,0.85922,0.85987,0.85922,0.85898,0.85922,0.85987,0.85922,0.85898,0.85922,0.85987,0.85922,0.85898,0.85922,0.85987,0.85922,0.85898,0.85922,0.85987,0.85922,0.85898,0.85922,0.85987,0.85922,0.85898,0.85922,0.85987,0.85922,0.85898,0.85922,0.85987,0.85922,0.85898,0.85922,0.85987,0.85922,0.85898,0.85922,0.85987,0.85922,0.85898,0.85922,0.85987,0.85922,0.85898,0.85922,0.85987,0.85922,0.85898,0.85922,0.85987,0.85922,0.85898,0.85922,0.85987,0.85922,0.85898,0.85922,0.85987,0.85922,0.85898,0.85922,0.85987,0.85922,0.85898,0.85922,0.85987,0.85922,0.85898,0.85922,0.85987,0.85922,0.85898,0.85922,0.85987,0.85922,0.85898,0.85922,0.85987,0.85922,0.85898,0.85922,0.85987,0.85922,0.85898,0.85922,0.85987,0.85922,0.85898,0.85922,0.85987,0.85922,0.85898,0.85922,0.85987,0.85922,0.85898,0.85922,0.85987,0.85922,0.85898,0.85922,0.85987,0.85922,0.85898,0.85922,0.85987,0.85922,0.85898,0.85922,0.85987,0.85922,0.85898,0.85922,0.85987,0.85922,0.85898,0.85922,0.85987,0.85922,0.85898,0.85922,0.85987,0.85922,0.85898,0.85922,0.85987,0.85922,0.85898,0.85922,0.85987,0.85922,0.85898,0.85922,0.85987,0.85922,0.85898,0.85922,0.85987,0.85922,0.85898,0.85922,0.85987,0.85922,0.85898,0.85922,0.85987,0.85922,0.85898,0.85922,0.85987,0.85922,0.85898,0.85922,0.85987,0.85922,0.85898,0.85922,0.85987,0.85922,0.85898,0.85922,0.85987,0.85922,0.85898,0.85922,0.85987,0.85922,0.85898,0.85922,0.85987,0.85922,0.85898,0.85922,0.85987,0.85922,0.85898,0.85922,0.85987,0.85922,0.85898,0.85922,0.85987,0.85922,0.85898,0.85922,0.85987,0.85922,0.85898,0.85922,0.85987,0.85922,0.85898,0.85922,0.85987,0.85922,0.85898,0.85922,0.85987,0.85922,0.85898,0.85922,0.85987,0.85922,0.85898,0.85922,0.85987,0.85922,0.85898,0.85922,0.85987,0.85922,0.85898,0.85922,0.85987,0.85922,0.85898,0.85922,0.85987,0.85922,0.85898,0.85922,0.85987,0.85922,0.85898,0.86019,0.85987,0.8572,0.86489,0.85366,0.85987,0.87137,0.83637,0.88214,0.85987,0.81152,0.97385,0.67127
0.78771,0.84838,0.7332,0.8137,0.78771,0.77392,0.80086,0.78075,0.78771,0.79037,0.7846,0.78861,0.78771,0.78711,0.78689,0.78711,0.78771,0.78711,0.78689,0.78711,0.78771,0.78711,0.78689,0.78711,0.78771,0.78711,0.78689,0.78711,0.78771,0.78711,0.78689,0.78711,0.78771,0.78711,0.78689,0.78711,0.78771,0.78711,0.78689,0.78711,0.78771,0.78711,0.78689,0.78711,0.78771,0.78711,0.78689,0.78711,0.78771,0.78711,0.78689,0.78711,0.78771,0.78711,0.78689,0.78711,0.78771,0.78711,0.78689,0.78711,0.78771,0.78711,0.78689,0.78711,0.78771,0.78711,0.78689,0.78711,0.78771,0.78711,0.78689,0.78711,0.78771,0.78711,0.78689,0.78711,0.78771,0.78711,0.78689,0.78711,0.78771,0.78711,0.78689,0.78711,0.78771,0.78711,0.78689,0.78711,0.78771,0.78711,0.78689,0.78711,0.78771,0.78711,0.78689,0.78711,0.78771,0.78711,0.78689,0.78711,0.78771,0.78711,0.78689,0.78711,0.78771,0.78711,0.78689,0.78711,0.78771,0.78711,0.78689,0.78711,0.78771,0.78711,0.78689,0.78711,0.78771,0.78711,0.78689,0.78711,0.78771,0.78711,0.78689,0.78711,0.78771,0.78711,0.78689,0.78711,0.78771,0.78711,0.78689,0.78711,0.78771,0.78711,0.78689,0.78711,0.78771,0.78711,0.78689,0.78711,0.78771,0.78711,0.78689,0.78711,0.78771,0.78711,0.78689,0.78711,0.78771,0.78711,0.78689,0.78711,0.78771,0.78711,0.78689,0.78711,0.78771,0.78711,0.78689,0.78711,0.78771,0.78711,0.78689,0.78711,0.78771,0.78711,0.78689,0.78711,0.78771,0.78711,0.78689,0.78711,0.78771,0.78711,0.78689,0.78711,0.78771,0.78711,0.78689,0.78711,0.78771,0.78711,0.78689,0.78711,0.78771,0.78711,0.78689,0.78711,0.78771,0.78711,0.78689,0.78711,0.78771,0.78711,0.78689,0.78711,0.78771,0.78711,0.78689,0.78711,0.78771,0.78711,0.78689,0.78711,0.78771,0.78711,0.78689,0.78711,0.78771,0.78711,0.78689,0.78711,0.78771,0.78711,0.78689,0.78711,0.78771,0.78711,0.78689,0.78711,0.78771,0.78711,0.78689,0.78711,0.78771,0.78711,0.78689,0.78711,0.78771,0.78711,0.78689,0.78711,0.78771,0.78711,0.78689,0.78711,0.78771,0.78711,0.78689,0.78711,0.78771,0.78711,0.78689,0.788,0.78771,0.78526,0.79231,0.78202,0.78771,0.79824,0.76618,0.8081,0.78771,0.74341,0.89212,0.61494
0.71042,0.76514,0.66126,0.73386,0.71042,0.69798,0.72228,0.70414,0.71042,0.71282,0.70761,0.71123,0.71042,0.70988,0.70968,0.70988,0.71042,0.70988,0.70968,0.70988,0.71042,0.70988,0.70968,0.70988,0.71042,0.70988,0.70968,0.70988,0.71042,0.70988,0.70968,0.70988,0.71042,0.70988,0.70968,0.70988,0.71042,0.70988,0.70968,0.70988,0.71042,0.70988,0.70968,0.70988,0.71042,0.70988,0.70968,0.70988,0.71042,0.70988,0.70968,0.70988,0.71042,0.70988,0.70968,0.70988,0.71042,0.70988,0.70968,0.70988,0.71042,0.70988,0.70968,0.70988,0.71042,0.70988,0.70968,0.70988,0.71042,0.70988,0.70968,0.70988,0.71042,0.70988,0.70968,0.70988,0.71042,0.70988,0.70968,0.70988,0.71042,0.70988,0.70968,0.70988,0.71042,0.70988,0.70968,0.70988,0.71042,0.70988,0.70968,0.70988,0.71042,0.70988,0.70968,0.70988,0.71042,0.70988,0.70968,0.70988,0.71042,0.70988,0.70968,0.70988,0.71042,0.70988,0.70968,0.70988,0.71042,0.70988,0.70968,0.70988,0.71042,0.70988,0.70968,0.71035,0.71042,0.70891,0.71253,0.7072,0.71042,0.71575,0.69877,0.72094,0.71042,0.68685,0.76514,0.61915,0.2953,0.26279,0.32329,0.28107,0.2953,0.30203,0.28763,0.29843,0.2953,0.29336,0.2962,0.29429,0.2953,0.29508,0.29499,0.29508,0.2953,0.29508,0.29499,0.29508,0.2953,0.29508,0.29499,0.29508,0.2953,0.29508,0.29499,0.29508,0.2953,0.29508,0.29499,0.29508,0.2953,0.29508,0.29499,0.29508,0.2953,0.29508,0.29499,0.29508,0.2953,0.29508,0.29499,0.29508,0.2953,0.29508,0.29499,0.29508,0.2953,0.29508,0.29499,0.29508,0.2953,0.29508,0.29499,0.29508,0.2953,0.29508,0.29499,0.29508,0.2953,0.29508,0.29499,0.29508,0.2953,0.29508,0.29499,0.29508,0.2953,0.29508,0.29499,0.29508,0.2953,0.29508,0.29499,0.29508,0.2953,0.29508,0.29499,0.29508,0.2953,0.29508,0.29499,0.29508,0.2953,0.29508,0.29499,0.29508,0.2953,0.29508,0.29499,0.29508,0.2953,0.29508,0.29499,0.29508,0.2953,0.29508,0.29499,0.29508,0.2953,0.29508,0.29499,0.29508,0.2953,0.29508,0.29499,0.29508,0.2953,0.29508,0.29499,0.29508,0.2953,0.29508,0.29499,0.29541,0.2953,0.29438,0.29702,0.29317,0.2953,0.29925,0.28723,0.30295,0.2953,0.27869,0.33444,0.23053
0.70632,0.76072,0.65744,0.72962,0.70632,0.69396,0.71811,0.70008,0.70632,0.7087,0.70353,0.70713,0.70632,0.70578,0.70559,0.70578,0.70632,0.70578,0.70559,0.70578,0.70632,0.70578,0.70559,0.70578,0.70632,0.70578,0.70559,0.70578,0.70632,0.70578,0.70559,0.70578,0.70632,0.70578,0.70559,0.70578,0.70632,0.70578,0.70559,0.70578,0.70632,0.70578,0.70559,0.70578,0.70632,0.70578,0.70559,0.70578,0.70632,0.70578,0.70559,0.70578,0.70632,0.70578,0.70559,0.70578,0.70632,0.70578,0.70559,0.70578,0.70632,0.70578,0.70559,0.70578,0.70632,0.70578,0.70559,0.70578,0.70632,0.70578,0.70559,0.70578,0.70632,0.70578,0.70559,0.70578,0.70632,0.70578,0.70559,0.70578,0.70632,0.70578,0.70559,0.70578,0.70632,0.70578,0.70559,0.70578,0.70632,0.70578,0.70559,0.70578,0.70632,0.70578,0.70559,0.70578,0.70632,0.70578,0.70559,0.70578,0.70632,0.70578,0.70559,0.70578,0.70632,0.70578,0.70559,0.70578,0.70632,0.70578,0.70559,0.70578,0.70632,0.70578,0.70559,0.70564,0.70632,0.70609,0.7047,0.70662,0.70632,0.70395,0.70899,0.70233,0.70632,0.71296,0.6883,0.73407,0.83572,0.84515,0.82604,0.83946,0.83572,0.83292,0.83715,0.83404,0.83572,0.83562,0.83448,0.83534,0.83572,0.83509,0.83486,0.83509,0.83572,0.83509,0.83486,0.83509,0.83572,0.83509,0.83486,0.83509,0.83572,0.83509,0.83486,0.83509,0.83572,0.83509,0.83486,0.83509,0.83572,0.83509,0.83486,0.83509,0.83572,0.83509,0.83486,0.83509,0.83572,0.83509,0.83486,0.83509,0.83572,0.83509,0.83486,0.83509,0.83572,0.83509,0.83486,0.83509,0.83572,0.83509,0.83486,0.83509,0.83572,0.83509,0.83486,0.83509,0.83572,0.83509,0.83486,0.83509,0.83572,0.83509,0.83486,0.83509,0.83572,0.83509,0.83486,0.83509,0.83572,0.83509,0.83486,0.83509,0.83572,0.83509,0.83486,0.83509,0.83572,0.83509,0.83486,0.83509,0.83572,0.83509,0.83486,0.83509,0.83572,0.83509,0.83486,0.83509,0.83572,0.83509,0.83486,0.83509,0.83572,0.83509,0.83486,0.83509,0.83572,0.83509,0.83486,0.83509,0.83572,0.83509,0.83486,0.83509,0.83572,0.83509,0.83486,0.83509,0.83572,0.83509,0.83486,0.83603,0.83572,0.83313,0.8406,0.82969,0.83572,0.8469,0.81288,0.85736,0.83572,0.78873,0.9465,0.65242
0.89905,0.96829,0.83683,0.92871,0.89905,0.88331,0.91406,0.89111,0.89905,0.90208,0.8955,0.90008,0.89905,0.89837,0.89812,0.89837,0.89905,0.89837,0.89812,0.89837,0.89905,0.89837,0.89812,0.89837,0.89905,0.89837,0.89812,0.89837,0.89905,0.89837,0.89812,0.89837,0.89905,0.89837,0.89812,0.89837,0.89905,0.89837,0.89812,0.89837,0.89905,0.89837,0.89812,0.89837,0.89905,0.89837,0.89812,0.89837,0.89905,0.89837,0.89812,0.89837,0.89905,0.89837,0.89812,0.89837,0.89905,0.89837,0.89812,0.89837,0.89905,0.89837,0.89812,0.89837,0.89905,0.89837,0.89812,0.89837,0.89905,0.89837,0.89812,0.89837,0.89905,0.89837,0.89812,0.89837,0.89905,0.89837,0.89812,0.89837,0.89905,0.89837,0.89812,0.89837,0.89905,0.89837,0.89812,0.89837,0.89905,0.89837,0.89812,0.89837,0.89905,0.89837,0.89812,0.89837,0.89905,0.89837,0.89812,0.89837,0.89905,0.89837,0.89812,0.89837,0.89905,0.89837,0.89812,0.89837,0.89905,0.89837,0.89812,0.89837,0.89905,0.89837,0.89812,0.89909,0.89905,0.89686,0.90252,0.89422,0.89905,0.90743,0.88126,0.91546,0.89905,0.86279,0.98378,0.75821,0.25781,0.20774,0.30125,0.23597,0.25781,0.26835,0.24617,0.26279,0.25781,0.25496,0.25941,0.25639,0.25781,0.25761,0.25754,0.25761,0.25781,0.25761,0.25754,0.25761,0.25781,0.25761,0.25754,0.25761,0.25781,0.25761,0.25754,0.25761,0.25781,0.25761,0.25754,0.25761,0.25781,0.25761,0.25754,0.25761,0.25781,0.25761,0.25754,0.25761,0.25781,0.25761,0.25754,0.25761,0.25781,0.25761,0.25754,0.25761,0.25781,0.25761,0.25754,0.25761,0.25781,0.25761,0.25754,0.25761,0.25781,0.25761,0.25754,0.25761,0.25781,0.25761,0.25754,0.25761,0.25781,0.25761,0.25754,0.25761,0.25781,0.25761,0.25754,0.25761,0.25781,0.25761,0.25754,0.25761,0.25781,0.25761,0.25754,0.25761,0.25781,0.25761,0.25754,0.25761,0.25781,0.25761,0.25754,0.25761,0.25781,0.25761,0.25754,0.25761,0.25781,0.25761,0.25754,0.25761,0.25781,0.25761,0.25754,0.25761,0.25781,0.25761,0.25754,0.25761,0.25781,0.25761,0.25754,0.25761,0.25781,0.25761,0.25754,0.25761,0.25781,0.25761,0.25754,0.2579,0.25781,0.25701,0.25931,0.25595,0.25781,0.26126,0.25076,0.26448,0.25781,0.24331,0.29198,0.20126
0.86839,0.93527,0.8083,0.89704,0.86839,0.85319,0.88289,0.86072,0.86839,0.87132,0.86496,0.86938,0.86839,0.86773,0.86749,0.86773,0.86839,0.86773,0.86749,0.86773,0.86839,0.86773,0.86749,0.86773,0.86839,0.86773,0.86749,0.86773,0.86839,0.86773,0.86749,0.86773,0.86839,0.86773,0.86749,0.86773,0.86839,0.86773,0.86749,0.86773,0.86839,0.86773,0.86749,0.86773,0.86839,0.86773,0.86749,0.86773,0.86839,0.86773,0.86749,0.86773,0.86839,0.86773,0.86749,0.86773,0.86839,0.86773,0.86749,0.86773,0.86839,0.86773,0.86749,0.86773,0.86839,0.86773,0.86749,0.86773,0.86839,0.86773,0.86749,0.86773,0.86839,0.86773,0.86749,0.86773,0.86839,0.86773,0.86749,0.86773,0.86839,0.86773,0.86749,0.86773,0.86839,0.86773,0.86749,0.86773,0.86839,0.86773,0.86749,0.86773,0.86839,0.86773,0.86749,0.86773,0.86839,0.86773,0.86749,0.86773,0.86839,0.86773,0.86749,0.86773,0.86839,0.86773,0.86749,0.86773,0.86839,0.86773,0.86749,0.86773,0.86839,0.86773,0.86749,0.86773,0.86839,0.86773,0.86749,0.86773,0.86839,0.86773,0.86749,0.86773,0.86839,0.86773,0.86749,0.86773,0.86839,0.86773,0.86749,0.86773,0.86839,0.86773,0.86749,0.86773,0.86839,0.86773,0.86749,0.86773,0.86839,0.86773,0.86749,0.86773,0.86839,0.86773,0.86749,0.86773,0.86839,0.86773,0.86749,0.86773,0.86839,0.86773,0.86749,0.86773,0.86839,0.86773,0.86749,0.86773,0.86839,0.86773,0.86749,0.86773,0.86839,0.86773,0.86749,0.86773,0.86839,0.86773,0.86749,0.86773,0.86839,0.86773,0.86749,0.86773,0.86839,0.86773,0.86749,0.86773,0.86839,0.86773,0.86749,0.86773,0.86839,0.86773,0.86749,0.86773,0.86839,0.86773,0.86749,0.86773,0.86839,0.86773,0.86749,0.86773,0.86839,0.86773,0.86749,0.86773,0.86839,0.86773,0.86749,0.86773,0.86839,0.86773,0.86749,0.86773,0.86839,0.86773,0.86749,0.86773,0.86839,0.86773,0.86749,0.86773,0.86839,0.86773,0.86749,0.86773,0.86839,0.86773,0.86749,0.86773,0.86839,0.86773,0.86749,0.86773,0.86839,0.86773,0.86749,0.86773,0.86839,0.86773,0.86749,0.86773,0.86839,0.86773,0.86749,0.86773,0.86839,0.86773,0.86749,0.86871,0.86839,0.86569,0.87346,0.86212,0.86839,0.88,0.84466,0.89087,0.86839,0.81956,0.9835,0.67792
0.68982,0.74295,0.64208,0.71258,0.68982,0.67774,0.70133,0.68373,0.68982,0.69215,0.68709,0.69061,0.68982,0.68929,0.6891,0.68929,0.68982,0.68929,0.6891,0.68929,0.68982,0.68929,0.6891,0.68929,0.68982,0.68929,0.6891,0.68929,0.68982,0.68929,0.6891,0.68929,0.68982,0.68929,0.6891,0.68929,0.68982,0.68929,0.6891,0.68929,0.68982,0.68929,0.6891,0.68929,0.68982,0.68929,0.6891,0.68929,0.68982,0.68929,0.6891,0.68929,0.68982,0.68929,0.6891,0.68929,0.68982,0.68929,0.6891,0.68929,0.68982,0.68929,0.6891,0.68929,0.68982,0.68929,0.6891,0.68929,0.68982,0.68929,0.6891,0.68929,0.68982,0.68929,0.6891,0.68929,0.68982,0.68929,0.6891,0.68929,0.68982,0.68929,0.6891,0.68929,0.68982,0.68929,0.6891,0.68929,0.68982,0.68929,0.6891,0.68929,0.68982,0.68929,0.6891,0.68929,0.68982,0.68929,0.6891,0.68929,0.68982,0.68929,0.6891,0.68929,0.68982,0.68929,0.6891,0.68929,0.68982,0.68929,0.6891,0.68929,0.68982,0.68929,0.6891,0.68915,0.68982,0.6896,0.68822,0.69012,0.68982,0.68748,0.69247,0.68588,0.68982,0.69641,0.67198,0.71731,0.81799,0.82734,0.80841,0.8217,0.81799,0.81522,0.81942,0.81634,0.81799,0.8179,0.81677,0.81761,0.81799,0.81737,0.81714,0.81737,0.81799,0.81737,0.81714,0.81737,0.81799,0.81737,0.81714,0.81737,0.81799,0.81737,0.81714,0.81737,0.81799,0.81737,0.81714,0.81737,0.81799,0.81737,0.81714,0.81737,0.81799,0.81737,0.81714,0.81737,0.81799,0.81737,0.81714,0.81737,0.81799,0.81737,0.81714,0.81737,0.81799,0.81737,0.81714,0.81737,0.81799,0.81737,0.81714,0.81737,0.81799,0.81737,0.81714,0.81737,0.81799,0.81737,0.81714,0.81737,0.81799,0.81737,0.81714,0.81737,0.81799,0.81737,0.81714,0.81737,0.81799,0.81737,0.81714,0.81737,0.81799,0.81737,0.81714,0.81737,0.81799,0.81737,0.81714,0.81737,0.81799,0.81737,0.81714,0.81737,0.81799,0.81737,0.81714,0.81737,0.81799,0.81737,0.81714,0.81737,0.81799,0.81737,0.81714,0.81737,0.81799,0.81737,0.81714,0.81737,0.81799,0.81737,0.81714,0.81737,0.81799,0.81737,0.81714,0.81737,0.81799,0.81737,0.81714,0.8183,0.81799,0.81545,0.82276,0.81208,0.81799,0.82893,0.79564,0.83917,0.81799,0.77199,0.92642,0.63858
0.13959,0.15034,0.12993,0.14419,0.13959,0.13714,0.14192,0.13835,0.13959,0.14006,0.13903,0.13975,0.13959,0.13948,0.13944,0.13948,0.13959,0.13948,0.13944,0.13948,0.13959,0.13948,0.13944,0.13948,0.13959,0.13948,0.13944,0.13948,0.13959,0.13948,0.13944,0.13948,0.13959,0.13948,0.13944,0.13948,0.13959,0.13948,0.13944,0.13948,0.13959,0.13948,0.13944,0.13948,0.13959,0.13948,0.13944,0.13948,0.13959,0.13948,0.13944,0.13948,0.13959,0.13948,0.13944,0.13948,0.13959,0.13948,0.13944,0.13948,0.13959,0.13948,0.13944,0.13948,0.13959,0.13948,0.13944,0.13948,0.13959,0.13948,0.13944,0.13948,0.13959,0.13948,0.13944,0.13948,0.13959,0.13948,0.13944,0.13948,0.13959,0.13948,0.13944,0.13948,0.13959,0.13948,0.13944,0.13948,0.13959,0.13948,0.13944,0.13948,0.13959,0.13948,0.13944,0.13948,0.13959,0.13948,0.13944,0.13948,0.13959,0.13948,0.13944,0.13948,0.13959,0.13948,0.13944,0.13948,0.13959,0.13948,0.13944,0.13948,0.13959,0.13948,0.13944,0.1387,0.13959,0.1411,0.13469,0.14395,0.13959,0.12971,0.15761,0.12106,0.13959,0.17782,0.047118,0.29054,0.83068,0.8838,0.78271,0.85338,0.83068,0.81848,0.84207,0.82447,0.83068,0.83291,0.82781,0.83137,0.83068,0.83005,0.82982,0.83005,0.83068,0.83005,0.82982,0.83005,0.83068,0.83005,0.82982,0.83005,0.83068,0.83005,0.82982,0.83005,0.83068,0.83005,0.82982,0.83005,0.83068,0.83005,0.82982,0.83005,0.83068,0.83005,0.82982,0.83005,0.83068,0.83005,0.82982,0.83005,0.83068,0.83005,0.82982,0.83005,0.83068,0.83005,0.82982,0.83005,0.83068,0.83005,0.82982,0.83005,0.83068,0.83005,0.82982,0.83005,0.83068,0.83005,0.82982,0.83005,0.83068,0.83005,0.82982,0.83005,0.83068,0.83005,0.82982,0.83005,0.83068,0.83005,0.82982,0.83005,0.83068,0.83005,0.82982,0.83005,0.83068,0.83005,0.82982,0.83005,0.83068,0.83005,0.82982,0.83005,0.83068,0.83005,0.82982,0.83005,0.83068,0.83005,0.82982,0.83005,0.83068,0.83005,0.82982,0.83005,0.83068,0.83005,0.82982,0.83005,0.83068,0.83005,0.82982,0.83005,0.83068,0.83005,0.82982,0.83005,0.83068,0.83005,0.82982,0.83099,0.83068,0.8281,0.83553,0.82468,0.83068,0.84179,0.80798,0.85219,0.83068,0.78397,0.94079,0.64849
0.8558,0.92171,0.79658,0.88403,0.8558,0.84082,0.87009,0.84824,0.8558,0.85869,0.85242,0.85678,0.8558,0.85515,0.85491,0.85515,0.8558,0.85515,0.85491,0.85515,0.8558,0.85515,0.85491,0.85515,0.8558,0.85515,0.85491,0.85515,0.8558,0.85515,0.85491,0.85515,0.8558,0.85515,0.85491,0.85515,0.8558,0.85515,0.85491,0.85515,0.8558,0.85515,0.85491,0.85515,0.8558,0.85515,0.85491,0.85515,0.8558,0.85515,0.85491,0.85515,0.8558,0.85515,0.85491,0.85515,0.8558,0.85515,0.85491,0.85515,0.8558,0.85515,0.85491,0.85515,0.8558,0.85515,0.85491,0.85515,0.8558,0.85515,0.85491,0.85515,0.8558,0.85515,0.85491,0.85515,0.8558,0.85515,0.85491,0.85515,0.8558,0.85515,0.85491,0.85515,0.8558,0.85515,0.85491,0.85515,0.8558,0.85515,0.85491,0.85515,0.8558,0.85515,0.85491,0.85515,0.8558,0.85515,0.85491,0.85515,0.8558,0.85515,0.85491,0.85515,0.8558,0.85515,0.85491,0.85515,0.8558,0.85515,0.85491,0.85515,0.8558,0.85515,0.85491,0.85578,0.8558,0.85385,0.85871,0.85157,0.8558,0.86297,0.84037,0.86989,0.8558,0.82446,0.92882,0.73422,0.30253,0.25927,0.33993,0.28363,0.30253,0.31157,0.29241,0.30677,0.30253,0.30002,0.30383,0.30125,0.30253,0.3023,0.30222,0.3023,0.30253,0.3023,0.30222,0.3023,0.30253,0.3023,0.30222,0.3023,0.30253,0.3023,0.30222,0.3023,0.30253,0.3023,0.30222,0.3023,0.30253,0.3023,0.30222,0.3023,0.30253,0.3023,0.30222,0.3023,0.30253,0.3023,0.30222,0.3023,0.30253,0.3023,0.30222,0.3023,0.30253,0.3023,0.30222,0.3023,0.30253,0.3023,0.30222,0.3023,0.30253,0.3023,0.30222,0.3023,0.30253,0.3023,0.30222,0.3023,0.30253,0.3023,0.30222,0.3023,0.30253,0.3023,0.30222,0.3023,0.30253,0.3023,0.30222,0.3023,0.30253,0.3023,0.30222,0.3023,0.30253,0.3023,0.30222,0.3023,0.30253,0.3023,0.30222,0.3023,0.30253,0.3023,0.30222,0.3023,0.30253,0.3023,0.30222,0.3023,0.30253,0.3023,0.30222,0.3023,0.30253,0.3023,0.30222,0.3023,0.30253,0.3023,0.30222,0.3023,0.30253,0.3023,0.30222,0.3023,0.30253,0.3023,0.30222,0.30265,0.30253,0.30159,0.3043,0.30035,0.30253,0.30658,0.29427,0.31037,0.30253,0.28552,0.34264,0.23618
0.68061,0.73303,0.63351,0.70307,0.68061,0.6687,0.69198,0.6746,0.68061,0.68291,0.67792,0.68139,0.68061,0.6801,0.67991,0.6801,0.68061,0.6801,0.67991,0.6801,0.68061,0.6801,0.67991,0.6801,0.68061,0.6801,0.67991,0.6801,0.68061,0.6801,0.67991,0.6801,0.68061,0.6801,0.67991,0.6801,0.68061,0.6801,0.67991,0.6801,0.68061,0.6801,0.67991,0.6801,0.68061,0.6801,0.67991,0.6801,0.68061,0.6801,0.67991,0.6801,0.68061,0.6801,0.67991,0.6801,0.68061,0.6801,0.67991,0.6801,0.68061,0.6801,0.67991,0.6801,0.68061,0.6801,0.67991,0.6801,0.68061,0.6801,0.67991,0.6801,0.68061,0.6801,0.67991,0.6801,0.68061,0.6801,0.67991,0.6801,0.68061,0.6801,0.67991,0.6801,0.68061,0.6801,0.67991,0.6801,0.68061,0.6801,0.67991,0.6801,0.68061,0.6801,0.67991,0.6801,0.68061,0.6801,0.67991,0.6801,0.68061,0.6801,0.67991,0.6801,0.68061,0.6801,0.67991,0.6801,0.68061,0.6801,0.67991,0.6801,0.68061,0.6801,0.67991,0.67994,0.68061,0.68043,0.67893,0.68102,0.68061,0.67809,0.68364,0.67631,0.68061,0.68797,0.66095,0.71112,0.82256,0.83297,0.81203,0.82673,0.82256,0.81956,0.82422,0.82079,0.82256,0.82252,0.82129,0.8222,0.82256,0.82193,0.8217,0.82193,0.82256,0.82193,0.8217,0.82193,0.82256,0.82193,0.8217,0.82193,0.82256,0.82193,0.8217,0.82193,0.82256,0.82193,0.8217,0.82193,0.82256,0.82193,0.8217,0.82193,0.82256,0.82193,0.8217,0.82193,0.82256,0.82193,0.8217,0.82193,0.82256,0.82193,0.8217,0.82193,0.82256,0.82193,0.8217,0.82193,0.82256,0.82193,0.8217,0.82193,0.82256,0.82193,0.8217,0.82193,0.82256,0.82193,0.8217,0.82193,0.82256,0.82193,0.8217,0.82193,0.82256,0.82193,0.8217,0.82193,0.82256,0.82193,0.8217,0.82193,0.82256,0.82193,0.8217,0.82193,0.82256,0.82193,0.8217,0.82193,0.82256,0.82193,0.8217,0.82193,0.82256,0.82193,0.8217,0.82193,0.82256,0.82193,0.8217,0.82193,0.82256,0.82193,0.8217,0.82193,0.82256,0.82193,0.8217,0.82193,0.82256,0.82193,0.8217,0.82193,0.82256,0.82193,0.8217,0.82193,0.82256,0.82193,0.8217,0.82286,0.82256,0.82,0.82736,0.81662,0.82256,0.83356,0.80008,0.84386,0.82256,0.7763,0.93159,0.64214
0.74857,0.80623,0.69677,0.77327,0.74857,0.73547,0.76107,0.74196,0.74857,0.7511,0.74561,0.74943,0.74857,0.748,0.74779,0.748,0.74857,0.748,0.74779,0.748,0.74857,0.748,0.74779,0.748,0.74857,0.748,0.74779,0.748,0.74857,0.748,0.74779,0.748,0.74857,0.748,0.74779,0.748,0.74857,0.748,0.74779,0.748,0.74857,0.748,0.74779,0.748,0.74857,0.748,0.74779,0.748,0.74857,0.748,0.74779,0.748,0.74857,0.748,0.74779,0.748,0.74857,0.748,0.74779,0.748,0.74857,0.748,0.74779,0.748,0.74857,0.748,0.74779,0.748,0.74857,0.748,0.74779,0.748,0.74857,0.748,0.74779,0.748,0.74857,0.748,0.74779,0.748,0.74857,0.748,0.74779,0.748,0.74857,0.748,0.74779,0.748,0.74857,0.748,0.74779,0.748,0.74857,0.748,0.74779,0.748,0.74857,0.748,0.74779,0.748,0.74857,0.748,0.74779,0.748,0.74857,0.748,0.74779,0.748,0.74857,0.748,0.74779,0.748,0.74857,0.748,0.74779,0.74832,0.74857,0.74735,0.74971,0.7462,0.74857,0.75193,0.74048,0.75542,0.74857,0.73257,0.78496,0.6872,0.47039,0.4484,0.48886,0.46064,0.47039,0.47469,0.46497,0.47228,0.47039,0.46888,0.47071,0.4695,0.47039,0.47003,0.4699,0.47003,0.47039,0.47003,0.4699,0.47003,0.47039,0.47003,0.4699,0.47003,0.47039,0.47003,0.4699,0.47003,0.47039,0.47003,0.4699,0.47003,0.47039,0.47003,0.4699,0.47003,0.47039,0.47003,0.4699,0.47003,0.47039,0.47003,0.4699,0.47003,0.47039,0.47003,0.4699,0.47003,0.47039,0.47003,0.4699,0.47003,0.47039,0.47003,0.4699,0.47003,0.47039,0.47003,0.4699,0.47003,0.47039,0.47003,0.4699,0.47003,0.47039,0.47003,0.4699,0.47003,0.47039,0.47003,0.4699,0.47003,0.47039,0.47003,0.4699,0.47003,0.47039,0.47003,0.4699,0.47003,0.47039,0.47003,0.4699,0.47003,0.47039,0.47003,0.4699,0.47003,0.47039,0.47003,0.4699,0.47003,0.47039,0.47003,0.4699,0.47003,0.47039,0.47003,0.4699,0.47003,0.47039,0.47003,0.4699,0.47003,0.47039,0.47003,0.4699,0.47003,0.47039,0.47003,0.4699,0.47003,0.47039,0.47003,0.4699,0.47056,0.47039,0.46893,0.47313,0.46699,0.47039,0.47668,0.45753,0.48257,0.47039,0.44394,0.53274,0.36722
0.90405,0.97368,0.84149,0.93388,0.90405,0.88823,0.91915,0.89607,0.90405,0.90711,0.90048,0.90509,0.90405,0.90337,0.90312,0.90337,0.90405,0.90337,0.90312,0.90337,0.90405,0.90337,0.90312,0.90337,0.90405,0.90337,0.90312,0.90337,0.90405,0.90337,0.90312,0.90337,0.90405,0.90337,0.90312,0.90337,0.90405,0.90337,0.90312,0.90337,0.90405,0.90337,0.90312,0.90337,0.90405,0.90337,0.90312,0.90337,0.90405,0.90337,0.90312,0.90337,0.90405,0.90337,0.90312,0.90337,0.90405,0.90337,0.90312,0.90337,0.90405,0.90337,0.90312,0.90337,0.90405,0.90337,0.90312,0.90337,0.90405,0.90337,0.90312,0.90337,0.90405,0.90337,0.90312,0.90337,0.90405,0.90337,0.90312,0.90337,0.90405,0.90337,0.90312,0.90337,0.90405,0.90337,0.90312,0.90337,0.90405,0.90337,0.90312,0.90337,0.90405,0.90337,0.90312,0.90337,0.90405,0.90337,0.90312,0.90337,0.90405,0.90337,0.90312,0.90337,0.90405,0.90337,0.90312,0.90337,0.90405,0.90337,0.90312,0.90337,0.90405,0.90337,0.90312,0.90428,0.90405,0.90148,0.90863,0.89818,0.90405,0.91472,0.88201,0.92477,0.90405,0.85883,1.0104,0.72788,0.10116,0.038634,0.15578,0.073984,0.10116,0.11453,0.086817,0.10756,0.10116,0.097763,0.10339,0.099556,0.10116,0.10108,0.10105,0.10108,0.10116,0.10108,0.10105,0.10108,0.10116,0.10108,0.10105,0.10108,0.10116,0.10108,0.10105,0.10108,0.10116,0.10108,0.10105,0.10108,0.10116,0.10108,0.10105,0.10108,0.10116,0.10108,0.10105,0.10108,0.10116,0.10108,0.10105,0.10108,0.10116,0.10108,0.10105,0.10108,0.10116,0.10108,0.10105,0.10108,0.10116,0.10108,0.10105,0.10108,0.10116,0.10108,0.10105,0.10108,0.10116,0.10108,0.10105,0.10108,0.10116,0.10108,0.10105,0.10108,0.10116,0.10108,0.10105,0.10108,0.10116,0.10108,0.10105,0.10108,0.10116,0.10108,0.10105,0.10108,0.10116,0.10108,0.10105,0.10108,0.10116,0.10108,0.10105,0.10108,0.10116,0.10108,0.10105,0.10108,0.10116,0.10108,0.10105,0.10108,0.10116,0.10108,0.10105,0.10108,0.10116,0.10108,0.10105,0.10108,0.10116,0.10108,0.10105,0.10108,0.10116,0.10108,0.10105,0.10108,0.10116,0.10108,0.10105,0.1012,0.10116,0.10084,0.10175,0.10043,0.10116,0.10251,0.098394,0.10378,0.10116,0.09547,0.11457,0.078971
0.74459,0.80194,0.69307,0.76916,0.74459,0.73156,0.75702,0.73802,0.74459,0.74711,0.74165,0.74544,0.74459,0.74403,0.74382,0.74403,0.74459,0.74403,0.74382,0.74403,0.74459,0.74403,0.74382,0.74403,0.74459,0.74403,0.74382,0.74403,0.74459,0.74403,0.74382,0.74403,0.74459,0.74403,0.74382,0.74403,0.74459,0.74403,0.74382,0.74403,0.74459,0.74403,0.74382,0.74403,0.74459,0.74403,0.74382,0.74403,0.74459,0.74403,0.74382,0.74403,0.74459,0.74403,0.74382,0.74403,0.74459,0.74403,0.74382,0.74403,0.74459,0.74403,0.74382,0.74403,0.74459,0.74403,0.74382,0.74403,0.74459,0.74403,0.74382,0.74403,0.74459,0.74403,0.74382,0.74403,0.74459,0.74403,0.74382,0.74403,0.74459,0.74403,0.74382,0.74403,0.74459,0.74403,0.74382,0.74403,0.74459,0.74403,0.74382,0.74403,0.74459,0.74403,0.74382,0.74403,0.74459,0.74403,0.74382,0.74403,0.74459,0.74403,0.74382,0.74403,0.74459,0.74403,0.74382,0.74403,0.74459,0.74403,0.74382,0.74403,0.74459,0.74403,0.74382,0.74403,0.74459,0.74403,0.74382,0.74403,0.74459,0.74403,0.74382,0.74403,0.74459,0.74403,0.74382,0.74403,0.74459,0.74403,0.74382,0.74403,0.74459,0.74403,0.74382,0.74403,0.74459,0.74403,0.74382,0.74403,0.74459,0.74403,0.74382,0.74403,0.74459,0.74403,0.74382,0.74403,0.74459,0.74403,0.74382,0.74403,0.74459,0.74403,0.74382,0.74403,0.74459,0.74403,0.74382,0.74403,0.74459,0.74403,0.74382,0.74403,0.74459,0.74403,0.74382,0.74403,0.74459,0.74403,0.74382,0.74403,0.74459,0.74403,0.74382,0.74403,0.74459,0.74403,0.74382,0.74403,0.74459,0.74403,0.74382,0.74403,0.74459,0.74403,0.74382,0.74403,0.74459,0.74403,0.74382,0.74403,0.74459,0.74403,0.74382,0.74403,0.74459,0.74403,0.74382,0.74403,0.74459,0.74403,0.74382,0.74403,0.74459,0.74403,0.74382,0.74403,0.74459,0.74403,0.74382,0.74403,0.74459,0.74403,0.74382,0.74403,0.74459,0.74403,0.74382,0.74403,0.74459,0.74403,0.74382,0.74403,0.74459,0.74403,0.74382,0.74403,0.74459,0.74403,0.74382,0.74403,0.74459,0.74403,0.74382,0.74403,0.74459,0.74403,0.74382,0.74403,0.74459,0.74403,0.74382,0.74487,0.74459,0.74228,0.74894,0.73922,0.74459,0.75455,0.72424,0.76387,0.74459,0.70272,0.84329,0.58128
0.67592,0.72799,0.62915,0.69823,0.67592,0.66409,0.68721,0.66996,0.67592,0.67821,0.67325,0.6767,0.67592,0.67541,0.67522,0.67541,0.67592,0.67541,0.67522,0.67541,0.67592,0.67541,0.67522,0.67541,0.67592,0.67541,0.67522,0.67541,0.67592,0.67541,0.67522,0.67541,0.67592,0.67541,0.67522,0.67541,0.67592,0.67541,0.67522,0.67541,0.67592,0.67541,0.67522,0.67541,0.67592,0.67541,0.67522,0.67541,0.67592,0.67541,0.67522,0.67541,0.67592,0.67541,0.67522,0.67541,0.67592,0.67541,0.67522,0.67541,0.67592,0.67541,0.67522,0.67541,0.67592,0.67541,0.67522,0.67541,0.67592,0.67541,0.67522,0.67541,0.67592,0.67541,0.67522,0.67541,0.67592,0.67541,0.67522,0.67541,0.67592,0.67541,0.67522,0.67541,0.67592,0.67541,0.67522,0.67541,0.67592,0.67541,0.67522,0.67541,0.67592,0.67541,0.67522,0.67541,0.67592,0.67541,0.67522,0.67541,0.67592,0.67541,0.67522,0.67541,0.67592,0.67541,0.67522,0.67541,0.67592,0.67541,0.67522,0.67541,0.67592,0.67541,0.67522,0.67575,0.67592,0.6747,0.6773,0.67346,0.67592,0.67969,0.66727,0.68348,0.67592,0.65862,0.71565,0.60926,0.37328,0.34946,0.39353,0.36279,0.37328,0.37807,0.36753,0.37545,0.37328,0.37175,0.37378,0.37243,0.37328,0.373,0.3729,0.373,0.37328,0.373,0.3729,0.373,0.37328,0.373,0.3729,0.373,0.37328,0.373,0.3729,0.373,0.37328,0.373,0.3729,0.373,0.37328,0.373,0.3729,0.373,0.37328,0.373,0.3729,0.373,0.37328,0.373,0.3729,0.373,0.37328,0.373,0.3729,0.373,0.37328,0.373,0.3729,0.373,0.37328,0.373,0.3729,0.373,0.37328,0.373,0.3729,0.373,0.37328,0.373,0.3729,0.373,0.37328,0.373,0.3729,0.373,0.37328,0.373,0.3729,0.373,0.37328,0.373,0.3729,0.373,0.37328,0.373,0.3729,0.373,0.37328,0.373,0.3729,0.373,0.37328,0.373,0.3729,0.373,0.37328,0.373,0.3729,0.373,0.37328,0.373,0.3729,0.373,0.37328,0.373,0.3729,0.373,0.37328,0.373,0.3729,0.373,0.37328,0.373,0.3729,0.373,0.37328,0.373,0.3729,0.373,0.37328,0.373,0.3729,0.37342,0.37328,0.37213,0.37546,0.37059,0.37328,0.37828,0.36308,0.38295,0.37328,0.35229,0.42277,0.29141
0.82309,0.88649,0.76613,0.85025,0.82309,0.80868,0.83683,0.81582,0.82309,0.82587,0.81984,0.82403,0.82309,0.82247,0.82224,0.82247,0.82309,0.82247,0.82224,0.82247,0.82309,0.82247,0.82224,0.82247,0.82309,0.82247,0.82224,0.82247,0.82309,0.82247,0.82224,0.82247,0.82309,0.82247,0.82224,0.82247,0.82309,0.82247,0.82224,0.82247,0.82309,0.82247,0.82224,0.82247,0.82309,0.82247,0.82224,0.82247,0.82309,0.82247,0.82224,0.82247,0.82309,0.82247,0.82224,0.82247,0.82309,0.82247,0.82224,0.82247,0.82309,0.82247,0.82224,0.82247,0.82309,0.82247,0.82224,0.82247,0.82309,0.82247,0.82224,0.82247,0.82309,0.82247,0.82224,0.82247,0.82309,0.82247,0.82224,0.82247,0.82309,0.82247,0.82224,0.82247,0.82309,0.82247,0.82224,0.82247,0.82309,0.82247,0.82224,0.82247,0.82309,0.82247,0.82224,0.82247,0.82309,0.82247,0.82224,0.82247,0.82309,0.82247,0.82224,0.82247,0.82309,0.82247,0.82224,0.82247,0.82309,0.82247,0.82224,0.82247,0.82309,0.82247,0.82224,0.82281,0.82309,0.82176,0.82431,0.82052,0.82309,0.82672,0.81432,0.83049,0.82309,0.80576,0.86246,0.75666,0.522,0.49819,0.54199,0.51145,0.522,0.52665,0.51613,0.52404,0.522,0.52037,0.52234,0.52104,0.522,0.52161,0.52146,0.52161,0.522,0.52161,0.52146,0.52161,0.522,0.52161,0.52146,0.52161,0.522,0.52161,0.52146,0.52161,0.522,0.52161,0.52146,0.52161,0.522,0.52161,0.52146,0.52161,0.522,0.52161,0.52146,0.52161,0.522,0.52161,0.52146,0.52161,0.522,0.52161,0.52146,0.52161,0.522,0.52161,0.52146,0.52161,0.522,0.52161,0.52146,0.52161,0.522,0.52161,0.52146,0.52161,0.522,0.52161,0.52146,0.52161,0.522,0.52161,0.52146,0.52161,0.522,0.52161,0.52146,0.52161,0.522,0.52161,0.52146,0.52161,0.522,0.52161,0.52146,0.52161,0.522,0.52161,0.52146,0.52161,0.522,0.52161,0.52146,0.52161,0.522,0.52161,0.52146,0.52161,0.522,0.52161,0.52146,0.52161,0.522,0.52161,0.52146,0.52161,0.522,0.52161,0.52146,0.52161,0.522,0.52161,0.52146,0.52161,0.522,0.52161,0.52146,0.52161,0.522,0.52161,0.52146,0.5222,0.522,0.52038,0.52505,0.51824,0.522,0.52899,0.50774,0.53552,0.522,0.49265,0.5912,0.40751
0.24833,0.26745,0.23114,0.25652,0.24833,0.24398,0.25247,0.24613,0.24833,0.24917,0.24735,0.24861,0.24833,0.24814,0.24807,0.24814,0.24833,0.24814,0.24807,0.24814,0.24833,0.24814,0.24807,0.24814,0.24833,0.24814,0.24807,0.24814,0.24833,0.24814,0.24807,0.24814,0.24833,0.24814,0.24807,0.24814,0.24833,0.24814,0.24807,0.24814,0.24833,0.24814,0.24807,0.24814,0.24833,0.24814,0.24807,0.24814,0.24833,0.24814,0.24807,0.24814,0.24833,0.24814,0.24807,0.24814,0.24833,0.24814,0.24807,0.24814,0.24833,0.24814,0.24807,0.24814,0.24833,0.24814,0.24807,0.24814,0.24833,0.24814,0.24807,0.24814,0.24833,0.24814,0.24807,0.24814,0.24833,0.24814,0.24807,0.24814,0.24833,0.24814,0.24807,0.24814,0.24833,0.24814,0.24807,0.24814,0.24833,0.24814,0.24807,0.24814,0.24833,0.24814,0.24807,0.24814,0.24833,0.24814,0.24807,0.24814,0.24833,0.24814,0.24807,0.24814,0.24833,0.24814,0.24807,0.24814,0.24833,0.24814,0.24807,0.24814,0.24833,0.24814,0.24807,0.24754,0.24833,0.24939,0.2444,0.25159,0.24833,0.2406,0.2621,0.23392,0.24833,0.27774,0.1768,0.36475,0.78185,0.82276,0.74467,0.79927,0.78185,0.77233,0.7905,0.77695,0.78185,0.78347,0.77949,0.78227,0.78185,0.78126,0.78104,0.78126,0.78185,0.78126,0.78104,0.78126,0.78185,0.78126,0.78104,0.78126,0.78185,0.78126,0.78104,0.78126,0.78185,0.78126,0.78104,0.78126,0.78185,0.78126,0.78104,0.78126,0.78185,0.78126,0.78104,0.78126,0.78185,0.78126,0.78104,0.78126,0.78185,0.78126,0.78104,0.78126,0.78185,0.78126,0.78104,0.78126,0.78185,0.78126,0.78104,0.78126,0.78185,0.78126,0.78104,0.78126,0.78185,0.78126,0.78104,0.78126,0.78185,0.78126,0.78104,0.78126,0.78185,0.78126,0.78104,0.78126,0.78185,0.78126,0.78104,0.78126,0.78185,0.78126,0.78104,0.78126,0.78185,0.78126,0.78104,0.78126,0.78185,0.78126,0.78104,0.78126,0.78185,0.78126,0.78104,0.78126,0.78185,0.78126,0.78104,0.78126,0.78185,0.78126,0.78104,0.78126,0.78185,0.78126,0.78104,0.78126,0.78185,0.78126,0.78104,0.78126,0.78185,0.78126,0.78104,0.78126,0.78185,0.78126,0.78104,0.78214,0.78185,0.77942,0.78641,0.77621,0.78185,0.79231,0.76049,0.8021,0.78185,0.73789,0.88549,0.61037
0.13889,0.14958,0.12927,0.14347,0.13889,0.13645,0.1412,0.13766,0.13889,0.13935,0.13834,0.13904,0.13889,0.13878,0.13874,0.13878,0.13889,0.13878,0.13874,0.13878,0.13889,0.13878,0.13874,0.13878,0.13889,0.13878,0.13874,0.13878,0.13889,0.13878,0.13874,0.13878,0.13889,0.13878,0.13874,0.13878,0.13889,0.13878,0.13874,0.13878,0.13889,0.13878,0.13874,0.13878,0.13889,0.13878,0.13874,0.13878,0.13889,0.13878,0.13874,0.13878,0.13889,0.13878,0.13874,0.13878,0.13889,0.13878,0.13874,0.13878,0.13889,0.13878,0.13874,0.13878,0.13889,0.13878,0.13874,0.13878,0.13889,0.13878,0.13874,0.13878,0.13889,0.13878,0.13874,0.13878,0.13889,0.13878,0.13874,0.13878,0.13889,0.13878,0.13874,0.13878,0.13889,0.13878,0.13874,0.13878,0.13889,0.13878,0.13874,0.13878,0.13889,0.13878,0.13874,0.13878,0.13889,0.13878,0.13874,0.13878,0.13889,0.13878,0.13874,0.13878,0.13889,0.13878,0.13874,0.13878,0.13889,0.13878,0.13874,0.13878,0.13889,0.13878,0.13874,0.13794,0.13889,0.14053,0.13362,0.1436,0.13889,0.12824,0.15835,0.1189,0.13889,0.18016,0.039108,0.3018,0.8847,0.94204,0.83295,0.90921,0.8847,0.87155,0.89701,0.87801,0.8847,0.88712,0.88162,0.88545,0.8847,0.88404,0.88379,0.88404,0.8847,0.88404,0.88379,0.88404,0.8847,0.88404,0.88379,0.88404,0.8847,0.88404,0.88379,0.88404,0.8847,0.88404,0.88379,0.88404,0.8847,0.88404,0.88379,0.88404,0.8847,0.88404,0.88379,0.88404,0.8847,0.88404,0.88379,0.88404,0.8847,0.88404,0.88379,0.88404,0.8847,0.88404,0.88379,0.88404,0.8847,0.88404,0.88379,0.88404,0.8847,0.88404,0.88379,0.88404,0.8847,0.88404,0.88379,0.88404,0.8847,0.88404,0.88379,0.88404,0.8847,0.88404,0.88379,0.88404,0.8847,0.88404,0.88379,0.88404,0.8847,0.88404,0.88379,0.88404,0.8847,0.88404,0.88379,0.88404,0.8847,0.88404,0.88379,0.88404,0.8847,0.88404,0.88379,0.88404,0.8847,0.88404,0.88379,0.88404,0.8847,0.88404,0.88379,0.88404,0.8847,0.88404,0.88379,0.88404,0.8847,0.88404,0.88379,0.88404,0.8847,0.88404,0.88379,0.88404,0.8847,0.88404,0.88379,0.88504,0.8847,0.88196,0.88987,0.87832,0.8847,0.89654,0.86053,0.90761,0.8847,0.83496,1.002,0.69066
0.84166,0.90649,0.78342,0.86943,0.84166,0.82693,0.85571,0.83423,0.84166,0.8445,0.83834,0.84262,0.84166,0.84102,0.84079,0.84102,0.84166,0.84102,0.84079,0.84102,0.84166,0.84102,0.84079,0.84102,0.84166,0.84102,0.84079,0.84102,0.84166,0.84102,0.84079,0.84102,0.84166,0.84102,0.84079,0.84102,0.84166,0.84102,0.84079,0.84102,0.84166,0.84102,0.84079,0.84102,0.84166,0.84102,0.84079,0.84102,0.84166,0.84102,0.84079,0.84102,0.84166,0.84102,0.84079,0.84102,0.84166,0.84102,0.84079,0.84102,0.84166,0.84102,0.84079,0.84102,0.84166,0.84102,0.84079,0.84102,0.84166,0.84102,0.84079,0.84102,0.84166,0.84102,0.84079,0.84102,0.84166,0.84102,0.84079,0.84102,0.84166,0.84102,0.84079,0.84102,0.84166,0.84102,0.84079,0.84102,0.84166,0.84102,0.84079,0.84102,0.84166,0.84102,0.84079,0.84102,0.84166,0.84102,0.84079,0.84102,0.84166,0.84102,0.84079,0.84102,0.84166,0.84102,0.84079,0.84102,0.84166,0.84102,0.84079,0.84102,0.84166,0.84102,0.84079,0.84165,0.84166,0.83971,0.84462,0.83742,0.84166,0.84891,0.82612,0.85589,0.84166,0.81008,0.91531,0.7191,0.28384,0.24024,0.32157,0.2648,0.28384,0.29297,0.27365,0.28813,0.28384,0.28132,0.28517,0.28257,0.28384,0.28363,0.28355,0.28363,0.28384,0.28363,0.28355,0.28363,0.28384,0.28363,0.28355,0.28363,0.28384,0.28363,0.28355,0.28363,0.28384,0.28363,0.28355,0.28363,0.28384,0.28363,0.28355,0.28363,0.28384,0.28363,0.28355,0.28363,0.28384,0.28363,0.28355,0.28363,0.28384,0.28363,0.28355,0.28363,0.28384,0.28363,0.28355,0.28363,0.28384,0.28363,0.28355,0.28363,0.28384,0.28363,0.28355,0.28363,0.28384,0.28363,0.28355,0.28363,0.28384,0.28363,0.28355,0.28363,0.28384,0.28363,0.28355,0.28363,0.28384,0.28363,0.28355,0.28363,0.28384,0.28363,0.28355,0.28363,0.28384,0.28363,0.28355,0.28363,0.28384,0.28363,0.28355,0.28363,0.28384,0.28363,0.28355,0.28363,0.28384,0.28363,0.28355,0.28363,0.28384,0.28363,0.28355,0.28363,0.28384,0.28363,0.28355,0.28363,0.28384,0.28363,0.28355,0.28363,0.28384,0.28363,0.28355,0.28363,0.28384,0.28363,0.28355,0.28395,0.28384,0.28296,0.2855,0.28179,0.28384,0.28764,0.27608,0.29119,0.28384,0.26788,0.32146,0.22159
0.83649,0.90092,0.77861,0.86409,0.83649,0.82185,0.85046,0.82911,0.83649,0.83932,0.83319,0.83745,0.83649,0.83586,0.83563,0.83586,0.83649,0.83586,0.83563,0.83586,0.83649,0.83586,0.83563,0.83586,0.83649,0.83586,0.83563,0.83586,0.83649,0.83586,0.83563,0.83586,0.83649,0.83586,0.83563,0.83586,0.83649,0.83586,0.83563,0.83586,0.83649,0.83586,0.83563,0.83586,0.83649,0.83586,0.83563,0.83586,0.83649,0.83586,0.83563,0.83586,0.83649,0.83586,0.83563,0.83586,0.83649,0.83586,0.83563,0.83586,0.83649,0.83586,0.83563,0.83586,0.83649,0.83586,0.83563,0.83586,0.83649,0.83586,0.83563,0.83586,0.83649,0.83586,0.83563,0.83586,0.83649,0.83586,0.83563,0.83586,0.83649,0.83586,0.83563,0.83586,0.83649,0.83586,0.83563,0.83586,0.83649,0.83586,0.83563,0.83586,0.83649,0.83586,0.83563,0.83586,0.83649,0.83586,0.83563,0.83586,0.83649,0.83586,0.83563,0.83586,0.83649,0.83586,0.83563,0.83586,0.83649,0.83586,0.83563,0.83586,0.83649,0.83586,0.83563,0.83586,0.83649,0.83586,0.83563,0.83586,0.83649,0.83586,0.83563,0.83586,0.83649,0.83586,0.83563,0.83586,0.83649,0.83586,0.83563,0.83586,0.83649,0.83586,0.83563,0.83586,0.83649,0.83586,0.83563,0.83586,0.83649,0.83586,0.83563,0.83586,0.83649,0.83586,0.83563,0.83586,0.83649,0.83586,0.83563,0.83586,0.83649,0.83586,0.83563,0.83586,0.83649,0.83586,0.83563,0.83586,0.83649,0.83586,0.83563,0.83586,0.83649,0.83586,0.83563,0.83586,0.83649,0.83586,0.83563,0.83586,0.83649,0.83586,0.83563,0.83586,0.83649,0.83586,0.83563,0.83586,0.83649,0.83586,0.83563,0.83586,0.83649,0.83586,0.83563,0.83586,0.83649,0.83586,0.83563,0.83586,0.83649,0.83586,0.83563,0.83586,0.83649,0.83586,0.83563,0.83586,0.83649,0.83586,0.83563,0.83586,0.83649,0.83586,0.83563,0.83586,0.83649,0.83586,0.83563,0.83586,0.83649,0.83586,0.83563,0.83586,0.83649,0.83586,0.83563,0.83586,0.83649,0.83586,0.83563,0.83586,0.83649,0.83586,0.83563,0.83586,0.83649,0.83586,0.83563,0.83586,0.83649,0.83586,0.83563,0.83586,0.83649,0.83586,0.83563,0.83586,0.83649,0.83586,0.83563,0.83681,0.83649,0.8339,0.84138,0.83045,0.83649,0.84768,0.81364,0.85815,0.83649,0.78946,0.94737,0.65302
0.8667,0.93346,0.80673,0.8953,0.8667,0.85153,0.88117,0.85905,0.8667,0.86963,0.86328,0.86769,0.8667,0.86605,0.86581,0.86605,0.8667,0.86605,0.86581,0.86605,0.8667,0.86605,0.86581,0.86605,0.8667,0.86605,0.86581,0.86605,0.8667,0.86605,0.86581,0.86605,0.8667,0.86605,0.86581,0.86605,0.8667,0.86605,0.86581,0.86605,0.8667,0.86605,0.86581,0.86605,0.8667,0.86605,0.86581,0.86605,0.8667,0.86605,0.86581,0.86605,0.8667,0.86605,0.86581,0.86605,0.8667,0.86605,0.86581,0.86605,0.8667,0.86605,0.86581,0.86605,0.8667,0.86605,0.86581,0.86605,0.8667,0.86605,0.86581,0.86605,0.8667,0.86605,0.86581,0.86605,0.8667,0.86605,0.86581,0.86605,0.8667,0.86605,0.86581,0.86605,0.8667,0.86605,0.86581,0.86605,0.8667,0.86605,0.86581,0.86605,0.8667,0.86605,0.86581,0.86605,0.8667,0.86605,0.86581,0.86605,0.8667,0.86605,0.86581,0.86605,0.8667,0.86605,0.86581,0.86605,0.8667,0.86605,0.86581,0.86605,0.8667,0.86605,0.86581,0.86687,0.8667,0.86433,0.87083,0.86132,0.8667,0.87638,0.84658,0.88554,0.8667,0.82547,0.96351,0.70619,0.13533,0.078344,0.18505,0.11055,0.13533,0.14748,0.12222,0.14113,0.13533,0.13221,0.13732,0.13384,0.13533,0.13523,0.13519,0.13523,0.13533,0.13523,0.13519,0.13523,0.13533,0.13523,0.13519,0.13523,0.13533,0.13523,0.13519,0.13523,0.13533,0.13523,0.13519,0.13523,0.13533,0.13523,0.13519,0.13523,0.13533,0.13523,0.13519,0.13523,0.13533,0.13523,0.13519,0.13523,0.13533,0.13523,0.13519,0.13523,0.13533,0.13523,0.13519,0.13523,0.13533,0.13523,0.13519,0.13523,0.13533,0.13523,0.13519,0.13523,0.13533,0.13523,0.13519,0.13523,0.13533,0.13523,0.13519,0.13523,0.13533,0.13523,0.13519,0.13523,0.13533,0.13523,0.13519,0.13523,0.13533,0.13523,0.13519,0.13523,0.13533,0.13523,0.13519,0.13523,0.13533,0.13523,0.13519,0.13523,0.13533,0.13523,0.13519,0.13523,0.13533,0.13523,0.13519,0.13523,0.13533,0.13523,0.13519,0.13523,0.13533,0.13523,0.13519,0.13523,0.13533,0.13523,0.13519,0.13523,0.13533,0.13523,0.13519,0.13523,0.13533,0.13523,0.13519,0.13538,0.13533,0.13491,0.13612,0.13435,0.13533,0.13714,0.13163,0.13884,0.13533,0.12772,0.15327,0.10565
0.81435,0.87708,0.758,0.84122,0.81435,0.8001,0.82795,0.80716,0.81435,0.8171,0.81114,0.81528,0.81435,0.81374,0.81351,0.81374,0.81435,0.81374,0.81351,0.81374,0.81435,0.81374,0.81351,0.81374,0.81435,0.81374,0.81351,0.81374,0.81435,0.81374,0.81351,0.81374,0.81435,0.81374,0.81351,0.81374,0.81435,0.81374,0.81351,0.81374,0.81435,0.81374,0.81351,0.81374,0.81435,0.81374,0.81351,0.81374,0.81435,0.81374,0.81351,0.81374,0.81435,0.81374,0.81351,0.81374,0.81435,0.81374,0.81351,0.81374,0.81435,0.81374,0.81351,0.81374,0.81435,0.81374,0.81351,0.81374,0.81435,0.81374,0.81351,0.81374,0.81435,0.81374,0.81351,0.81374,0.81435,0.81374,0.81351,0.81374,0.81435,0.81374,0.81351,0.81374,0.81435,0.81374,0.81351,0.81374,0.81435,0.81374,0.81351,0.81374,0.81435,0.81374,0.81351,0.81374,0.81435,0.81374,0.81351,0.81374,0.81435,0.81374,0.81351,0.81374,0.81435,0.81374,0.81351,0.81374,0.81435,0.81374,0.81351,0.81374,0.81435,0.81374,0.81351,0.81437,0.81435,0.81243,0.81733,0.81014,0.81435,0.8216,0.79888,0.82856,0.81435,0.78287,0.88783,0.69213,0.25799,0.21452,0.29565,0.23902,0.25799,0.26711,0.24786,0.26229,0.25799,0.2555,0.25935,0.25674,0.25799,0.2578,0.25773,0.2578,0.25799,0.2578,0.25773,0.2578,0.25799,0.2578,0.25773,0.2578,0.25799,0.2578,0.25773,0.2578,0.25799,0.2578,0.25773,0.2578,0.25799,0.2578,0.25773,0.2578,0.25799,0.2578,0.25773,0.2578,0.25799,0.2578,0.25773,0.2578,0.25799,0.2578,0.25773,0.2578,0.25799,0.2578,0.25773,0.2578,0.25799,0.2578,0.25773,0.2578,0.25799,0.2578,0.25773,0.2578,0.25799,0.2578,0.25773,0.2578,0.25799,0.2578,0.25773,0.2578,0.25799,0.2578,0.25773,0.2578,0.25799,0.2578,0.25773,0.2578,0.25799,0.2578,0.25773,0.2578,0.25799,0.2578,0.25773,0.2578,0.25799,0.2578,0.25773,0.2578,0.25799,0.2578,0.25773,0.2578,0.25799,0.2578,0.25773,0.2578,0.25799,0.2578,0.25773,0.2578,0.25799,0.2578,0.25773,0.2578,0.25799,0.2578,0.25773,0.2578,0.25799,0.2578,0.25773,0.2578,0.25799,0.2578,0.25773,0.25809,0.25799,0.25719,0.2595,0.25613,0.25799,0.26144,0.25094,0.26467,0.25799,0.24349,0.29219,0.20141
0.78836,0.84908,0.7338,0.81437,0.78836,0.77456,0.80152,0.7814,0.78836,0.79102,0.78525,0.78926,0.78836,0.78776,0.78754,0.78776,0.78836,0.78776,0.78754,0.78776,0.78836,0.78776,0.78754,0.78776,0.78836,0.78776,0.78754,0.78776,0.78836,0.78776,0.78754,0.78776,0.78836,0.78776,0.78754,0.78776,0.78836,0.78776,0.78754,0.78776,0.78836,0.78776,0.78754,0.78776,0.78836,0.78776,0.78754,0.78776,0.78836,0.78776,0.78754,0.78776,0.78836,0.78776,0.78754,0.78776,0.78836,0.78776,0.78754,0.78776,0.78836,0.78776,0.78754,0.78776,0.78836,0.78776,0.78754,0.78776,0.78836,0.78776,0.78754,0.78776,0.78836,0.78776,0.78754,0.78776,0.78836,0.78776,0.78754,0.78776,0.78836,0.78776,0.78754,0.78776,0.78836,0.78776,0.78754,0.78776,0.78836,0.78776,0.78754,0.78776,0.78836,0.78776,0.78754,0.78776,0.78836,0.78776,0.78754,0.78776,0.78836,0.78776,0.78754,0.78776,0.78836,0.78776,0.78754,0.78776,0.78836,0.78776,0.78754,0.78776,0.78836,0.78776,0.78754,0.78838,0.78836,0.78647,0.79132,0.78421,0.78836,0.79553,0.7731,0.80241,0.78836,0.75728,0.86095,0.66766,0.23886,0.19594,0.27607,0.22013,0.23886,0.24788,0.22887,0.24311,0.23886,0.23641,0.24021,0.23763,0.23886,0.23868,0.23861,0.23868,0.23886,0.23868,0.23861,0.23868,0.23886,0.23868,0.23861,0.23868,0.23886,0.23868,0.23861,0.23868,0.23886,0.23868,0.23861,0.23868,0.23886,0.23868,0.23861,0.23868,0.23886,0.23868,0.23861,0.23868,0.23886,0.23868,0.23861,0.23868,0.23886,0.23868,0.23861,0.23868,0.23886,0.23868,0.23861,0.23868,0.23886,0.23868,0.23861,0.23868,0.23886,0.23868,0.23861,0.23868,0.23886,0.23868,0.23861,0.23868,0.23886,0.23868,0.23861,0.23868,0.23886,0.23868,0.23861,0.23868,0.23886,0.23868,0.23861,0.23868,0.23886,0.23868,0.23861,0.23868,0.23886,0.23868,0.23861,0.23868,0.23886,0.23868,0.23861,0.23868,0.23886,0.23868,0.23861,0.23868,0.23886,0.23868,0.23861,0.23868,0.23886,0.23868,0.23861,0.23868,0.23886,0.23868,0.23861,0.23868,0.23886,0.23868,0.23861,0.23868,0.23886,0.23868,0.23861,0.23868,0.23886,0.23868,0.23861,0.23895,0.23886,0.23812,0.24025,0.23713,0.23886,0.24205,0.23233,0.24504,0.23886,0.22543,0.27052,0.18647
0.81431,0.87703,0.75796,0.84117,0.81431,0.80005,0.8279,0.80712,0.81431,0.81706,0.81109,0.81524,0.81431,0.81369,0.81346,0.81369,0.81431,0.81369,0.81346,0.81369,0.81431,0.81369,0.81346,0.81369,0.81431,0.81369,0.81346,0.81369,0.81431,0.81369,0.81346,0.81369,0.81431,0.81369,0.81346,0.81369,0.81431,0.81369,0.81346,0.81369,0.81431,0.81369,0.81346,0.81369,0.81431,0.81369,0.81346,0.81369,0.81431,0.81369,0.81346,0.81369,0.81431,0.81369,0.81346,0.81369,0.81431,0.81369,0.81346,0.81369,0.81431,0.81369,0.81346,0.81369,0.81431,0.81369,0.81346,0.81369,0.81431,0.81369,0.81346,0.81369,0.81431,0.81369,0.81346,0.81369,0.81431,0.81369,0.81346,0.81369,0.81431,0.81369,0.81346,0.81369,0.81431,0.81369,0.81346,0.81369,0.81431,0.81369,0.81346,0.81369,0.81431,0.81369,0.81346,0.81369,0.81431,0.81369,0.81346,0.81369,0.81431,0.81369,0.81346,0.81369,0.81431,0.81369,0.81346,0.81369,0.81431,0.81369,0.81346,0.81369,0.81431,0.81369,0.81346,0.81369,0.81431,0.81369,0.81346,0.81369,0.81431,0.81369,0.81346,0.81369,0.81431,0.81369,0.81346,0.81369,0.81431,0.81369,0.81346,0.81369,0.81431,0.81369,0.81346,0.81369,0.81431,0.81369,0.81346,0.81369,0.81431,0.81369,0.81346,0.81369,0.81431,0.81369,0.81346,0.81369,0.81431,0.81369,0.81346,0.81369,0.81431,0.81369,0.81346,0.81369,0.81431,0.81369,0.81346,0.81369,0.81431,0.81369,0.81346,0.81369,0.81431,0.81369,0.81346,0.81369,0.81431,0.81369,0.81346,0.81369,0.81431,0.81369,0.81346,0.81369,0.81431,0.81369,0.81346,0.81369,0.81431,0.81369,0.81346,0.81369,0.81431,0.81369,0.81346,0.81369,0.81431,0.81369,0.81346,0.81369,0.81431,0.81369,0.81346,0.81369,0.81431,0.81369,0.81346,0.81369,0.81431,0.81369,0.81346,0.81369,0.81431,0.81369,0.81346,0.81369,0.81431,0.81369,0.81346,0.81369,0.81431,0.81369,0.81346,0.81369,0.81431,0.81369,0.81346,0.81369,0.81431,0.81369,0.81346,0.81369,0.81431,0.81369,0.81346,0.81369,0.81431,0.81369,0.81346,0.81369,0.81431,0.81369,0.81346,0.81369,0.81431,0.81369,0.81346,0.81369,0.81431,0.81369,0.81346,0.81461,0.81431,0.81178,0.81906,0.80843,0.81431,0.8252,0.79205,0.83539,0.81431,0.76852,0.92225,0.6357
0.78329,0.84362,0.72908,0.80913,0.78329,0.76958,0.79636,0.77637,0.78329,0.78593,0.78019,0.78418,0.78329,0.78269,0.78248,0.78269,0.78329,0.78269,0.78248,0.78269,0.78329,0.78269,0.78248,0.78269,0.78329,0.78269,0.78248,0.78269,0.78329,0.78269,0.78248,0.78269,0.78329,0.78269,0.78248,0.78269,0.78329,0.78269,0.78248,0.78269,0.78329,0.78269,0.78248,0.78269,0.78329,0.78269,0.78248,0.78269,0.78329,0.78269,0.78248,0.78269,0.78329,0.78269,0.78248,0.78269,0.78329,0.78269,0.78248,0.78269,0.78329,0.78269,0.78248,0.78269,0.78329,0.78269,0.78248,0.78269,0.78329,0.78269,0.78248,0.78269,0.78329,0.78269,0.78248,0.78269,0.78329,0.78269,0.78248,0.78269,0.78329,0.78269,0.78248,0.78269,0.78329,0.78269,0.78248,0.78269,0.78329,0.78269,0.78248,0.78269,0.78329,0.78269,0.78248,0.78269,0.78329,0.78269,0.78248,0.78269,0.78329,0.78269,0.78248,0.78269,0.78329,0.78269,0.78248,0.78269,0.78329,0.78269,0.78248,0.78269,0.78329,0.78269,0.78248,0.78302,0.78329,0.78201,0.78448,0.78081,0.78329,0.78682,0.77481,0.79047,0.78329,0.76651,0.82144,0.71894,0.49162,0.46857,0.511,0.48141,0.49162,0.49614,0.48594,0.49361,0.49162,0.49005,0.49197,0.4907,0.49162,0.49125,0.49112,0.49125,0.49162,0.49125,0.49112,0.49125,0.49162,0.49125,0.49112,0.49125,0.49162,0.49125,0.49112,0.49125,0.49162,0.49125,0.49112,0.49125,0.49162,0.49125,0.49112,0.49125,0.49162,0.49125,0.49112,0.49125,0.49162,0.49125,0.49112,0.49125,0.49162,0.49125,0.49112,0.49125,0.49162,0.49125,0.49112,0.49125,0.49162,0.49125,0.49112,0.49125,0.49162,0.49125,0.49112,0.49125,0.49162,0.49125,0.49112,0.49125,0.49162,0.49125,0.49112,0.49125,0.49162,0.49125,0.49112,0.49125,0.49162,0.49125,0.49112,0.49125,0.49162,0.49125,0.49112,0.49125,0.49162,0.49125,0.49112,0.49125,0.49162,0.49125,0.49112,0.49125,0.49162,0.49125,0.49112,0.49125,0.49162,0.49125,0.49112,0.49125,0.49162,0.49125,0.49112,0.49125,0.49162,0.49125,0.49112,0.49125,0.49162,0.49125,0.49112,0.49125,0.49162,0.49125,0.49112,0.49125,0.49162,0.49125,0.49112,0.49181,0.49162,0.4901,0.49449,0.48807,0.49162,0.4982,0.47819,0.50435,0.49162,0.46398,0.55679,0.3838
0.78358,0.84393,0.72935,0.80943,0.78358,0.76986,0.79666,0.77666,0.78358,0.78622,0.78048,0.78448,0.78358,0.78299,0.78277,0.78299,0.78358,0.78299,0.78277,0.78299,0.78358,0.78299,0.78277,0.78299,0.78358,0.78299,0.78277,0.78299,0.78358,0.78299,0.78277,0.78299,0.78358,0.78299,0.78277,0.78299,0.78358,0.78299,0.78277,0.78299,0.78358,0.78299,0.78277,0.78299,0.78358,0.78299,0.78277,0.78299,0.78358,0.78299,0.78277,0.78299,0.78358,0.78299,0.78277,0.78299,0.78358,0.78299,0.78277,0.78299,0.78358,0.78299,0.78277,0.78299,0.78358,0.78299,0.78277,0.78299,0.78358,0.78299,0.78277,0.78299,0.78358,0.78299,0.78277,0.78299,0.78358,0.78299,0.78277,0.78299,0.78358,0.78299,0.78277,0.78299,0.78358,0.78299,0.78277,0.78299,0.78358,0.78299,0.78277,0.78299,0.78358,0.78299,0.78277,0.78299,0.78358,0.78299,0.78277,0.78299,0.78358,0.78299,0.78277,0.78299,0.78358,0.78299,0.78277,0.78299,0.78358,0.78299,0.78277,0.78299,0.78358,0.78299,0.78277,0.78299,0.78358,0.78299,0.78277,0.78299,0.78358,0.78299,0.78277,0.78299,0.78358,0.78299,0.78277,0.78299,0.78358,0.78299,0.78277,0.78299,0.78358,0.78299,0.78277,0.78299,0.78358,0.78299,0.78277,0.78299,0.78358,0.78299,0.78277,0.78299,0.78358,0.78299,0.78277,0.78299,0.78358,0.78299,0.78277,0.78299,0.78358,0.78299,0.78277,0.78299,0.78358,0.78299,0.78277,0.78299,0.78358,0.78299,0.78277,0.78299,0.78358,0.78299,0.78277,0.78299,0.78358,0.78299,0.78277,0.78299,0.78358,0.78299,0.78277,0.78299,0.78358,0.78299,0.78277,0.78299,0.78358,0.78299,0.78277,0.78299,0.78358,0.78299,0.78277,0.78299,0.78358,0.78299,0.78277,0.78299,0.78358,0.78299,0.78277,0.78299,0.78358,0.78299,0.78277,0.78299,0.78358,0.78299,0.78277,0.78299,0.78358,0.78299,0.78277,0.78299,0.78358,0.78299,0.78277,0.78299,0.78358,0.78299,0.78277,0.78299,0.78358,0.78299,0.78277,0.78299,0.78358,0.78299,0.78277,0.78299,0.78358,0.78299,0.78277,0.78299,0.78358,0.78299,0.78277,0.78299,0.78358,0.78299,0.78277,0.78299,0.78358,0.78299,0.78277,0.78299,0.78358,0.78299,0.78277,0.78387,0.78358,0.78115,0.78815,0.77792,0.78358,0.79406,0.76217,0.80387,0.78358,0.73952,0.88745,0.61172
0.58965,0.63507,0.54885,0.60911,0.58965,0.57933,0.5995,0.58445,0.58965,0.59164,0.58732,0.59033,0.58965,0.58921,0.58904,0.58921,0.58965,0.58921,0.58904,0.58921,0.58965,0.58921,0.58904,0.58921,0.58965,0.58921,0.58904,0.58921,0.58965,0.58921,0.58904,0.58921,0.58965,0.58921,0.58904,0.58921,0.58965,0.58921,0.58904,0.58921,0.58965,0.58921,0.58904,0.58921,0.58965,0.58921,0.58904,0.58921,0.58965,0.58921,0.58904,0.58921,0.58965,0.58921,0.58904,0.58921,0.58965,0.58921,0.58904,0.58921,0.58965,0.58921,0.58904,0.58921,0.58965,0.58921,0.58904,0.58921,0.58965,0.58921,0.58904,0.58921,0.58965,0.58921,0.58904,0.58921,0.58965,0.58921,0.58904,0.58921,0.58965,0.58921,0.58904,0.58921,0.58965,0.58921,0.58904,0.58921,0.58965,0.58921,0.58904,0.58921,0.58965,0.58921,0.58904,0.58921,0.58965,0.58921,0.58904,0.58921,0.58965,0.58921,0.58904,0.58921,0.58965,0.58921,0.58904,0.58921,0.58965,0.58921,0.58904,0.58921,0.58965,0.58921,0.58904,0.58889,0.58965,0.58986,0.58713,0.591,0.58965,0.58527,0.59636,0.58179,0.58965,0.60464,0.55186,0.65004,0.86795,0.88894,0.84808,0.87669,0.86795,0.86264,0.87199,0.86505,0.86795,0.86845,0.86624,0.86782,0.86795,0.8673,0.86705,0.8673,0.86795,0.8673,0.86705,0.8673,0.86795,0.8673,0.86705,0.8673,0.86795,0.8673,0.86705,0.8673,0.86795,0.8673,0.86705,0.8673,0.86795,0.8673,0.86705,0.8673,0.86795,0.8673,0.86705,0.8673,0.86795,0.8673,0.86705,0.8673,0.86795,0.8673,0.86705,0.8673,0.86795,0.8673,0.86705,0.8673,0.86795,0.8673,0.86705,0.8673,0.86795,0.8673,0.86705,0.8673,0.86795,0.8673,0.86705,0.8673,0.86795,0.8673,0.86705,0.8673,0.86795,0.8673,0.86705,0.8673,0.86795,0.8673,0.86705,0.8673,0.86795,0.8673,0.86705,0.8673,0.86795,0.8673,0.86705,0.8673,0.86795,0.8673,0.86705,0.8673,0.86795,0.8673,0.86705,0.8673,0.86795,0.8673,0.86705,0.8673,0.86795,0.8673,0.86705,0.8673,0.86795,0.8673,0.86705,0.8673,0.86795,0.8673,0.86705,0.8673,0.86795,0.8673,0.86705,0.8673,0.86795,0.8673,0.86705,0.86828,0.86795,0.86526,0.87302,0.86168,0.86795,0.87956,0.84423,0.89043,0.86795,0.81914,0.983,0.67758
0.55101,0.59345,0.51288,0.56919,0.55101,0.54136,0.56021,0.54614,0.55101,0.55287,0.54883,0.55164,0.55101,0.55059,0.55044,0.55059,0.55101,0.55059,0.55044,0.55059,0.55101,0.55059,0.55044,0.55059,0.55101,0.55059,0.55044,0.55059,0.55101,0.55059,0.55044,0.55059,0.55101,0.55059,0.55044,0.55059,0.55101,0.55059,0.55044,0.55059,0.55101,0.55059,0.55044,0.55059,0.55101,0.55059,0.55044,0.55059,0.55101,0.55059,0.55044,0.55059,0.55101,0.55059,0.55044,0.55059,0.55101,0.55059,0.55044,0.55059,0.55101,0.55059,0.55044,0.55059,0.55101,0.55059,0.55044,0.55059,0.55101,0.55059,0.55044,0.55059,0.55101,0.55059,0.55044,0.55059,0.55101,0.55059,0.55044,0.55059,0.55101,0.55059,0.55044,0.55059,0.55101,0.55059,0.55044,0.55059,0.55101,0.55059,0.55044,0.55059,0.55101,0.55059,0.55044,0.55059,0.55101,0.55059,0.55044,0.55059,0.55101,0.55059,0.55044,0.55059,0.55101,0.55059,0.55044,0.55059,0.55101,0.55059,0.55044,0.55059,0.55101,0.55059,0.55044,0.55024,0.55101,0.55133,0.54828,0.55262,0.55101,0.54615,0.55871,0.54221,0.55101,0.56804,0.50842,0.61934,0.86552,0.88933,0.84319,0.87548,0.86552,0.8596,0.8702,0.86233,0.86552,0.86617,0.86371,0.86547,0.86552,0.86487,0.86463,0.86487,0.86552,0.86487,0.86463,0.86487,0.86552,0.86487,0.86463,0.86487,0.86552,0.86487,0.86463,0.86487,0.86552,0.86487,0.86463,0.86487,0.86552,0.86487,0.86463,0.86487,0.86552,0.86487,0.86463,0.86487,0.86552,0.86487,0.86463,0.86487,0.86552,0.86487,0.86463,0.86487,0.86552,0.86487,0.86463,0.86487,0.86552,0.86487,0.86463,0.86487,0.86552,0.86487,0.86463,0.86487,0.86552,0.86487,0.86463,0.86487,0.86552,0.86487,0.86463,0.86487,0.86552,0.86487,0.86463,0.86487,0.86552,0.86487,0.86463,0.86487,0.86552,0.86487,0.86463,0.86487,0.86552,0.86487,0.86463,0.86487,0.86552,0.86487,0.86463,0.86487,0.86552,0.86487,0.86463,0.86487,0.86552,0.86487,0.86463,0.86487,0.86552,0.86487,0.86463,0.86487,0.86552,0.86487,0.86463,0.86487,0.86552,0.86487,0.86463,0.86487,0.86552,0.86487,0.86463,0.86487,0.86552,0.86487,0.86463,0.86585,0.86552,0.86284,0.87057,0.85927,0.86552,0.8771,0.84187,0.88793,0.86552,0.81685,0.98025,0.67569
0.56173,0.605,0.52286,0.58027,0.56173,0.5519,0.57111,0.55677,0.56173,0.56363,0.55952,0.56238,0.56173,0.56131,0.56115,0.56131,0.56173,0.56131,0.56115,0.56131,0.56173,0.56131,0.56115,0.56131,0.56173,0.56131,0.56115,0.56131,0.56173,0.56131,0.56115,0.56131,0.56173,0.56131,0.56115,0.56131,0.56173,0.56131,0.56115,0.56131,0.56173,0.56131,0.56115,0.56131,0.56173,0.56131,0.56115,0.56131,0.56173,0.56131,0.56115,0.56131,0.56173,0.56131,0.56115,0.56131,0.56173,0.56131,0.56115,0.56131,0.56173,0.56131,0.56115,0.56131,0.56173,0.56131,0.56115,0.56131,0.56173,0.56131,0.56115,0.56131,0.56173,0.56131,0.56115,0.56131,0.56173,0.56131,0.56115,0.56131,0.56173,0.56131,0.56115,0.56131,0.56173,0.56131,0.56115,0.56131,0.56173,0.56131,0.56115,0.56131,0.56173,0.56131,0.56115,0.56131,0.56173,0.56131,0.56115,0.56131,0.56173,0.56131,0.56115,0.56131,0.56173,0.56131,0.56115,0.56131,0.56173,0.56131,0.56115,0.56131,0.56173,0.56131,0.56115,0.56108,0.56173,0.56179,0.55976,0.56262,0.56173,0.55844,0.56649,0.5559,0.56173,0.57257,0.53405,0.60566,0.76464,0.77984,0.75002,0.77091,0.76464,0.76066,0.76744,0.76242,0.76464,0.7649,0.76326,0.76445,0.76464,0.76406,0.76385,0.76406,0.76464,0.76406,0.76385,0.76406,0.76464,0.76406,0.76385,0.76406,0.76464,0.76406,0.76385,0.76406,0.76464,0.76406,0.76385,0.76406,0.76464,0.76406,0.76385,0.76406,0.76464,0.76406,0.76385,0.76406,0.76464,0.76406,0.76385,0.76406,0.76464,0.76406,0.76385,0.76406,0.76464,0.76406,0.76385,0.76406,0.76464,0.76406,0.76385,0.76406,0.76464,0.76406,0.76385,0.76406,0.76464,0.76406,0.76385,0.76406,0.76464,0.76406,0.76385,0.76406,0.76464,0.76406,0.76385,0.76406,0.76464,0.76406,0.76385,0.76406,0.76464,0.76406,0.76385,0.76406,0.76464,0.76406,0.76385,0.76406,0.76464,0.76406,0.76385,0.76406,0.76464,0.76406,0.76385,0.76406,0.76464,0.76406,0.76385,0.76406,0.76464,0.76406,0.76385,0.76406,0.76464,0.76406,0.76385,0.76406,0.76464,0.76406,0.76385,0.76406,0.76464,0.76406,0.76385,0.76406,0.76464,0.76406,0.76385,0.76492,0.76464,0.76226,0.7691,0.75912,0.76464,0.77487,0.74374,0.78444,0.76464,0.72164,0.86599,0.59693
0.16357,0.17617,0.15225,0.16896,0.16357,0.16071,0.1663,0.16212,0.16357,0.16412,0.16292,0.16376,0.16357,0.16344,0.1634,0.16344,0.16357,0.16344,0.1634,0.16344,0.16357,0.16344,0.1634,0.16344,0.16357,0.16344,0.1634,0.16344,0.16357,0.16344,0.1634,0.16344,0.16357,0.16344,0.1634,0.16344,0.16357,0.16344,0.1634,0.16344,0.16357,0.16344,0.1634,0.16344,0.16357,0.16344,0.1634,0.16344,0.16357,0.16344,0.1634,0.16344,0.16357,0.16344,0.1634,0.16344,0.16357,0.16344,0.1634,0.16344,0.16357,0.16344,0.1634,0.16344,0.16357,0.16344,0.1634,0.16344,0.16357,0.16344,0.1634,0.16344,0.16357,0.16344,0.1634,0.16344,0.16357,0.16344,0.1634,0.16344,0.16357,0.16344,0.1634,0.16344,0.16357,0.16344,0.1634,0.16344,0.16357,0.16344,0.1634,0.16344,0.16357,0.16344,0.1634,0.16344,0.16357,0.16344,0.1634,0.16344,0.16357,0.16344,0.1634,0.16344,0.16357,0.16344,0.1634,0.16344,0.16357,0.16344,0.1634,0.16344,0.16357,0.16344,0.1634,0.16277,0.16357,0.16485,0.15928,0.16732,0.16357,0.15497,0.17916,0.14747,0.16357,0.1967,0.083315,0.29447,0.76304,0.80909,0.72139,0.7827,0.76304,0.75243,0.77288,0.75763,0.76304,0.76494,0.76051,0.76361,0.76304,0.76247,0.76225,0.76247,0.76304,0.76247,0.76225,0.76247,0.76304,0.76247,0.76225,0.76247,0.76304,0.76247,0.76225,0.76247,0.76304,0.76247,0.76225,0.76247,0.76304,0.76247,0.76225,0.76247,0.76304,0.76247,0.76225,0.76247,0.76304,0.76247,0.76225,0.76247,0.76304,0.76247,0.76225,0.76247,0.76304,0.76247,0.76225,0.76247,0.76304,0.76247,0.76225,0.76247,0.76304,0.76247,0.76225,0.76247,0.76304,0.76247,0.76225,0.76247,0.76304,0.76247,0.76225,0.76247,0.76304,0.76247,0.76225,0.76247,0.76304,0.76247,0.76225,0.76247,0.76304,0.76247,0.76225,0.76247,0.76304,0.76247,0.76225,0.76247,0.76304,0.76247,0.76225,0.76247,0.76304,0.76247,0.76225,0.76247,0.76304,0.76247,0.76225,0.76247,0.76304,0.76247,0.76225,0.76247,0.76304,0.76247,0.76225,0.76247,0.76304,0.76247,0.76225,0.76247,0.76304,0.76247,0.76225,0.76247,0.76304,0.76247,0.76225,0.76333,0.76304,0.76067,0.7675,0.75753,0.76304,0.77325,0.74219,0.7828,0.76304,0.72014,0.86419,0.59568
0.78589,0.84642,0.7315,0.81182,0.78589,0.77213,0.79901,0.77895,0.78589,0.78854,0.78278,0.78679,0.78589,0.78529,0.78507,0.78529,0.78589,0.78529,0.78507,0.78529,0.78589,0.78529,0.78507,0.78529,0.78589,0.78529,0.78507,0.78529,0.78589,0.78529,0.78507,0.78529,0.78589,0.78529,0.78507,0.78529,0.78589,0.78529,0.78507,0.78529,0.78589,0.78529,0.78507,0.78529,0.78589,0.78529,0.78507,0.78529,0.78589,0.78529,0.78507,0.78529,0.78589,0.78529,0.78507,0.78529,0.78589,0.78529,0.78507,0.78529,0.78589,0.78529,0.78507,0.78529,0.78589,0.78529,0.78507,0.78529,0.78589,0.78529,0.78507,0.78529,0.78589,0.78529,0.78507,0.78529,0.78589,0.78529,0.78507,0.78529,0.78589,0.78529,0.78507,0.78529,0.78589,0.78529,0.78507,0.78529,0.78589,0.78529,0.78507,0.78529,0.78589,0.78529,0.78507,0.78529,0.78589,0.78529,0.78507,0.78529,0.78589,0.78529,0.78507,0.78529,0.78589,0.78529,0.78507,0.78529,0.78589,0.78529,0.78507,0.78529,0.78589,0.78529,0.78507,0.78529,0.78589,0.78529,0.78507,0.78529,0.78589,0.78529,0.78507,0.78529,0.78589,0.78529,0.78507,0.78529,0.78589,0.78529,0.78507,0.78529,0.78589,0.78529,0.78507,0.78529,0.78589,0.78529,0.78507,0.78529,0.78589,0.78529,0.78507,0.78529,0.78589,0.78529,0.78507,0.78529,0.78589,0.78529,0.78507,0.78529,0.78589,0.78529,0.78507,0.78529,0.78589,0.78529,0.78507,0.78529,0.78589,0.78529,0.78507,0.78529,0.78589,0.78529,0.78507,0.78529,0.78589,0.78529,0.78507,0.78529,0.78589,0.78529,0.78507,0.78529,0.78589,0.78529,0.78507,0.78529,0.78589,0.78529,0.78507,0.78529,0.78589,0.78529,0.78507,0.78529,0.78589,0.78529,0.78507,0.78529,0.78589,0.78529,0.78507,0.78529,0.78589,0.78529,0.78507,0.78529,0.78589,0.78529,0.78507,0.78529,0.78589,0.78529,0.78507,0.78529,0.78589,0.78529,0.78507,0.78529,0.78589,0.78529,0.78507,0.78529,0.78589,0.78529,0.78507,0.78529,0.78589,0.78529,0.78507,0.78529,0.78589,0.78529,0.78507,0.78529,0.78589,0.78529,0.78507,0.78529,0.78589,0.78529,0.78507,0.78529,0.78589,0.78529,0.78507,0.78529,0.78589,0.78529,0.78507,0.78618,0.78589,0.78345,0.79047,0.78021,0.78589,0.7964,0.76441,0.80624,0.78589,0.74169,0.89006,0.61352
0.83142,0.89546,0.77389,0.85885,0.83142,0.81687,0.8453,0.82408,0.83142,0.83423,0.82814,0.83237,0.83142,0.83079,0.83056,0.83079,0.83142,0.83079,0.83056,0.83079,0.83142,0.83079,0.83056,0.83079,0.83142,0.83079,0.83056,0.83079,0.83142,0.83079,0.83056,0.83079,0.83142,0.83079,0.83056,0.83079,0.83142,0.83079,0.83056,0.83079,0.83142,0.83079,0.83056,0.83079,0.83142,0.83079,0.83056,0.83079,0.83142,0.83079,0.83056,0.83079,0.83142,0.83079,0.83056,0.83079,0.83142,0.83079,0.83056,0.83079,0.83142,0.83079,0.83056,0.83079,0.83142,0.83079,0.83056,0.83079,0.83142,0.83079,0.83056,0.83079,0.83142,0.83079,0.83056,0.83079,0.83142,0.83079,0.83056,0.83079,0.83142,0.83079,0.83056,0.83079,0.83142,0.83079,0.83056,0.83079,0.83142,0.83079,0.83056,0.83079,0.83142,0.83079,0.83056,0.83079,0.83142,0.83079,0.83056,0.83079,0.83142,0.83079,0.83056,0.83079,0.83142,0.83079,0.83056,0.83079,0.83142,0.83079,0.83056,0.83079,0.83142,0.83079,0.83056,0.83142,0.83142,0.8295,0.83434,0.82723,0.83142,0.83857,0.81609,0.84546,0.83142,0.80026,0.9041,0.71047,0.28095,0.23793,0.31819,0.26216,0.28095,0.28996,0.2709,0.28518,0.28095,0.27847,0.28227,0.27969,0.28095,0.28074,0.28066,0.28074,0.28095,0.28074,0.28066,0.28074,0.28095,0.28074,0.28066,0.28074,0.28095,0.28074,0.28066,0.28074,0.28095,0.28074,0.28066,0.28074,0.28095,0.28074,0.28066,0.28074,0.28095,0.28074,0.28066,0.28074,0.28095,0.28074,0.28066,0.28074,0.28095,0.28074,0.28066,0.28074,0.28095,0.28074,0.28066,0.28074,0.28095,0.28074,0.28066,0.28074,0.28095,0.28074,0.28066,0.28074,0.28095,0.28074,0.28066,0.28074,0.28095,0.28074,0.28066,0.28074,0.28095,0.28074,0.28066,0.28074,0.28095,0.28074,0.28066,0.28074,0.28095,0.28074,0.28066,0.28074,0.28095,0.28074,0.28066,0.28074,0.28095,0.28074,0.28066,0.28074,0.28095,0.28074,0.28066,0.28074,0.28095,0.28074,0.28066,0.28074,0.28095,0.28074,0.28066,0.28074,0.28095,0.28074,0.28066,0.28074,0.28095,0.28074,0.28066,0.28074,0.28095,0.28074,0.28066,0.28074,0.28095,0.28074,0.28066,0.28106,0.28095,0.28008,0.28259,0.27892,0.28095,0.28471,0.27328,0.28823,0.28095,0.26515,0.31819,0.21933
0.77294,0.83248,0.71946,0.79845,0.77294,0.75942,0.78585,0.76612,0.77294,0.77556,0.76989,0.77383,0.77294,0.77236,0.77215,0.77236,0.77294,0.77236,0.77215,0.77236,0.77294,0.77236,0.77215,0.77236,0.77294,0.77236,0.77215,0.77236,0.77294,0.77236,0.77215,0.77236,0.77294,0.77236,0.77215,0.77236,0.77294,0.77236,0.77215,0.77236,0.77294,0.77236,0.77215,0.77236,0.77294,0.77236,0.77215,0.77236,0.77294,0.77236,0.77215,0.77236,0.77294,0.77236,0.77215,0.77236,0.77294,0.77236,0.77215,0.77236,0.77294,0.77236,0.77215,0.77236,0.77294,0.77236,0.77215,0.77236,0.77294,0.77236,0.77215,0.77236,0.77294,0.77236,0.77215,0.77236,0.77294,0.77236,0.77215,0.77236,0.77294,0.77236,0.77215,0.77236,0.77294,0.77236,0.77215,0.77236,0.77294,0.77236,0.77215,0.77236,0.77294,0.77236,0.77215,0.77236,0.77294,0.77236,0.77215,0.77236,0.77294,0.77236,0.77215,0.77236,0.77294,0.77236,0.77215,0.77236,0.77294,0.77236,0.77215,0.77236,0.77294,0.77236,0.77215,0.77255,0.77294,0.77197,0.77329,0.77129,0.77294,0.77471,0.76778,0.77679,0.77294,0.76314,0.79434,0.73604,0.60679,0.59341,0.61749,0.60073,0.60679,0.60912,0.60322,0.60768,0.60679,0.60565,0.60665,0.60602,0.60679,0.60634,0.60617,0.60634,0.60679,0.60634,0.60617,0.60634,0.60679,0.60634,0.60617,0.60634,0.60679,0.60634,0.60617,0.60634,0.60679,0.60634,0.60617,0.60634,0.60679,0.60634,0.60617,0.60634,0.60679,0.60634,0.60617,0.60634,0.60679,0.60634,0.60617,0.60634,0.60679,0.60634,0.60617,0.60634,0.60679,0.60634,0.60617,0.60634,0.60679,0.60634,0.60617,0.60634,0.60679,0.60634,0.60617,0.60634,0.60679,0.60634,0.60617,0.60634,0.60679,0.60634,0.60617,0.60634,0.60679,0.60634,0.60617,0.60634,0.60679,0.60634,0.60617,0.60634,0.60679,0.60634,0.60617,0.60634,0.60679,0.60634,0.60617,0.60634,0.60679,0.60634,0.60617,0.60634,0.60679,0.60634,0.60617,0.60634,0.60679,0.60634,0.60617,0.60634,0.60679,0.60634,0.60617,0.60634,0.60679,0.60634,0.60617,0.60634,0.60679,0.60634,0.60617,0.60634,0.60679,0.60634,0.60617,0.60634,0.60679,0.60634,0.60617,0.60702,0.60679,0.60491,0.61034,0.60241,0.60679,0.61491,0.59021,0.62251,0.60679,0.57267,0.68723,0.47371
0.84841,0.91376,0.7897,0.8764,0.84841,0.83356,0.86258,0.84092,0.84841,0.85128,0.84506,0.84938,0.84841,0.84777,0.84753,0.84777,0.84841,0.84777,0.84753,0.84777,0.84841,0.84777,0.84753,0.84777,0.84841,0.84777,0.84753,0.84777,0.84841,0.84777,0.84753,0.84777,0.84841,0.84777,0.84753,0.84777,0.84841,0.84777,0.84753,0.84777,0.84841,0.84777,0.84753,0.84777,0.84841,0.84777,0.84753,0.84777,0.84841,0.84777,0.84753,0.84777,0.84841,0.84777,0.84753,0.84777,0.84841,0.84777,0.84753,0.84777,0.84841,0.84777,0.84753,0.84777,0.84841,0.84777,0.84753,0.84777,0.84841,0.84777,0.84753,0.84777,0.84841,0.84777,0.84753,0.84777,0.84841,0.84777,0.84753,0.84777,0.84841,0.84777,0.84753,0.84777,0.84841,0.84777,0.84753,0.84777,0.84841,0.84777,0.84753,0.84777,0.84841,0.84777,0.84753,0.84777,0.84841,0.84777,0.84753,0.84777,0.84841,0.84777,0.84753,0.84777,0.84841,0.84777,0.84753,0.84777,0.84841,0.84777,0.84753,0.84777,0.84841,0.84777,0.84753,0.84847,0.84841,0.84631,0.8518,0.84376,0.84841,0.85654,0.83122,0.86431,0.84841,0.81334,0.93044,0.71212,0.22779,0.17935,0.26986,0.20667,0.22779,0.23801,0.21655,0.23263,0.22779,0.22506,0.22937,0.22644,0.22779,0.22762,0.22756,0.22762,0.22779,0.22762,0.22756,0.22762,0.22779,0.22762,0.22756,0.22762,0.22779,0.22762,0.22756,0.22762,0.22779,0.22762,0.22756,0.22762,0.22779,0.22762,0.22756,0.22762,0.22779,0.22762,0.22756,0.22762,0.22779,0.22762,0.22756,0.22762,0.22779,0.22762,0.22756,0.22762,0.22779,0.22762,0.22756,0.22762,0.22779,0.22762,0.22756,0.22762,0.22779,0.22762,0.22756,0.22762,0.22779,0.22762,0.22756,0.22762,0.22779,0.22762,0.22756,0.22762,0.22779,0.22762,0.22756,0.22762,0.22779,0.22762,0.22756,0.22762,0.22779,0.22762,0.22756,0.22762,0.22779,0.22762,0.22756,0.22762,0.22779,0.22762,0.22756,0.22762,0.22779,0.22762,0.22756,0.22762,0.22779,0.22762,0.22756,0.22762,0.22779,0.22762,0.22756,0.22762,0.22779,0.22762,0.22756,0.22762,0.22779,0.22762,0.22756,0.22762,0.22779,0.22762,0.22756,0.22762,0.22779,0.22762,0.22756,0.22788,0.22779,0.22709,0.22912,0.22615,0.22779,0.23084,0.22157,0.23369,0.22779,0.21498,0.25799,0.17783
0.71837,0.7737,0.66866,0.74207,0.71837,0.7058,0.73036,0.71203,0.71837,0.7208,0.71553,0.71919,0.71837,0.71783,0.71763,0.71783,0.71837,0.71783,0.71763,0.71783,0.71837,0.71783,0.71763,0.71783,0.71837,0.71783,0.71763,0.71783,0.71837,0.71783,0.71763,0.71783,0.71837,0.71783,0.71763,0.71783,0.71837,0.71783,0.71763,0.71783,0.71837,0.71783,0.71763,0.71783,0.71837,0.71783,0.71763,0.71783,0.71837,0.71783,0.71763,0.71783,0.71837,0.71783,0.71763,0.71783,0.71837,0.71783,0.71763,0.71783,0.71837,0.71783,0.71763,0.71783,0.71837,0.71783,0.71763,0.71783,0.71837,0.71783,0.71763,0.71783,0.71837,0.71783,0.71763,0.71783,0.71837,0.71783,0.71763,0.71783,0.71837,0.71783,0.71763,0.71783,0.71837,0.71783,0.71763,0.71783,0.71837,0.71783,0.71763,0.71783,0.71837,0.71783,0.71763,0.71783,0.71837,0.71783,0.71763,0.71783,0.71837,0.71783,0.71763,0.71783,0.71837,0.71783,0.71763,0.71783,0.71837,0.71783,0.71763,0.71783,0.71837,0.71783,0.71763,0.71812,0.71837,0.71722,0.71939,0.71617,0.71837,0.72145,0.71089,0.72465,0.71837,0.70362,0.75183,0.66186,0.46231,0.44205,0.47929,0.45332,0.46231,0.46625,0.45729,0.46403,0.46231,0.46091,0.46258,0.46148,0.46231,0.46196,0.46184,0.46196,0.46231,0.46196,0.46184,0.46196,0.46231,0.46196,0.46184,0.46196,0.46231,0.46196,0.46184,0.46196,0.46231,0.46196,0.46184,0.46196,0.46231,0.46196,0.46184,0.46196,0.46231,0.46196,0.46184,0.46196,0.46231,0.46196,0.46184,0.46196,0.46231,0.46196,0.46184,0.46196,0.46231,0.46196,0.46184,0.46196,0.46231,0.46196,0.46184,0.46196,0.46231,0.46196,0.46184,0.46196,0.46231,0.46196,0.46184,0.46196,0.46231,0.46196,0.46184,0.46196,0.46231,0.46196,0.46184,0.46196,0.46231,0.46196,0.46184,0.46196,0.46231,0.46196,0.46184,0.46196,0.46231,0.46196,0.46184,0.46196,0.46231,0.46196,0.46184,0.46196,0.46231,0.46196,0.46184,0.46196,0.46231,0.46196,0.46184,0.46196,0.46231,0.46196,0.46184,0.46196,0.46231,0.46196,0.46184,0.46196,0.46231,0.46196,0.46184,0.46196,0.46231,0.46196,0.46184,0.46196,0.46231,0.46196,0.46184,0.46249,0.46231,0.46088,0.46501,0.45898,0.46231,0.4685,0.44968,0.47428,0.46231,0.43632,0.5236,0.36091
0.84755,0.91283,0.7889,0.87551,0.84755,0.83271,0.8617,0.84006,0.84755,0.85041,0.8442,0.84852,0.84755,0.84691,0.84667,0.84691,0.84755,0.84691,0.84667,0.84691,0.84755,0.84691,0.84667,0.84691,0.84755,0.84691,0.84667,0.84691,0.84755,0.84691,0.84667,0.84691,0.84755,0.84691,0.84667,0.84691,0.84755,0.84691,0.84667,0.84691,0.84755,0.84691,0.84667,0.84691,0.84755,0.84691,0.84667,0.84691,0.84755,0.84691,0.84667,0.84691,0.84755,0.84691,0.84667,0.84691,0.84755,0.84691,0.84667,0.84691,0.84755,0.84691,0.84667,0.84691,0.84755,0.84691,0.84667,0.84691,0.84755,0.84691,0.84667,0.84691,0.84755,0.84691,0.84667,0.84691,0.84755,0.84691,0.84667,0.84691,0.84755,0.84691,0.84667,0.84691,0.84755,0.84691,0.84667,0.84691,0.84755,0.84691,0.84667,0.84691,0.84755,0.84691,0.84667,0.84691,0.84755,0.84691,0.84667,0.84691,0.84755,0.84691,0.84667,0.84691,0.84755,0.84691,0.84667,0.84691,0.84755,0.84691,0.84667,0.84691,0.84755,0.84691,0.84667,0.84723,0.84755,0.84624,0.84863,0.84507,0.84755,0.85093,0.83918,0.8545,0.84755,0.8311,0.88473,0.78464,0.56269,0.5401,0.58152,0.55265,0.56269,0.56703,0.55705,0.56456,0.56269,0.56108,0.56293,0.56172,0.56269,0.56226,0.5621,0.56226,0.56269,0.56226,0.5621,0.56226,0.56269,0.56226,0.5621,0.56226,0.56269,0.56226,0.5621,0.56226,0.56269,0.56226,0.5621,0.56226,0.56269,0.56226,0.5621,0.56226,0.56269,0.56226,0.5621,0.56226,0.56269,0.56226,0.5621,0.56226,0.56269,0.56226,0.5621,0.56226,0.56269,0.56226,0.5621,0.56226,0.56269,0.56226,0.5621,0.56226,0.56269,0.56226,0.5621,0.56226,0.56269,0.56226,0.5621,0.56226,0.56269,0.56226,0.5621,0.56226,0.56269,0.56226,0.5621,0.56226,0.56269,0.56226,0.5621,0.56226,0.56269,0.56226,0.5621,0.56226,0.56269,0.56226,0.5621,0.56226,0.56269,0.56226,0.5621,0.56226,0.56269,0.56226,0.5621,0.56226,0.56269,0.56226,0.5621,0.56226,0.56269,0.56226,0.5621,0.56226,0.56269,0.56226,0.5621,0.56226,0.56269,0.56226,0.5621,0.56226,0.56269,0.56226,0.5621,0.56226,0.56269,0.56226,0.5621,0.5629,0.56269,0.56094,0.56597,0.55862,0.56269,0.57021,0.54731,0.57726,0.56269,0.53105,0.63727,0.43927
0.86384,0.93038,0.80406,0.89234,0.86384,0.84872,0.87826,0.85621,0.86384,0.86676,0.86043,0.86483,0.86384,0.86319,0.86295,0.86319,0.86384,0.86319,0.86295,0.86319,0.86384,0.86319,0.86295,0.86319,0.86384,0.86319,0.86295,0.86319,0.86384,0.86319,0.86295,0.86319,0.86384,0.86319,0.86295,0.86319,0.86384,0.86319,0.86295,0.86319,0.86384,0.86319,0.86295,0.86319,0.86384,0.86319,0.86295,0.86319,0.86384,0.86319,0.86295,0.86319,0.86384,0.86319,0.86295,0.86319,0.86384,0.86319,0.86295,0.86319,0.86384,0.86319,0.86295,0.86319,0.86384,0.86319,0.86295,0.86319,0.86384,0.86319,0.86295,0.86319,0.86384,0.86319,0.86295,0.86319,0.86384,0.86319,0.86295,0.86319,0.86384,0.86319,0.86295,0.86319,0.86384,0.86319,0.86295,0.86319,0.86384,0.86319,0.86295,0.86319,0.86384,0.86319,0.86295,0.86319,0.86384,0.86319,0.86295,0.86319,0.86384,0.86319,0.86295,0.86319,0.86384,0.86319,0.86295,0.86319,0.86384,0.86319,0.86295,0.86319,0.86384,0.86319,0.86295,0.86356,0.86384,0.86242,0.86518,0.86108,0.86384,0.86779,0.85438,0.87187,0.86384,0.84511,0.90647,0.79197,0.53802,0.51228,0.55968,0.52662,0.53802,0.54307,0.53169,0.54025,0.53802,0.53627,0.53842,0.537,0.53802,0.53762,0.53747,0.53762,0.53802,0.53762,0.53747,0.53762,0.53802,0.53762,0.53747,0.53762,0.53802,0.53762,0.53747,0.53762,0.53802,0.53762,0.53747,0.53762,0.53802,0.53762,0.53747,0.53762,0.53802,0.53762,0.53747,0.53762,0.53802,0.53762,0.53747,0.53762,0.53802,0.53762,0.53747,0.53762,0.53802,0.53762,0.53747,0.53762,0.53802,0.53762,0.53747,0.53762,0.53802,0.53762,0.53747,0.53762,0.53802,0.53762,0.53747,0.53762,0.53802,0.53762,0.53747,0.53762,0.53802,0.53762,0.53747,0.53762,0.53802,0.53762,0.53747,0.53762,0.53802,0.53762,0.53747,0.53762,0.53802,0.53762,0.53747,0.53762,0.53802,0.53762,0.53747,0.53762,0.53802,0.53762,0.53747,0.53762,0.53802,0.53762,0.53747,0.53762,0.53802,0.53762,0.53747,0.53762,0.53802,0.53762,0.53747,0.53762,0.53802,0.53762,0.53747,0.53762,0.53802,0.53762,0.53747,0.53762,0.53802,0.53762,0.53747,0.53823,0.53802,0.53635,0.54116,0.53414,0.53802,0.54522,0.52332,0.55196,0.53802,0.50777,0.60934,0.42002
0.86407,0.93062,0.80428,0.89258,0.86407,0.84895,0.8785,0.85644,0.86407,0.86699,0.86066,0.86506,0.86407,0.86342,0.86318,0.86342,0.86407,0.86342,0.86318,0.86342,0.86407,0.86342,0.86318,0.86342,0.86407,0.86342,0.86318,0.86342,0.86407,0.86342,0.86318,0.86342,0.86407,0.86342,0.86318,0.86342,0.86407,0.86342,0.86318,0.86342,0.86407,0.86342,0.86318,0.86342,0.86407,0.86342,0.86318,0.86342,0.86407,0.86342,0.86318,0.86342,0.86407,0.86342,0.86318,0.86342,0.86407,0.86342,0.86318,0.86342,0.86407,0.86342,0.86318,0.86342,0.86407,0.86342,0.86318,0.86342,0.86407,0.86342,0.86318,0.86342,0.86407,0.86342,0.86318,0.86342,0.86407,0.86342,0.86318,0.86342,0.86407,0.86342,0.86318,0.86342,0.86407,0.86342,0.86318,0.86342,0.86407,0.86342,0.86318,0.86342,0.86407,0.86342,0.86318,0.86342,0.86407,0.86342,0.86318,0.86342,0.86407,0.86342,0.86318,0.86342,0.86407,0.86342,0.86318,0.86342,0.86407,0.86342,0.86318,0.86342,0.86407,0.86342,0.86318,0.86369,0.86407,0.86284,0.86485,0.86184,0.86407,0.86687,0.85676,0.86993,0.86407,0.84987,0.8958,0.81005,0.61989,0.60043,0.63589,0.61118,0.61989,0.62351,0.61492,0.62139,0.61989,0.61841,0.61996,0.61896,0.61989,0.61942,0.61925,0.61942,0.61989,0.61942,0.61925,0.61942,0.61989,0.61942,0.61925,0.61942,0.61989,0.61942,0.61925,0.61942,0.61989,0.61942,0.61925,0.61942,0.61989,0.61942,0.61925,0.61942,0.61989,0.61942,0.61925,0.61942,0.61989,0.61942,0.61925,0.61942,0.61989,0.61942,0.61925,0.61942,0.61989,0.61942,0.61925,0.61942,0.61989,0.61942,0.61925,0.61942,0.61989,0.61942,0.61925,0.61942,0.61989,0.61942,0.61925,0.61942,0.61989,0.61942,0.61925,0.61942,0.61989,0.61942,0.61925,0.61942,0.61989,0.61942,0.61925,0.61942,0.61989,0.61942,0.61925,0.61942,0.61989,0.61942,0.61925,0.61942,0.61989,0.61942,0.61925,0.61942,0.61989,0.61942,0.61925,0.61942,0.61989,0.61942,0.61925,0.61942,0.61989,0.61942,0.61925,0.61942,0.61989,0.61942,0.61925,0.61942,0.61989,0.61942,0.61925,0.61942,0.61989,0.61942,0.61925,0.61942,0.61989,0.61942,0.61925,0.62012,0.61989,0.61796,0.62351,0.61541,0.61989,0.62818,0.60295,0.63594,0.61989,0.58503,0.70206,0.48393
0.27812,0.29954,0.25888,0.2873,0.27812,0.27325,0.28277,0.27567,0.27812,0.27906,0.27702,0.27844,0.27812,0.27791,0.27783,0.27791,0.27812,0.27791,0.27783,0.27791,0.27812,0.27791,0.27783,0.27791,0.27812,0.27791,0.27783,0.27791,0.27812,0.27791,0.27783,0.27791,0.27812,0.27791,0.27783,0.27791,0.27812,0.27791,0.27783,0.27791,0.27812,0.27791,0.27783,0.27791,0.27812,0.27791,0.27783,0.27791,0.27812,0.27791,0.27783,0.27791,0.27812,0.27791,0.27783,0.27791,0.27812,0.27791,0.27783,0.27791,0.27812,0.27791,0.27783,0.27791,0.27812,0.27791,0.27783,0.27791,0.27812,0.27791,0.27783,0.27791,0.27812,0.27791,0.27783,0.27791,0.27812,0.27791,0.27783,0.27791,0.27812,0.27791,0.27783,0.27791,0.27812,0.27791,0.27783,0.27791,0.27812,0.27791,0.27783,0.27791,0.27812,0.27791,0.27783,0.27791,0.27812,0.27791,0.27783,0.27791,0.27812,0.27791,0.27783,0.27791,0.27812,0.27791,0.27783,0.27791,0.27812,0.27791,0.27783,0.27791,0.27812,0.27791,0.27783,0.27736,0.27812,0.27906,0.27449,0.28106,0.27812,0.27102,0.29065,0.26492,0.27812,0.30495,0.21272,0.38445,0.76553,0.80287,0.73152,0.78141,0.76553,0.75679,0.77339,0.76102,0.76553,0.76697,0.76332,0.76588,0.76553,0.76496,0.76474,0.76496,0.76553,0.76496,0.76474,0.76496,0.76553,0.76496,0.76474,0.76496,0.76553,0.76496,0.76474,0.76496,0.76553,0.76496,0.76474,0.76496,0.76553,0.76496,0.76474,0.76496,0.76553,0.76496,0.76474,0.76496,0.76553,0.76496,0.76474,0.76496,0.76553,0.76496,0.76474,0.76496,0.76553,0.76496,0.76474,0.76496,0.76553,0.76496,0.76474,0.76496,0.76553,0.76496,0.76474,0.76496,0.76553,0.76496,0.76474,0.76496,0.76553,0.76496,0.76474,0.76496,0.76553,0.76496,0.76474,0.76496,0.76553,0.76496,0.76474,0.76496,0.76553,0.76496,0.76474,0.76496,0.76553,0.76496,0.76474,0.76496,0.76553,0.76496,0.76474,0.76496,0.76553,0.76496,0.76474,0.76496,0.76553,0.76496,0.76474,0.76496,0.76553,0.76496,0.76474,0.76496,0.76553,0.76496,0.76474,0.76496,0.76553,0.76496,0.76474,0.76496,0.76553,0.76496,0.76474,0.76496,0.76553,0.76496,0.76474,0.76582,0.76553,0.76316,0.77,0.76001,0.76553,0.77578,0.74462,0.78536,0.76553,0.72249,0.86701,0.59763
0.79871,0.86023,0.74344,0.82506,0.79871,0.78473,0.81204,0.79166,0.79871,0.8014,0.79555,0.79962,0.79871,0.7981,0.79788,0.7981,0.79871,0.7981,0.79788,0.7981,0.79871,0.7981,0.79788,0.7981,0.79871,0.7981,0.79788,0.7981,0.79871,0.7981,0.79788,0.7981,0.79871,0.7981,0.79788,0.7981,0.79871,0.7981,0.79788,0.7981,0.79871,0.7981,0.79788,0.7981,0.79871,0.7981,0.79788,0.7981,0.79871,0.7981,0.79788,0.7981,0.79871,0.7981,0.79788,0.7981,0.79871,0.7981,0.79788,0.7981,0.79871,0.7981,0.79788,0.7981,0.79871,0.7981,0.79788,0.7981,0.79871,0.7981,0.79788,0.7981,0.79871,0.7981,0.79788,0.7981,0.79871,0.7981,0.79788,0.7981,0.79871,0.7981,0.79788,0.7981,0.79871,0.7981,0.79788,0.7981,0.79871,0.7981,0.79788,0.7981,0.79871,0.7981,0.79788,0.7981,0.79871,0.7981,0.79788,0.7981,0.79871,0.7981,0.79788,0.7981,0.79871,0.7981,0.79788,0.7981,0.79871,0.7981,0.79788,0.7981,0.79871,0.7981,0.79788,0.7983,0.79871,0.7977,0.79905,0.797,0.79871,0.80051,0.7934,0.80264,0.79871,0.78866,0.82063,0.76089,0.62845,0.61473,0.6394,0.62222,0.62845,0.63082,0.62478,0.62935,0.62845,0.62727,0.62829,0.62765,0.62845,0.62797,0.6278,0.62797,0.62845,0.62797,0.6278,0.62797,0.62845,0.62797,0.6278,0.62797,0.62845,0.62797,0.6278,0.62797,0.62845,0.62797,0.6278,0.62797,0.62845,0.62797,0.6278,0.62797,0.62845,0.62797,0.6278,0.62797,0.62845,0.62797,0.6278,0.62797,0.62845,0.62797,0.6278,0.62797,0.62845,0.62797,0.6278,0.62797,0.62845,0.62797,0.6278,0.62797,0.62845,0.62797,0.6278,0.62797,0.62845,0.62797,0.6278,0.62797,0.62845,0.62797,0.6278,0.62797,0.62845,0.62797,0.6278,0.62797,0.62845,0.62797,0.6278,0.62797,0.62845,0.62797,0.6278,0.62797,0.62845,0.62797,0.6278,0.62797,0.62845,0.62797,0.6278,0.62797,0.62845,0.62797,0.6278,0.62797,0.62845,0.62797,0.6278,0.62797,0.62845,0.62797,0.6278,0.62797,0.62845,0.62797,0.6278,0.62797,0.62845,0.62797,0.6278,0.62797,0.62845,0.62797,0.6278,0.62797,0.62845,0.62797,0.6278,0.62868,0.62845,0.62649,0.63211,0.62391,0.62845,0.63685,0.61127,0.64472,0.62845,0.59311,0.71175,0.49061
0.70759,0.76209,0.65862,0.73093,0.70759,0.6952,0.7194,0.70134,0.70759,0.70998,0.70479,0.7084,0.70759,0.70705,0.70685,0.70705,0.70759,0.70705,0.70685,0.70705,0.70759,0.70705,0.70685,0.70705,0.70759,0.70705,0.70685,0.70705,0.70759,0.70705,0.70685,0.70705,0.70759,0.70705,0.70685,0.70705,0.70759,0.70705,0.70685,0.70705,0.70759,0.70705,0.70685,0.70705,0.70759,0.70705,0.70685,0.70705,0.70759,0.70705,0.70685,0.70705,0.70759,0.70705,0.70685,0.70705,0.70759,0.70705,0.70685,0.70705,0.70759,0.70705,0.70685,0.70705,0.70759,0.70705,0.70685,0.70705,0.70759,0.70705,0.70685,0.70705,0.70759,0.70705,0.70685,0.70705,0.70759,0.70705,0.70685,0.70705,0.70759,0.70705,0.70685,0.70705,0.70759,0.70705,0.70685,0.70705,0.70759,0.70705,0.70685,0.70705,0.70759,0.70705,0.70685,0.70705,0.70759,0.70705,0.70685,0.70705,0.70759,0.70705,0.70685,0.70705,0.70759,0.70705,0.70685,0.70705,0.70759,0.70705,0.70685,0.70705,0.70759,0.70705,0.70685,0.70729,0.70759,0.70656,0.70829,0.7057,0.70759,0.71001,0.70135,0.71263,0.70759,0.69545,0.7348,0.66133,0.49839,0.48174,0.51214,0.49095,0.49839,0.50152,0.49417,0.4997,0.49839,0.49715,0.49849,0.49762,0.49839,0.49802,0.49788,0.49802,0.49839,0.49802,0.49788,0.49802,0.49839,0.49802,0.49788,0.49802,0.49839,0.49802,0.49788,0.49802,0.49839,0.49802,0.49788,0.49802,0.49839,0.49802,0.49788,0.49802,0.49839,0.49802,0.49788,0.49802,0.49839,0.49802,0.49788,0.49802,0.49839,0.49802,0.49788,0.49802,0.49839,0.49802,0.49788,0.49802,0.49839,0.49802,0.49788,0.49802,0.49839,0.49802,0.49788,0.49802,0.49839,0.49802,0.49788,0.49802,0.49839,0.49802,0.49788,0.49802,0.49839,0.49802,0.49788,0.49802,0.49839,0.49802,0.49788,0.49802,0.49839,0.49802,0.49788,0.49802,0.49839,0.49802,0.49788,0.49802,0.49839,0.49802,0.49788,0.49802,0.49839,0.49802,0.49788,0.49802,0.49839,0.49802,0.49788,0.49802,0.49839,0.49802,0.49788,0.49802,0.49839,0.49802,0.49788,0.49802,0.49839,0.49802,0.49788,0.49802,0.49839,0.49802,0.49788,0.49802,0.49839,0.49802,0.49788,0.49858,0.49839,0.49684,0.5013,0.49479,0.49839,0.50506,0.48477,0.5113,0.49839,0.47037,0.56446,0.38908
0.78385,0.84422,0.7296,0.80971,0.78385,0.77013,0.79693,0.77693,0.78385,0.78649,0.78075,0.78474,0.78385,0.78325,0.78304,0.78325,0.78385,0.78325,0.78304,0.78325,0.78385,0.78325,0.78304,0.78325,0.78385,0.78325,0.78304,0.78325,0.78385,0.78325,0.78304,0.78325,0.78385,0.78325,0.78304,0.78325,0.78385,0.78325,0.78304,0.78325,0.78385,0.78325,0.78304,0.78325,0.78385,0.78325,0.78304,0.78325,0.78385,0.78325,0.78304,0.78325,0.78385,0.78325,0.78304,0.78325,0.78385,0.78325,0.78304,0.78325,0.78385,0.78325,0.78304,0.78325,0.78385,0.78325,0.78304,0.78325,0.78385,0.78325,0.78304,0.78325,0.78385,0.78325,0.78304,0.78325,0.78385,0.78325,0.78304,0.78325,0.78385,0.78325,0.78304,0.78325,0.78385,0.78325,0.78304,0.78325,0.78385,0.78325,0.78304,0.78325,0.78385,0.78325,0.78304,0.78325,0.78385,0.78325,0.78304,0.78325,0.78385,0.78325,0.78304,0.78325,0.78385,0.78325,0.78304,0.78325,0.78385,0.78325,0.78304,0.78325,0.78385,0.78325,0.78304,0.78325,0.78385,0.78325,0.78304,0.78325,0.78385,0.78325,0.78304,0.78325,0.78385,0.78325,0.78304,0.78325,0.78385,0.78325,0.78304,0.78325,0.78385,0.78325,0.78304,0.78325,0.78385,0.78325,0.78304,0.78325,0.78385,0.78325,0.78304,0.78325,0.78385,0.78325,0.78304,0.78325,0.78385,0.78325,0.78304,0.78325,0.78385,0.78325,0.78304,0.78325,0.78385,0.78325,0.78304,0.78325,0.78385,0.78325,0.78304,0.78325,0.78385,0.78325,0.78304,0.78325,0.78385,0.78325,0.78304,0.78325,0.78385,0.78325,0.78304,0.78325,0.78385,0.78325,0.78304,0.78325,0.78385,0.78325,0.78304,0.78325,0.78385,0.78325,0.78304,0.78325,0.78385,0.78325,0.78304,0.78325,0.78385,0.78325,0.78304,0.78325,0.78385,0.78325,0.78304,0.78325,0.78385,0.78325,0.78304,0.78325,0.78385,0.78325,0.78304,0.78325,0.78385,0.78325,0.78304,0.78325,0.78385,0.78325,0.78304,0.78325,0.78385,0.78325,0.78304,0.78325,0.78385,0.78325,0.78304,0.78325,0.78385,0.78325,0.78304,0.78325,0.78385,0.78325,0.78304,0.78325,0.78385,0.78325,0.78304,0.78325,0.78385,0.78325,0.78304,0.78325,0.78385,0.78325,0.78304,0.78414,0.78385,0.78141,0.78842,0.77819,0.78385,0.79433,0.76243,0.80414,0.78385,0.73977,0.88775,0.61192
0.81818,0.8812,0.76156,0.84518,0.81818,0.80386,0.83184,0.81096,0.81818,0.82095,0.81495,0.81912,0.81818,0.81756,0.81733,0.81756,0.81818,0.81756,0.81733,0.81756,0.81818,0.81756,0.81733,0.81756,0.81818,0.81756,0.81733,0.81756,0.81818,0.81756,0.81733,0.81756,0.81818,0.81756,0.81733,0.81756,0.81818,0.81756,0.81733,0.81756,0.81818,0.81756,0.81733,0.81756,0.81818,0.81756,0.81733,0.81756,0.81818,0.81756,0.81733,0.81756,0.81818,0.81756,0.81733,0.81756,0.81818,0.81756,0.81733,0.81756,0.81818,0.81756,0.81733,0.81756,0.81818,0.81756,0.81733,0.81756,0.81818,0.81756,0.81733,0.81756,0.81818,0.81756,0.81733,0.81756,0.81818,0.81756,0.81733,0.81756,0.81818,0.81756,0.81733,0.81756,0.81818,0.81756,0.81733,0.81756,0.81818,0.81756,0.81733,0.81756,0.81818,0.81756,0.81733,0.81756,0.81818,0.81756,0.81733,0.81756,0.81818,0.81756,0.81733,0.81756,0.81818,0.81756,0.81733,0.81756,0.81818,0.81756,0.81733,0.81756,0.81818,0.81756,0.81733,0.81788,0.81818,0.81691,0.81924,0.81577,0.81818,0.82147,0.81006,0.82494,0.81818,0.80221,0.85431,0.75707,0.5414,0.51946,0.5597,0.53165,0.5414,0.54562,0.53593,0.54322,0.5414,0.53984,0.54164,0.54046,0.5414,0.54099,0.54084,0.54099,0.5414,0.54099,0.54084,0.54099,0.5414,0.54099,0.54084,0.54099,0.5414,0.54099,0.54084,0.54099,0.5414,0.54099,0.54084,0.54099,0.5414,0.54099,0.54084,0.54099,0.5414,0.54099,0.54084,0.54099,0.5414,0.54099,0.54084,0.54099,0.5414,0.54099,0.54084,0.54099,0.5414,0.54099,0.54084,0.54099,0.5414,0.54099,0.54084,0.54099,0.5414,0.54099,0.54084,0.54099,0.5414,0.54099,0.54084,0.54099,0.5414,0.54099,0.54084,0.54099,0.5414,0.54099,0.54084,0.54099,0.5414,0.54099,0.54084,0.54099,0.5414,0.54099,0.54084,0.54099,0.5414,0.54099,0.54084,0.54099,0.5414,0.54099,0.54084,0.54099,0.5414,0.54099,0.54084,0.54099,0.5414,0.54099,0.54084,0.54099,0.5414,0.54099,0.54084,0.54099,0.5414,0.54099,0.54084,0.54099,0.5414,0.54099,0.54084,0.54099,0.5414,0.54099,0.54084,0.54099,0.5414,0.54099,0.54084,0.5416,0.5414,0.53972,0.54456,0.53749,0.5414,0.54864,0.5266,0.55542,0.5414,0.51095,0.61316,0.42265
0.16675,0.17959,0.15521,0.17225,0.16675,0.16383,0.16954,0.16528,0.16675,0.16731,0.16609,0.16694,0.16675,0.16663,0.16658,0.16663,0.16675,0.16663,0.16658,0.16663,0.16675,0.16663,0.16658,0.16663,0.16675,0.16663,0.16658,0.16663,0.16675,0.16663,0.16658,0.16663,0.16675,0.16663,0.16658,0.16663,0.16675,0.16663,0.16658,0.16663,0.16675,0.16663,0.16658,0.16663,0.16675,0.16663,0.16658,0.16663,0.16675,0.16663,0.16658,0.16663,0.16675,0.16663,0.16658,0.16663,0.16675,0.16663,0.16658,0.16663,0.16675,0.16663,0.16658,0.16663,0.16675,0.16663,0.16658,0.16663,0.16675,0.16663,0.16658,0.16663,0.16675,0.16663,0.16658,0.16663,0.16675,0.16663,0.16658,0.16663,0.16675,0.16663,0.16658,0.16663,0.16675,0.16663,0.16658,0.16663,0.16675,0.16663,0.16658,0.16663,0.16675,0.16663,0.16658,0.16663,0.16675,0.16663,0.16658,0.16663,0.16675,0.16663,0.16658,0.16663,0.16675,0.16663,0.16658,0.16663,0.16675,0.16663,0.16658,0.16663,0.16675,0.16663,0.16658,0.16587,0.16675,0.16819,0.162,0.17093,0.16675,0.15722,0.18408,0.14889,0.16675,0.20355,0.077656,0.31212,0.83239,0.88353,0.78615,0.85422,0.83239,0.82061,0.84333,0.82639,0.83239,0.83451,0.82959,0.83302,0.83239,0.83176,0.83153,0.83176,0.83239,0.83176,0.83153,0.83176,0.83239,0.83176,0.83153,0.83176,0.83239,0.83176,0.83153,0.83176,0.83239,0.83176,0.83153,0.83176,0.83239,0.83176,0.83153,0.83176,0.83239,0.83176,0.83153,0.83176,0.83239,0.83176,0.83153,0.83176,0.83239,0.83176,0.83153,0.83176,0.83239,0.83176,0.83153,0.83176,0.83239,0.83176,0.83153,0.83176,0.83239,0.83176,0.83153,0.83176,0.83239,0.83176,0.83153,0.83176,0.83239,0.83176,0.83153,0.83176,0.83239,0.83176,0.83153,0.83176,0.83239,0.83176,0.83153,0.83176,0.83239,0.83176,0.83153,0.83176,0.83239,0.83176,0.83153,0.83176,0.83239,0.83176,0.83153,0.83176,0.83239,0.83176,0.83153,0.83176,0.83239,0.83176,0.83153,0.83176,0.83239,0.83176,0.83153,0.83176,0.83239,0.83176,0.83153,0.83176,0.83239,0.83176,0.83153,0.83176,0.83239,0.83176,0.83153,0.83176,0.83239,0.83176,0.83153,0.8327,0.83239,0.8298,0.83725,0.82638,0.83239,0.84352,0.80964,0.85394,0.83239,0.78558,0.94273,0.64982
0.74556,0.80298,0.69397,0.77016,0.74556,0.73251,0.75801,0.73898,0.74556,0.74808,0.74262,0.74641,0.74556,0.745,0.74479,0.745,0.74556,0.745,0.74479,0.745,0.74556,0.745,0.74479,0.745,0.74556,0.745,0.74479,0.745,0.74556,0.745,0.74479,0.745,0.74556,0.745,0.74479,0.745,0.74556,0.745,0.74479,0.745,0.74556,0.745,0.74479,0.745,0.74556,0.745,0.74479,0.745,0.74556,0.745,0.74479,0.745,0.74556,0.745,0.74479,0.745,0.74556,0.745,0.74479,0.745,0.74556,0.745,0.74479,0.745,0.74556,0.745,0.74479,0.745,0.74556,0.745,0.74479,0.745,0.74556,0.745,0.74479,0.745,0.74556,0.745,0.74479,0.745,0.74556,0.745,0.74479,0.745,0.74556,0.745,0.74479,0.745,0.74556,0.745,0.74479,0.745,0.74556,0.745,0.74479,0.745,0.74556,0.745,0.74479,0.745,0.74556,0.745,0.74479,0.745,0.74556,0.745,0.74479,0.745,0.74556,0.745,0.74479,0.745,0.74556,0.745,0.74479,0.74554,0.74556,0.74386,0.7481,0.74188,0.74556,0.75181,0.7321,0.75785,0.74556,0.71823,0.80924,0.63954,0.26311,0.22538,0.29572,0.24662,0.26311,0.27099,0.25428,0.2668,0.26311,0.26091,0.26424,0.26199,0.26311,0.26291,0.26283,0.26291,0.26311,0.26291,0.26283,0.26291,0.26311,0.26291,0.26283,0.26291,0.26311,0.26291,0.26283,0.26291,0.26311,0.26291,0.26283,0.26291,0.26311,0.26291,0.26283,0.26291,0.26311,0.26291,0.26283,0.26291,0.26311,0.26291,0.26283,0.26291,0.26311,0.26291,0.26283,0.26291,0.26311,0.26291,0.26283,0.26291,0.26311,0.26291,0.26283,0.26291,0.26311,0.26291,0.26283,0.26291,0.26311,0.26291,0.26283,0.26291,0.26311,0.26291,0.26283,0.26291,0.26311,0.26291,0.26283,0.26291,0.26311,0.26291,0.26283,0.26291,0.26311,0.26291,0.26283,0.26291,0.26311,0.26291,0.26283,0.26291,0.26311,0.26291,0.26283,0.26291,0.26311,0.26291,0.26283,0.26291,0.26311,0.26291,0.26283,0.26291,0.26311,0.26291,0.26283,0.26291,0.26311,0.26291,0.26283,0.26291,0.26311,0.26291,0.26283,0.26291,0.26311,0.26291,0.26283,0.26291,0.26311,0.26291,0.26283,0.2632,0.26311,0.26229,0.26464,0.26121,0.26311,0.26663,0.25592,0.26992,0.26311,0.24831,0.29798,0.2054
0.8685,0.93539,0.8084,0.89715,0.8685,0.8533,0.883,0.86083,0.8685,0.87143,0.86507,0.86949,0.8685,0.86784,0.8676,0.86784,0.8685,0.86784,0.8676,0.86784,0.8685,0.86784,0.8676,0.86784,0.8685,0.86784,0.8676,0.86784,0.8685,0.86784,0.8676,0.86784,0.8685,0.86784,0.8676,0.86784,0.8685,0.86784,0.8676,0.86784,0.8685,0.86784,0.8676,0.86784,0.8685,0.86784,0.8676,0.86784,0.8685,0.86784,0.8676,0.86784,0.8685,0.86784,0.8676,0.86784,0.8685,0.86784,0.8676,0.86784,0.8685,0.86784,0.8676,0.86784,0.8685,0.86784,0.8676,0.86784,0.8685,0.86784,0.8676,0.86784,0.8685,0.86784,0.8676,0.86784,0.8685,0.86784,0.8676,0.86784,0.8685,0.86784,0.8676,0.86784,0.8685,0.86784,0.8676,0.86784,0.8685,0.86784,0.8676,0.86784,0.8685,0.86784,0.8676,0.86784,0.8685,0.86784,0.8676,0.86784,0.8685,0.86784,0.8676,0.86784,0.8685,0.86784,0.8676,0.86784,0.8685,0.86784,0.8676,0.86784,0.8685,0.86784,0.8676,0.86847,0.8685,0.86654,0.87141,0.86425,0.8685,0.87569,0.853,0.88264,0.8685,0.83703,0.94179,0.74644,0.31309,0.26965,0.35062,0.2941,0.31309,0.32215,0.30291,0.31733,0.31309,0.31055,0.31438,0.31179,0.31309,0.31285,0.31276,0.31285,0.31309,0.31285,0.31276,0.31285,0.31309,0.31285,0.31276,0.31285,0.31309,0.31285,0.31276,0.31285,0.31309,0.31285,0.31276,0.31285,0.31309,0.31285,0.31276,0.31285,0.31309,0.31285,0.31276,0.31285,0.31309,0.31285,0.31276,0.31285,0.31309,0.31285,0.31276,0.31285,0.31309,0.31285,0.31276,0.31285,0.31309,0.31285,0.31276,0.31285,0.31309,0.31285,0.31276,0.31285,0.31309,0.31285,0.31276,0.31285,0.31309,0.31285,0.31276,0.31285,0.31309,0.31285,0.31276,0.31285,0.31309,0.31285,0.31276,0.31285,0.31309,0.31285,0.31276,0.31285,0.31309,0.31285,0.31276,0.31285,0.31309,0.31285,0.31276,0.31285,0.31309,0.31285,0.31276,0.31285,0.31309,0.31285,0.31276,0.31285,0.31309,0.31285,0.31276,0.31285,0.31309,0.31285,0.31276,0.31285,0.31309,0.31285,0.31276,0.31285,0.31309,0.31285,0.31276,0.31285,0.31309,0.31285,0.31276,0.3132,0.31309,0.31211,0.31491,0.31083,0.31309,0.31727,0.30453,0.32119,0.31309,0.29548,0.35459,0.24442
0.78001,0.84009,0.72603,0.80575,0.78001,0.76636,0.79304,0.77312,0.78001,0.78265,0.77693,0.7809,0.78001,0.77942,0.7792,0.77942,0.78001,0.77942,0.7792,0.77942,0.78001,0.77942,0.7792,0.77942,0.78001,0.77942,0.7792,0.77942,0.78001,0.77942,0.7792,0.77942,0.78001,0.77942,0.7792,0.77942,0.78001,0.77942,0.7792,0.77942,0.78001,0.77942,0.7792,0.77942,0.78001,0.77942,0.7792,0.77942,0.78001,0.77942,0.7792,0.77942,0.78001,0.77942,0.7792,0.77942,0.78001,0.77942,0.7792,0.77942,0.78001,0.77942,0.7792,0.77942,0.78001,0.77942,0.7792,0.77942,0.78001,0.77942,0.7792,0.77942,0.78001,0.77942,0.7792,0.77942,0.78001,0.77942,0.7792,0.77942,0.78001,0.77942,0.7792,0.77942,0.78001,0.77942,0.7792,0.77942,0.78001,0.77942,0.7792,0.77942,0.78001,0.77942,0.7792,0.77942,0.78001,0.77942,0.7792,0.77942,0.78001,0.77942,0.7792,0.77942,0.78001,0.77942,0.7792,0.77942,0.78001,0.77942,0.7792,0.77942,0.78001,0.77942,0.7792,0.77942,0.78001,0.77942,0.7792,0.77942,0.78001,0.77942,0.7792,0.77942,0.78001,0.77942,0.7792,0.77942,0.78001,0.77942,0.7792,0.77942,0.78001,0.77942,0.7792,0.77942,0.78001,0.77942,0.7792,0.77942,0.78001,0.77942,0.7792,0.77942,0.78001,0.77942,0.7792,0.77942,0.78001,0.77942,0.7792,0.77942,0.78001,0.77942,0.7792,0.77942,0.78001,0.77942,0.7792,0.77942,0.78001,0.77942,0.7792,0.77942,0.78001,0.77942,0.7792,0.77942,0.78001,0.77942,0.7792,0.77942,0.78001,0.77942,0.7792,0.77942,0.78001,0.77942,0.7792,0.77942,0.78001,0.77942,0.7792,0.77942,0.78001,0.77942,0.7792,0.77942,0.78001,0.77942,0.7792,0.77942,0.78001,0.77942,0.7792,0.77942,0.78001,0.77942,0.7792,0.77942,0.78001,0.77942,0.7792,0.77942,0.78001,0.77942,0.7792,0.77942,0.78001,0.77942,0.7792,0.77942,0.78001,0.77942,0.7792,0.77942,0.78001,0.77942,0.7792,0.77942,0.78001,0.77942,0.7792,0.77942,0.78001,0.77942,0.7792,0.77942,0.78001,0.77942,0.7792,0.77942,0.78001,0.77942,0.7792,0.77942,0.78001,0.77942,0.7792,0.77942,0.78001,0.77942,0.7792,0.7803,0.78001,0.77759,0.78456,0.77438,0.78001,0.79045,0.7587,0.80021,0.78001,0.73615,0.88341,0.60893
0.1092,0.11762,0.10165,0.11281,0.1092,0.10729,0.11103,0.10824,0.1092,0.10957,0.10877,0.10933,0.1092,0.10912,0.10909,0.10912,0.1092,0.10912,0.10909,0.10912,0.1092,0.10912,0.10909,0.10912,0.1092,0.10912,0.10909,0.10912,0.1092,0.10912,0.10909,0.10912,0.1092,0.10912,0.10909,0.10912,0.1092,0.10912,0.10909,0.10912,0.1092,0.10912,0.10909,0.10912,0.1092,0.10912,0.10909,0.10912,0.1092,0.10912,0.10909,0.10912,0.1092,0.10912,0.10909,0.10912,0.1092,0.10912,0.10909,0.10912,0.1092,0.10912,0.10909,0.10912,0.1092,0.10912,0.10909,0.10912,0.1092,0.10912,0.10909,0.10912,0.1092,0.10912,0.10909,0.10912,0.1092,0.10912,0.10909,0.10912,0.1092,0.10912,0.10909,0.10912,0.1092,0.10912,0.10909,0.10912,0.1092,0.10912,0.10909,0.10912,0.1092,0.10912,0.10909,0.10912,0.1092,0.10912,0.10909,0.10912,0.1092,0.10912,0.10909,0.10912,0.1092,0.10912,0.10909,0.10912,0.1092,0.10912,0.10909,0.10912,0.1092,0.10912,0.10909,0.10824,0.1092,0.11096,0.10371,0.11418,0.1092,0.09806,0.12967,0.088262,0.1092,0.15254,0.0045268,0.28021,0.89193,0.95213,0.83765,0.91767,0.89193,0.87815,0.90488,0.88493,0.89193,0.89449,0.88872,0.89274,0.89193,0.89125,0.891,0.89125,0.89193,0.89125,0.891,0.89125,0.89193,0.89125,0.891,0.89125,0.89193,0.89125,0.891,0.89125,0.89193,0.89125,0.891,0.89125,0.89193,0.89125,0.891,0.89125,0.89193,0.89125,0.891,0.89125,0.89193,0.89125,0.891,0.89125,0.89193,0.89125,0.891,0.89125,0.89193,0.89125,0.891,0.89125,0.89193,0.89125,0.891,0.89125,0.89193,0.89125,0.891,0.89125,0.89193,0.89125,0.891,0.89125,0.89193,0.89125,0.891,0.89125,0.89193,0.89125,0.891,0.89125,0.89193,0.89125,0.891,0.89125,0.89193,0.89125,0.891,0.89125,0.89193,0.89125,0.891,0.89125,0.89193,0.89125,0.891,0.89125,0.89193,0.89125,0.891,0.89125,0.89193,0.89125,0.891,0.89125,0.89193,0.89125,0.891,0.89125,0.89193,0.89125,0.891,0.89125,0.89193,0.89125,0.891,0.89125,0.89193,0.89125,0.891,0.89125,0.89193,0.89125,0.891,0.89226,0.89193,0.88916,0.89713,0.88549,0.89193,0.90386,0.86755,0.91502,0.89193,0.84177,1.0102,0.6963
0.76395,0.82279,0.71108,0.78915,0.76395,0.75058,0.7767,0.7572,0.76395,0.76653,0.76093,0.76482,0.76395,0.76337,0.76316,0.76337,0.76395,0.76337,0.76316,0.76337,0.76395,0.76337,0.76316,0.76337,0.76395,0.76337,0.76316,0.76337,0.76395,0.76337,0.76316,0.76337,0.76395,0.76337,0.76316,0.76337,0.76395,0.76337,0.76316,0.76337,0.76395,0.76337,0.76316,0.76337,0.76395,0.76337,0.76316,0.76337,0.76395,0.76337,0.76316,0.76337,0.76395,0.76337,0.76316,0.76337,0.76395,0.76337,0.76316,0.76337,0.76395,0.76337,0.76316,0.76337,0.76395,0.76337,0.76316,0.76337,0.76395,0.76337,0.76316,0.76337,0.76395,0.76337,0.76316,0.76337,0.76395,0.76337,0.76316,0.76337,0.76395,0.76337,0.76316,0.76337,0.76395,0.76337,0.76316,0.76337,0.76395,0.76337,0.76316,0.76337,0.76395,0.76337,0.76316,0.76337,0.76395,0.76337,0.76316,0.76337,0.76395,0.76337,0.76316,0.76337,0.76395,0.76337,0.76316,0.76337,0.76395,0.76337,0.76316,0.76337,0.76395,0.76337,0.76316,0.76374,0.76395,0.7626,0.7654,0.76126,0.76395,0.76799,0.75457,0.77208,0.76395,0.74525,0.80679,0.69198,0.43734,0.4116,0.45915,0.42598,0.43734,0.44248,0.43109,0.43964,0.43734,0.43566,0.43784,0.43639,0.43734,0.43701,0.43689,0.43701,0.43734,0.43701,0.43689,0.43701,0.43734,0.43701,0.43689,0.43701,0.43734,0.43701,0.43689,0.43701,0.43734,0.43701,0.43689,0.43701,0.43734,0.43701,0.43689,0.43701,0.43734,0.43701,0.43689,0.43701,0.43734,0.43701,0.43689,0.43701,0.43734,0.43701,0.43689,0.43701,0.43734,0.43701,0.43689,0.43701,0.43734,0.43701,0.43689,0.43701,0.43734,0.43701,0.43689,0.43701,0.43734,0.43701,0.43689,0.43701,0.43734,0.43701,0.43689,0.43701,0.43734,0.43701,0.43689,0.43701,0.43734,0.43701,0.43689,0.43701,0.43734,0.43701,0.43689,0.43701,0.43734,0.43701,0.43689,0.43701,0.43734,0.43701,0.43689,0.43701,0.43734,0.43701,0.43689,0.43701,0.43734,0.43701,0.43689,0.43701,0.43734,0.43701,0.43689,0.43701,0.43734,0.43701,0.43689,0.43701,0.43734,0.43701,0.43689,0.43701,0.43734,0.43701,0.43689,0.43701,0.43734,0.43701,0.43689,0.4375,0.43734,0.43598,0.43989,0.43418,0.43734,0.44319,0.42539,0.44866,0.43734,0.41275,0.49531,0.34142
0.19661,0.21176,0.18301,0.2031,0.19661,0.19317,0.1999,0.19488,0.19661,0.19728,0.19584,0.19684,0.19661,0.19646,0.19641,0.19646,0.19661,0.19646,0.19641,0.19646,0.19661,0.19646,0.19641,0.19646,0.19661,0.19646,0.19641,0.19646,0.19661,0.19646,0.19641,0.19646,0.19661,0.19646,0.19641,0.19646,0.19661,0.19646,0.19641,0.19646,0.19661,0.19646,0.19641,0.19646,0.19661,0.19646,0.19641,0.19646,0.19661,0.19646,0.19641,0.19646,0.19661,0.19646,0.19641,0.19646,0.19661,0.19646,0.19641,0.19646,0.19661,0.19646,0.19641,0.19646,0.19661,0.19646,0.19641,0.19646,0.19661,0.19646,0.19641,0.19646,0.19661,0.19646,0.19641,0.19646,0.19661,0.19646,0.19641,0.19646,0.19661,0.19646,0.19641,0.19646,0.19661,0.19646,0.19641,0.19646,0.19661,0.19646,0.19641,0.19646,0.19661,0.19646,0.19641,0.19646,0.19661,0.19646,0.19641,0.19646,0.19661,0.19646,0.19641,0.19646,0.19661,0.19646,0.19641,0.19646,0.19661,0.19646,0.19641,0.19646,0.19661,0.19646,0.19641,0.19574,0.19661,0.19797,0.192,0.20061,0.19661,0.1874,0.21328,0.17936,0.19661,0.23206,0.11069,0.33671,0.83826,0.88754,0.79366,0.85928,0.83826,0.82688,0.84877,0.83245,0.83826,0.84028,0.83552,0.83885,0.83826,0.83763,0.83739,0.83763,0.83826,0.83763,0.83739,0.83763,0.83826,0.83763,0.83739,0.83763,0.83826,0.83763,0.83739,0.83763,0.83826,0.83763,0.83739,0.83763,0.83826,0.83763,0.83739,0.83763,0.83826,0.83763,0.83739,0.83763,0.83826,0.83763,0.83739,0.83763,0.83826,0.83763,0.83739,0.83763,0.83826,0.83763,0.83739,0.83763,0.83826,0.83763,0.83739,0.83763,0.83826,0.83763,0.83739,0.83763,0.83826,0.83763,0.83739,0.83763,0.83826,0.83763,0.83739,0.83763,0.83826,0.83763,0.83739,0.83763,0.83826,0.83763,0.83739,0.83763,0.83826,0.83763,0.83739,0.83763,0.83826,0.83763,0.83739,0.83763,0.83826,0.83763,0.83739,0.83763,0.83826,0.83763,0.83739,0.83763,0.83826,0.83763,0.83739,0.83763,0.83826,0.83763,0.83739,0.83763,0.83826,0.83763,0.83739,0.83763,0.83826,0.83763,0.83739,0.83763,0.83826,0.83763,0.83739,0.83763,0.83826,0.83763,0.83739,0.83858,0.83826,0.83566,0.84315,0.83221,0.83826,0.84947,0.81536,0.85997,0.83826,0.79112,0.94938,0.65441
0.81967,0.88281,0.76295,0.84672,0.81967,0.80533,0.83336,0.81243,0.81967,0.82244,0.81644,0.82061,0.81967,0.81905,0.81882,0.81905,0.81967,0.81905,0.81882,0.81905,0.81967,0.81905,0.81882,0.81905,0.81967,0.81905,0.81882,0.81905,0.81967,0.81905,0.81882,0.81905,0.81967,0.81905,0.81882,0.81905,0.81967,0.81905,0.81882,0.81905,0.81967,0.81905,0.81882,0.81905,0.81967,0.81905,0.81882,0.81905,0.81967,0.81905,0.81882,0.81905,0.81967,0.81905,0.81882,0.81905,0.81967,0.81905,0.81882,0.81905,0.81967,0.81905,0.81882,0.81905,0.81967,0.81905,0.81882,0.81905,0.81967,0.81905,0.81882,0.81905,0.81967,0.81905,0.81882,0.81905,0.81967,0.81905,0.81882,0.81905,0.81967,0.81905,0.81882,0.81905,0.81967,0.81905,0.81882,0.81905,0.81967,0.81905,0.81882,0.81905,0.81967,0.81905,0.81882,0.81905,0.81967,0.81905,0.81882,0.81905,0.81967,0.81905,0.81882,0.81905,0.81967,0.81905,0.81882,0.81905,0.81967,0.81905,0.81882,0.81905,0.81967,0.81905,0.81882,0.81976,0.81967,0.81759,0.82311,0.81502,0.81967,0.82787,0.80241,0.83569,0.81967,0.78443,0.90221,0.68262,0.1955,0.14681,0.23785,0.17429,0.1955,0.20581,0.18423,0.2004,0.1955,0.19278,0.19712,0.19417,0.1955,0.19536,0.1953,0.19536,0.1955,0.19536,0.1953,0.19536,0.1955,0.19536,0.1953,0.19536,0.1955,0.19536,0.1953,0.19536,0.1955,0.19536,0.1953,0.19536,0.1955,0.19536,0.1953,0.19536,0.1955,0.19536,0.1953,0.19536,0.1955,0.19536,0.1953,0.19536,0.1955,0.19536,0.1953,0.19536,0.1955,0.19536,0.1953,0.19536,0.1955,0.19536,0.1953,0.19536,0.1955,0.19536,0.1953,0.19536,0.1955,0.19536,0.1953,0.19536,0.1955,0.19536,0.1953,0.19536,0.1955,0.19536,0.1953,0.19536,0.1955,0.19536,0.1953,0.19536,0.1955,0.19536,0.1953,0.19536,0.1955,0.19536,0.1953,0.19536,0.1955,0.19536,0.1953,0.19536,0.1955,0.19536,0.1953,0.19536,0.1955,0.19536,0.1953,0.19536,0.1955,0.19536,0.1953,0.19536,0.1955,0.19536,0.1953,0.19536,0.1955,0.19536,0.1953,0.19536,0.1955,0.19536,0.1953,0.19536,0.1955,0.19536,0.1953,0.19558,0.1955,0.1949,0.19665,0.19409,0.1955,0.19812,0.19016,0.20057,0.1955,0.18451,0.22142,0.15262
0.66581,0.71709,0.61974,0.68778,0.66581,0.65416,0.67693,0.65993,0.66581,0.66806,0.66318,0.66657,0.66581,0.66531,0.66512,0.66531,0.66581,0.66531,0.66512,0.66531,0.66581,0.66531,0.66512,0.66531,0.66581,0.66531,0.66512,0.66531,0.66581,0.66531,0.66512,0.66531,0.66581,0.66531,0.66512,0.66531,0.66581,0.66531,0.66512,0.66531,0.66581,0.66531,0.66512,0.66531,0.66581,0.66531,0.66512,0.66531,0.66581,0.66531,0.66512,0.66531,0.66581,0.66531,0.66512,0.66531,0.66581,0.66531,0.66512,0.66531,0.66581,0.66531,0.66512,0.66531,0.66581,0.66531,0.66512,0.66531,0.66581,0.66531,0.66512,0.66531,0.66581,0.66531,0.66512,0.66531,0.66581,0.66531,0.66512,0.66531,0.66581,0.66531,0.66512,0.66531,0.66581,0.66531,0.66512,0.66531,0.66581,0.66531,0.66512,0.66531,0.66581,0.66531,0.66512,0.66531,0.66581,0.66531,0.66512,0.66531,0.66581,0.66531,0.66512,0.66531,0.66581,0.66531,0.66512,0.66531,0.66581,0.66531,0.66512,0.66531,0.66581,0.66531,0.66512,0.66513,0.66581,0.66568,0.66405,0.66632,0.66581,0.66309,0.66924,0.66113,0.66581,0.674,0.6442,0.69955,0.82245,0.83401,0.81092,0.82711,0.82245,0.8192,0.82438,0.82056,0.82245,0.82248,0.82114,0.82213,0.82245,0.82183,0.8216,0.82183,0.82245,0.82183,0.8216,0.82183,0.82245,0.82183,0.8216,0.82183,0.82245,0.82183,0.8216,0.82183,0.82245,0.82183,0.8216,0.82183,0.82245,0.82183,0.8216,0.82183,0.82245,0.82183,0.8216,0.82183,0.82245,0.82183,0.8216,0.82183,0.82245,0.82183,0.8216,0.82183,0.82245,0.82183,0.8216,0.82183,0.82245,0.82183,0.8216,0.82183,0.82245,0.82183,0.8216,0.82183,0.82245,0.82183,0.8216,0.82183,0.82245,0.82183,0.8216,0.82183,0.82245,0.82183,0.8216,0.82183,0.82245,0.82183,0.8216,0.82183,0.82245,0.82183,0.8216,0.82183,0.82245,0.82183,0.8216,0.82183,0.82245,0.82183,0.8216,0.82183,0.82245,0.82183,0.8216,0.82183,0.82245,0.82183,0.8216,0.82183,0.82245,0.82183,0.8216,0.82183,0.82245,0.82183,0.8216,0.82183,0.82245,0.82183,0.8216,0.82183,0.82245,0.82183,0.8216,0.82183,0.82245,0.82183,0.8216,0.82276,0.82245,0.8199,0.82725,0.81651,0.82245,0.83345,0.79997,0.84375,0.82245,0.7762,0.93147,0.64206
0.36087,0.38867,0.3359,0.37278,0.36087,0.35456,0.3669,0.35769,0.36087,0.36209,0.35945,0.36129,0.36087,0.3606,0.3605,0.3606,0.36087,0.3606,0.3605,0.3606,0.36087,0.3606,0.3605,0.3606,0.36087,0.3606,0.3605,0.3606,0.36087,0.3606,0.3605,0.3606,0.36087,0.3606,0.3605,0.3606,0.36087,0.3606,0.3605,0.3606,0.36087,0.3606,0.3605,0.3606,0.36087,0.3606,0.3605,0.3606,0.36087,0.3606,0.3605,0.3606,0.36087,0.3606,0.3605,0.3606,0.36087,0.3606,0.3605,0.3606,0.36087,0.3606,0.3605,0.3606,0.36087,0.3606,0.3605,0.3606,0.36087,0.3606,0.3605,0.3606,0.36087,0.3606,0.3605,0.3606,0.36087,0.3606,0.3605,0.3606,0.36087,0.3606,0.3605,0.3606,0.36087,0.3606,0.3605,0.3606,0.36087,0.3606,0.3605,0.3606,0.36087,0.3606,0.3605,0.3606,0.36087,0.3606,0.3605,0.3606,0.36087,0.3606,0.3605,0.3606,0.36087,0.3606,0.3605,0.3606,0.36087,0.3606,0.3605,0.3606,0.36087,0.3606,0.3605,0.36017,0.36087,0.3615,0.35788,0.36307,0.36087,0.35521,0.37053,0.35044,0.36087,0.38176,0.30955,0.44397,0.7423,0.77141,0.71553,0.75461,0.7423,0.73535,0.7483,0.73866,0.7423,0.74332,0.74042,0.74246,0.7423,0.74174,0.74153,0.74174,0.7423,0.74174,0.74153,0.74174,0.7423,0.74174,0.74153,0.74174,0.7423,0.74174,0.74153,0.74174,0.7423,0.74174,0.74153,0.74174,0.7423,0.74174,0.74153,0.74174,0.7423,0.74174,0.74153,0.74174,0.7423,0.74174,0.74153,0.74174,0.7423,0.74174,0.74153,0.74174,0.7423,0.74174,0.74153,0.74174,0.7423,0.74174,0.74153,0.74174,0.7423,0.74174,0.74153,0.74174,0.7423,0.74174,0.74153,0.74174,0.7423,0.74174,0.74153,0.74174,0.7423,0.74174,0.74153,0.74174,0.7423,0.74174,0.74153,0.74174,0.7423,0.74174,0.74153,0.74174,0.7423,0.74174,0.74153,0.74174,0.7423,0.74174,0.74153,0.74174,0.7423,0.74174,0.74153,0.74174,0.7423,0.74174,0.74153,0.74174,0.7423,0.74174,0.74153,0.74174,0.7423,0.74174,0.74153,0.74174,0.7423,0.74174,0.74153,0.74174,0.7423,0.74174,0.74153,0.74174,0.7423,0.74174,0.74153,0.74258,0.7423,0.74,0.74663,0.73694,0.7423,0.75223,0.72202,0.76152,0.7423,0.70056,0.8407,0.57949
0.80787,0.87009,0.75196,0.83452,0.80787,0.79373,0.82136,0.80073,0.80787,0.8106,0.80468,0.80879,0.80787,0.80726,0.80703,0.80726,0.80787,0.80726,0.80703,0.80726,0.80787,0.80726,0.80703,0.80726,0.80787,0.80726,0.80703,0.80726,0.80787,0.80726,0.80703,0.80726,0.80787,0.80726,0.80703,0.80726,0.80787,0.80726,0.80703,0.80726,0.80787,0.80726,0.80703,0.80726,0.80787,0.80726,0.80703,0.80726,0.80787,0.80726,0.80703,0.80726,0.80787,0.80726,0.80703,0.80726,0.80787,0.80726,0.80703,0.80726,0.80787,0.80726,0.80703,0.80726,0.80787,0.80726,0.80703,0.80726,0.80787,0.80726,0.80703,0.80726,0.80787,0.80726,0.80703,0.80726,0.80787,0.80726,0.80703,0.80726,0.80787,0.80726,0.80703,0.80726,0.80787,0.80726,0.80703,0.80726,0.80787,0.80726,0.80703,0.80726,0.80787,0.80726,0.80703,0.80726,0.80787,0.80726,0.80703,0.80726,0.80787,0.80726,0.80703,0.80726,0.80787,0.80726,0.80703,0.80726,0.80787,0.80726,0.80703,0.80726,0.80787,0.80726,0.80703,0.80726,0.80787,0.80726,0.80703,0.80726,0.80787,0.80726,0.80703,0.80726,0.80787,0.80726,0.80703,0.80726,0.80787,0.80726,0.80703,0.80726,0.80787,0.80726,0.80703,0.80726,0.80787,0.80726,0.80703,0.80726,0.80787,0.80726,0.80703,0.80726,0.80787,0.80726,0.80703,0.80726,0.80787,0.80726,0.80703,0.80726,0.80787,0.80726,0.80703,0.80726,0.80787,0.80726,0.80703,0.80726,0.80787,0.80726,0.80703,0.80726,0.80787,0.80726,0.80703,0.80726,0.80787,0.80726,0.80703,0.80726,0.80787,0.80726,0.80703,0.80726,0.80787,0.80726,0.80703,0.80726,0.80787,0.80726,0.80703,0.80726,0.80787,0.80726,0.80703,0.80726,0.80787,0.80726,0.80703,0.80726,0.80787,0.80726,0.80703,0.80726,0.80787,0.80726,0.80703,0.80726,0.80787,0.80726,0.80703,0.80726,0.80787,0.80726,0.80703,0.80726,0.80787,0.80726,0.80703,0.80726,0.80787,0.80726,0.80703,0.80726,0.80787,0.80726,0.80703,0.80726,0.80787,0.80726,0.80703,0.80726,0.80787,0.80726,0.80703,0.80726,0.80787,0.80726,0.80703,0.80726,0.80787,0.80726,0.80703,0.80726,0.80787,0.80726,0.80703,0.80726,0.80787,0.80726,0.80703,0.80817,0.80787,0.80536,0.81258,0.80203,0.80787,0.81867,0.78579,0.82878,0.80787,0.76244,0.91495,0.63068
0.4545,0.48951,0.42305,0.4695,0.4545,0.44655,0.46209,0.45049,0.4545,0.45604,0.45271,0.45502,0.4545,0.45416,0.45403,0.45416,0.4545,0.45416,0.45403,0.45416,0.4545,0.45416,0.45403,0.45416,0.4545,0.45416,0.45403,0.45416,0.4545,0.45416,0.45403,0.45416,0.4545,0.45416,0.45403,0.45416,0.4545,0.45416,0.45403,0.45416,0.4545,0.45416,0.45403,0.45416,0.4545,0.45416,0.45403,0.45416,0.4545,0.45416,0.45403,0.45404,0.4545,0.4544,0.45332,0.45483,0.4545,0.4527,0.45675,0.4514,0.4545,0.45989,0.44023,0.47675,0.55785,0.56546,0.55022,0.56091,0.55785,0.55569,0.5591,0.55659,0.55785,0.55785,0.55697,0.55762,0.55785,0.55742,0.55727,0.55742,0.55785,0.55742,0.55727,0.55742,0.55785,0.55742,0.55727,0.55742,0.55785,0.55742,0.55727,0.55742,0.55785,0.55742,0.55727,0.55742,0.55785,0.55742,0.55727,0.55742,0.55785,0.55742,0.55727,0.55742,0.55785,0.55742,0.55727,0.55742,0.55785,0.55742,0.55727,0.55742,0.55785,0.55742,0.55727,0.5576,0.55785,0.55706,0.55834,0.55642,0.55785,0.55962,0.55318,0.56157,0.55785,0.54879,0.57806,0.52341,0.40224,0.38983,0.41243,0.39668,0.40224,0.40454,0.39906,0.40319,0.40224,0.40129,0.40227,0.40164,0.40224,0.40193,0.40182,0.40193,0.40224,0.40193,0.40182,0.40193,0.40224,0.40193,0.40182,0.40193,0.40224,0.40193,0.40182,0.40193,0.40224,0.40193,0.40182,0.40193,0.40224,0.40193,0.40182,0.40193,0.40224,0.40193,0.40182,0.40193,0.40224,0.40193,0.40182,0.40193,0.40224,0.40193,0.40182,0.40193,0.40224,0.40193,0.40182,0.4016,0.40224,0.40262,0.39982,0.40382,0.40224,0.39781,0.40949,0.39416,0.40224,0.41811,0.36286,0.46568,0.69388,0.71604,0.67329,0.7032,0.69388,0.68848,0.69834,0.69101,0.69388,0.69457,0.69232,0.69391,0.69388,0.69336,0.69317,0.69336,0.69388,0.69336,0.69317,0.69336,0.69388,0.69336,0.69317,0.69336,0.69388,0.69336,0.69317,0.69336,0.69388,0.69336,0.69317,0.69336,0.69388,0.69336,0.69317,0.69336,0.69388,0.69336,0.69317,0.69336,0.69388,0.69336,0.69317,0.69336,0.69388,0.69336,0.69317,0.69336,0.69388,0.69336,0.69317,0.69414,0.69388,0.69173,0.69793,0.68887,0.69388,0.70317,0.67492,0.71185,0.69388,0.65487,0.78586,0.54169
0.73655,0.79328,0.68558,0.76085,0.73655,0.72366,0.74885,0.73005,0.73655,0.73904,0.73364,0.7374,0.73655,0.736,0.73579,0.736,0.73655,0.736,0.73579,0.736,0.73655,0.736,0.73579,0.736,0.73655,0.736,0.73579,0.736,0.73655,0.736,0.73579,0.736,0.73655,0.736,0.73579,0.736,0.73655,0.736,0.73579,0.736,0.73655,0.736,0.73579,0.736,0.73655,0.736,0.73579,0.736,0.73655,0.736,0.73579,0.736,0.73655,0.736,0.73579,0.736,0.73655,0.736,0.73579,0.736,0.73655,0.736,0.73579,0.736,0.73655,0.736,0.73579,0.736,0.73655,0.736,0.73579,0.736,0.73655,0.736,0.73579,0.736,0.73655,0.736,0.73579,0.736,0.73655,0.736,0.73579,0.736,0.73655,0.736,0.73579,0.736,0.73655,0.736,0.73579,0.736,0.73655,0.736,0.73579,0.736,0.73655,0.736,0.73579,0.736,0.73655,0.736,0.73579,0.736,0.73655,0.736,0.73579,0.736,0.73655,0.736,0.73579,0.736,0.73655,0.736,0.73579,0.73637,0.73655,0.73521,0.73808,0.73384,0.73655,0.74071,0.72702,0.74488,0.73655,0.7175,0.78033,0.66311,0.40312,0.37688,0.42543,0.39156,0.40312,0.4084,0.39679,0.4055,0.40312,0.40143,0.40367,0.40218,0.40312,0.40281,0.4027,0.40281,0.40312,0.40281,0.4027,0.40281,0.40312,0.40281,0.4027,0.40281,0.40312,0.40281,0.4027,0.40281,0.40312,0.40281,0.4027,0.40281,0.40312,0.40281,0.4027,0.40281,0.40312,0.40281,0.4027,0.40281,0.40312,0.40281,0.4027,0.40281,0.40312,0.40281,0.4027,0.40281,0.40312,0.40281,0.4027,0.40281,0.40312,0.40281,0.4027,0.40281,0.40312,0.40281,0.4027,0.40281,0.40312,0.40281,0.4027,0.40281,0.40312,0.40281,0.4027,0.40281,0.40312,0.40281,0.4027,0.40281,0.40312,0.40281,0.4027,0.40281,0.40312,0.40281,0.4027,0.40281,0.40312,0.40281,0.4027,0.40281,0.40312,0.40281,0.4027,0.40281,0.40312,0.40281,0.4027,0.40281,0.40312,0.40281,0.4027,0.40281,0.40312,0.40281,0.4027,0.40281,0.40312,0.40281,0.4027,0.40281,0.40312,0.40281,0.4027,0.40281,0.40312,0.40281,0.4027,0.40281,0.40312,0.40281,0.4027,0.40327,0.40312,0.40187,0.40547,0.40021,0.40312,0.40851,0.3921,0.41356,0.40312,0.38045,0.45655,0.3147
0.87712,0.94468,0.81642,0.90606,0.87712,0.86177,0.89177,0.86938,0.87712,0.88008,0.87366,0.87812,0.87712,0.87646,0.87621,0.87646,0.87712,0.87646,0.87621,0.87646,0.87712,0.87646,0.87621,0.87646,0.87712,0.87646,0.87621,0.87646,0.87712,0.87646,0.87621,0.87646,0.87712,0.87646,0.87621,0.87646,0.87712,0.87646,0.87621,0.87646,0.87712,0.87646,0.87621,0.87646,0.87712,0.87646,0.87621,0.87646,0.87712,0.87646,0.87621,0.87646,0.87712,0.87646,0.87621,0.87646,0.87712,0.87646,0.87621,0.87646,0.87712,0.87646,0.87621,0.87646,0.87712,0.87646,0.87621,0.87646,0.87712,0.87646,0.87621,0.87646,0.87712,0.87646,0.87621,0.87646,0.87712,0.87646,0.87621,0.87646,0.87712,0.87646,0.87621,0.87646,0.87712,0.87646,0.87621,0.87646,0.87712,0.87646,0.87621,0.87646,0.87712,0.87646,0.87621,0.87646,0.87712,0.87646,0.87621,0.87646,0.87712,0.87646,0.87621,0.87646,0.87712,0.87646,0.87621,0.87646,0.87712,0.87646,0.87621,0.87646,0.87712,0.87646,0.87621,0.87646,0.87712,0.87646,0.87621,0.87646,0.87712,0.87646,0.87621,0.87646,0.87712,0.87646,0.87621,0.87646,0.87712,0.87646,0.87621,0.87646,0.87712,0.87646,0.87621,0.87646,0.87712,0.87646,0.87621,0.87646,0.87712,0.87646,0.87621,0.87646,0.87712,0.87646,0.87621,0.87646,0.87712,0.87646,0.87621,0.87646,0.87712,0.87646,0.87621,0.87646,0.87712,0.87646,0.87621,0.87646,0.87712,0.87646,0.87621,0.87646,0.87712,0.87646,0.87621,0.87646,0.87712,0.87646,0.87621,0.87646,0.87712,0.87646,0.87621,0.87646,0.87712,0.87646,0.87621,0.87646,0.87712,0.87646,0.87621,0.87646,0.87712,0.87646,0.87621,0.87646,0.87712,0.87646,0.87621,0.87646,0.87712,0.87646,0.87621,0.87646,0.87712,0.87646,0.87621,0.87646,0.87712,0.87646,0.87621,0.87646,0.87712,0.87646,0.87621,0.87646,0.87712,0.87646,0.87621,0.87646,0.87712,0.87646,0.87621,0.87646,0.87712,0.87646,0.87621,0.87646,0.87712,0.87646,0.87621,0.87646,0.87712,0.87646,0.87621,0.87646,0.87712,0.87646,0.87621,0.87646,0.87712,0.87646,0.87621,0.87646,0.87712,0.87646,0.87621,0.87646,0.87712,0.87646,0.87621,0.87745,0.87712,0.8744,0.88224,0.87079,0.87712,0.88885,0.85315,0.89983,0.87712,0.8278,0.99339,0.68474
0.71712,0.77235,0.66749,0.74078,0.71712,0.70456,0.72909,0.71078,0.71712,0.71954,0.71428,0.71794,0.71712,0.71657,0.71637,0.71657,0.71712,0.71657,0.71637,0.71657,0.71712,0.71657,0.71637,0.71657,0.71712,0.71657,0.71637,0.71657,0.71712,0.71657,0.71637,0.71657,0.71712,0.71657,0.71637,0.71657,0.71712,0.71657,0.71637,0.71657,0.71712,0.71657,0.71637,0.71657,0.71712,0.71657,0.71637,0.71657,0.71712,0.71657,0.71637,0.71657,0.71712,0.71657,0.71637,0.71657,0.71712,0.71657,0.71637,0.71657,0.71712,0.71657,0.71637,0.71657,0.71712,0.71657,0.71637,0.71657,0.71712,0.71657,0.71637,0.71657,0.71712,0.71657,0.71637,0.71657,0.71712,0.71657,0.71637,0.71657,0.71712,0.71657,0.71637,0.71657,0.71712,0.71657,0.71637,0.71657,0.71712,0.71657,0.71637,0.71657,0.71712,0.71657,0.71637,0.71657,0.71712,0.71657,0.71637,0.71657,0.71712,0.71657,0.71637,0.71657,0.71712,0.71657,0.71637,0.71657,0.71712,0.71657,0.71637,0.71657,0.71712,0.71657,0.71637,0.71688,0.71712,0.71593,0.71825,0.71481,0.71712,0.72042,0.70921,0.72383,0.71712,0.70146,0.75277,0.65703,0.44468,0.42316,0.46279,0.43515,0.44468,0.44891,0.43939,0.44655,0.44468,0.44322,0.44502,0.44383,0.44468,0.44435,0.44422,0.44435,0.44468,0.44435,0.44422,0.44435,0.44468,0.44435,0.44422,0.44435,0.44468,0.44435,0.44422,0.44435,0.44468,0.44435,0.44422,0.44435,0.44468,0.44435,0.44422,0.44435,0.44468,0.44435,0.44422,0.44435,0.44468,0.44435,0.44422,0.44435,0.44468,0.44435,0.44422,0.44435,0.44468,0.44435,0.44422,0.44435,0.44468,0.44435,0.44422,0.44435,0.44468,0.44435,0.44422,0.44435,0.44468,0.44435,0.44422,0.44435,0.44468,0.44435,0.44422,0.44435,0.44468,0.44435,0.44422,0.44435,0.44468,0.44435,0.44422,0.44435,0.44468,0.44435,0.44422,0.44435,0.44468,0.44435,0.44422,0.44435,0.44468,0.44435,0.44422,0.44435,0.44468,0.44435,0.44422,0.44435,0.44468,0.44435,0.44422,0.44435,0.44468,0.44435,0.44422,0.44435,0.44468,0.44435,0.44422,0.44435,0.44468,0.44435,0.44422,0.44435,0.44468,0.44435,0.44422,0.44435,0.44468,0.44435,0.44422,0.44485,0.44468,0.4433,0.44728,0.44147,0.44468,0.45063,0.43253,0.4562,0.44468,0.41968,0.50363,0.34715
0.67037,0.72239,0.62328,0.69325,0.67037,0.65722,0.68447,0.66155,0.67037,0.68078,0.63342,0.59448,0.60174,0.60411,0.59839,0.60254,0.60174,0.60086,0.60115,0.6016,0.60174,0.59385,0.58942,0.59235,0.59189,0.59038,0.59302,0.58979,0.59189,0.59464,0.58359,0.60388,0.64848,0.65223,0.64421,0.64961,0.64848,0.64756,0.64773,0.6486,0.64848,0.64537,0.66009,0.67682,0.67388,0.67164,0.67569,0.67149,0.67388,0.67638,0.66742,0.67978,0.67388,0.61033,0.58171,0.59726,0.59315,0.59036,0.59501,0.5912,0.59315,0.59396,0.59002,0.59596,0.60657,0.60663,0.60583,0.6057,0.60657,0.6075,0.60288,0.60931,0.60657,0.59708,0.64467,0.69371,0.68463,0.68018,0.68863,0.68118,0.68463,0.68765,0.67774,0.69069,0.68463,0.62231,0.59448,0.60962,0.6056,0.60283,0.60743,0.60364,0.6056,0.60646,0.60226,0.60869,0.62011,0.62006,0.61959,0.61892,0.62011,0.62164,0.61512,0.62412,0.62011,0.60699,0.67346,0.74146,0.72878,0.72297,0.73409,0.7246,0.72878,0.73222,0.72129,0.73532,0.72878,0.66356,0.63527,0.65009,0.64635,0.64443,0.64643,0.64614,0.64635,0.64339,0.65235,0.63422,0.59222,0.58747,0.59528,0.58996,0.59222,0.59266,0.59069,0.59216,0.59222,0.59161,0.59133,0.59036,0.59117,0.59103,0.58993,0.59128,0.59117,0.58961,0.59278,0.58818,0.59117,0.61609,0.62728,0.62142,0.62364,0.62392,0.62235,0.62342,0.62364,0.6234,0.62226,0.62474,0.63155,0.63198,0.62989,0.63184,0.63155,0.63,0.63296,0.62909,0.63155,0.63634,0.60839,0.57999,0.58611,0.58819,0.58224,0.58786,0.58611,0.58262,0.59109,0.57955,0.58611,0.64446,0.67057,0.65665,0.66132,0.6628,0.65869,0.66184,0.66132,0.66041,0.66112,0.66082,0.66284,0.66301,0.6612,0.66331,0.66284,0.66061,0.66568,0.65883,0.66284,0.6721,0.6209,0.56982,0.58013,0.58335,0.57568,0.58173,0.58013,0.57811,0.58172,0.57769,0.58013,0.59523,0.60166,0.5983,0.59984,0.59988,0.59876,0.5996,0.59984,0.59938,0.59897,0.5999,0.60211,0.60164,0.60173,0.60131,0.60211,0.60242,0.59989,0.60328,0.60211,0.59711,0.62083,0.64517,0.64097,0.63868,0.64232,0.63934,0.64097,0.64161,0.63851,0.64301,0.64097,0.6229,0.62135,0.61706,0.6204,0.62815,0.60399,0.63617,0.6204,0.58564,0.70249,0.48437
0.85106,0.91661,0.79216,0.87914,0.85106,0.83616,0.86527,0.84354,0.85106,0.85393,0.8477,0.85203,0.85106,0.85041,0.85018,0.85041,0.85106,0.85041,0.85018,0.85041,0.85106,0.85041,0.85018,0.85041,0.85106,0.85041,0.85018,0.85041,0.85106,0.85041,0.85018,0.85041,0.85106,0.85041,0.85018,0.85041,0.85106,0.85041,0.85018,0.85041,0.85106,0.85041,0.85018,0.85041,0.85106,0.85041,0.85018,0.85041,0.85106,0.85041,0.85018,0.85041,0.85106,0.85041,0.85018,0.85041,0.85106,0.85041,0.85018,0.85041,0.85106,0.85041,0.85018,0.85041,0.85106,0.85041,0.85018,0.85041,0.85106,0.85041,0.85018,0.85041,0.85106,0.85041,0.85018,0.85041,0.85106,0.85041,0.85018,0.85041,0.85106,0.85041,0.85018,0.85041,0.85106,0.85041,0.85018,0.85041,0.85106,0.85041,0.85018,0.85041,0.85106,0.85041,0.85018,0.85041,0.85106,0.85041,0.85018,0.85041,0.85106,0.85041,0.85018,0.85041,0.85106,0.85041,0.85018,0.85041,0.85106,0.85041,0.85018,0.85041,0.85106,0.85041,0.85018,0.85066,0.85106,0.84989,0.8517,0.84898,0.85106,0.85354,0.84436,0.85631,0.85106,0.83814,0.87973,0.80205,0.62979,0.61211,0.64423,0.62185,0.62979,0.63302,0.62522,0.6311,0.62979,0.6284,0.62979,0.6289,0.62979,0.62932,0.62914,0.62932,0.62979,0.62932,0.62914,0.62932,0.62979,0.62932,0.62914,0.62932,0.62979,0.62932,0.62914,0.62932,0.62979,0.62932,0.62914,0.62932,0.62979,0.62932,0.62914,0.62932,0.62979,0.62932,0.62914,0.62932,0.62979,0.62932,0.62914,0.62932,0.62979,0.62932,0.62914,0.62932,0.62979,0.62932,0.62914,0.62932,0.62979,0.62932,0.62914,0.62932,0.62979,0.62932,0.62914,0.62932,0.62979,0.62932,0.62914,0.62932,0.62979,0.62932,0.62914,0.62932,0.62979,0.62932,0.62914,0.62932,0.62979,0.62932,0.62914,0.62932,0.62979,0.62932,0.62914,0.62932,0.62979,0.62932,0.62914,0.62932,0.62979,0.62932,0.62914,0.62932,0.62979,0.62932,0.62914,0.62932,0.62979,0.62932,0.62914,0.62932,0.62979,0.62932,0.62914,0.62932,0.62979,0.62932,0.62914,0.62932,0.62979,0.62932,0.62914,0.62932,0.62979,0.62932,0.62914,0.62932,0.62979,0.62932,0.62914,0.63003,0.62979,0.62784,0.63347,0.62525,0.62979,0.63822,0.61258,0.6461,0.62979,0.59438,0.71328,0.49166
0.75576,0.81397,0.70346,0.7807,0.75576,0.74253,0.76838,0.74909,0.75576,0.75831,0.75278,0.75662,0.75576,0.75519,0.75498,0.75519,0.75576,0.75519,0.75498,0.75519,0.75576,0.75519,0.75498,0.75519,0.75576,0.75519,0.75498,0.75519,0.75576,0.75519,0.75498,0.75519,0.75576,0.75519,0.75498,0.75519,0.75576,0.75519,0.75498,0.75519,0.75576,0.75519,0.75498,0.75519,0.75576,0.75519,0.75498,0.75519,0.75576,0.75519,0.75498,0.75519,0.75576,0.75519,0.75498,0.75519,0.75576,0.75519,0.75498,0.75519,0.75576,0.75519,0.75498,0.75519,0.75576,0.75519,0.75498,0.75519,0.75576,0.75519,0.75498,0.75519,0.75576,0.75519,0.75498,0.75519,0.75576,0.75519,0.75498,0.75519,0.75576,0.75519,0.75498,0.75519,0.75576,0.75519,0.75498,0.75519,0.75576,0.75519,0.75498,0.75519,0.75576,0.75519,0.75498,0.75519,0.75576,0.75519,0.75498,0.75519,0.75576,0.75519,0.75498,0.75519,0.75576,0.75519,0.75498,0.75519,0.75576,0.75519,0.75498,0.75519,0.75576,0.75519,0.75498,0.75567,0.75576,0.7542,0.75788,0.75246,0.75576,0.76116,0.74387,0.76644,0.75576,0.73176,0.8114,0.66287,0.3334,0.3003,0.36185,0.31889,0.3334,0.34022,0.32557,0.33656,0.3334,0.3314,0.33429,0.33235,0.3334,0.33315,0.33306,0.33315,0.3334,0.33315,0.33306,0.33315,0.3334,0.33315,0.33306,0.33315,0.3334,0.33315,0.33306,0.33315,0.3334,0.33315,0.33306,0.33315,0.3334,0.33315,0.33306,0.33315,0.3334,0.33315,0.33306,0.33315,0.3334,0.33315,0.33306,0.33315,0.3334,0.33315,0.33306,0.33315,0.3334,0.33315,0.33306,0.33315,0.3334,0.33315,0.33306,0.33315,0.3334,0.33315,0.33306,0.33315,0.3334,0.33315,0.33306,0.33315,0.3334,0.33315,0.33306,0.33315,0.3334,0.33315,0.33306,0.33315,0.3334,0.33315,0.33306,0.33315,0.3334,0.33315,0.33306,0.33315,0.3334,0.33315,0.33306,0.33315,0.3334,0.33315,0.33306,0.33315,0.3334,0.33315,0.33306,0.33315,0.3334,0.33315,0.33306,0.33315,0.3334,0.33315,0.33306,0.33315,0.3334,0.33315,0.33306,0.33315,0.3334,0.33315,0.33306,0.33315,0.3334,0.33315,0.33306,0.33315,0.3334,0.33315,0.33306,0.33353,0.3334,0.33237,0.33535,0.33099,0.3334,0.33786,0.32429,0.34203,0.3334,0.31465,0.37759,0.26028
0.11102,0.11957,0.10334,0.11468,0.11102,0.10908,0.11287,0.11004,0.11102,0.11139,0.11058,0.11115,0.11102,0.11093,0.1109,0.11093,0.11102,0.11093,0.1109,0.11093,0.11102,0.11093,0.1109,0.11093,0.11102,0.11093,0.1109,0.11093,0.11102,0.11093,0.1109,0.11093,0.11102,0.11093,0.1109,0.11093,0.11102,0.11093,0.1109,0.11093,0.11102,0.11093,0.1109,0.11093,0.11102,0.11093,0.1109,0.11093,0.11102,0.11093,0.1109,0.11093,0.11102,0.11093,0.1109,0.11093,0.11102,0.11093,0.1109,0.11093,0.11102,0.11093,0.1109,0.11093,0.11102,0.11093,0.1109,0.11093,0.11102,0.11093,0.1109,0.11093,0.11102,0.11093,0.1109,0.11093,0.11102,0.11093,0.1109,0.11093,0.11102,0.11093,0.1109,0.11093,0.11102,0.11093,0.1109,0.11093,0.11102,0.11093,0.1109,0.11093,0.11102,0.11093,0.1109,0.11093,0.11102,0.11093,0.1109,0.11093,0.11102,0.11093,0.1109,0.11093,0.11102,0.11093,0.1109,0.11093,0.11102,0.11093,0.1109,0.11093,0.11102,0.11093,0.1109,0.11006,0.11102,0.11276,0.10556,0.11596,0.11102,0.099949,0.13134,0.09022,0.11102,0.15406,0.0070635,0.28083,0.88832,0.94811,0.83441,0.91388,0.88832,0.87463,0.90118,0.88137,0.88832,0.89086,0.88513,0.88912,0.88832,0.88765,0.8874,0.88765,0.88832,0.88765,0.8874,0.88765,0.88832,0.88765,0.8874,0.88765,0.88832,0.88765,0.8874,0.88765,0.88832,0.88765,0.8874,0.88765,0.88832,0.88765,0.8874,0.88765,0.88832,0.88765,0.8874,0.88765,0.88832,0.88765,0.8874,0.88765,0.88832,0.88765,0.8874,0.88765,0.88832,0.88765,0.8874,0.88765,0.88832,0.88765,0.8874,0.88765,0.88832,0.88765,0.8874,0.88765,0.88832,0.88765,0.8874,0.88765,0.88832,0.88765,0.8874,0.88765,0.88832,0.88765,0.8874,0.88765,0.88832,0.88765,0.8874,0.88765,0.88832,0.88765,0.8874,0.88765,0.88832,0.88765,0.8874,0.88765,0.88832,0.88765,0.8874,0.88765,0.88832,0.88765,0.8874,0.88765,0.88832,0.88765,0.8874,0.88765,0.88832,0.88765,0.8874,0.88765,0.88832,0.88765,0.8874,0.88765,0.88832,0.88765,0.8874,0.88765,0.88832,0.88765,0.8874,0.88765,0.88832,0.88765,0.8874,0.88865,0.88832,0.88556,0.8935,0.8819,0.88832,0.9002,0.86404,0.91132,0.88832,0.83837,1.0061,0.69348
0.16368,0.17629,0.15235,0.16908,0.16368,0.16082,0.16641,0.16224,0.16368,0.16423,0.16304,0.16387,0.16368,0.16356,0.16351,0.16356,0.16368,0.16356,0.16351,0.16356,0.16368,0.16356,0.16351,0.16356,0.16368,0.16356,0.16351,0.16356,0.16368,0.16356,0.16351,0.16356,0.16368,0.16356,0.16351,0.16356,0.16368,0.16356,0.16351,0.16356,0.16368,0.16356,0.16351,0.16356,0.16368,0.16356,0.16351,0.16356,0.16368,0.16356,0.16351,0.16356,0.16368,0.16356,0.16351,0.16356,0.16368,0.16356,0.16351,0.16356,0.16368,0.16356,0.16351,0.16356,0.16368,0.16356,0.16351,0.16356,0.16368,0.16356,0.16351,0.16356,0.16368,0.16356,0.16351,0.16356,0.16368,0.16356,0.16351,0.16356,0.16368,0.16356,0.16351,0.16356,0.16368,0.16356,0.16351,0.16356,0.16368,0.16356,0.16351,0.16356,0.16368,0.16356,0.16351,0.16356,0.16368,0.16356,0.16351,0.16356,0.16368,0.16356,0.16351,0.16356,0.16368,0.16356,0.16351,0.16356,0.16368,0.16356,0.16351,0.16356,0.16368,0.16356,0.16351,0.16272,0.16368,0.1653,0.15841,0.16836,0.16368,0.15306,0.18303,0.14377,0.16368,0.20475,0.064314,0.32586,0.90624,0.96331,0.85468,0.93061,0.90624,0.89312,0.91847,0.89956,0.90624,0.90862,0.90314,0.90696,0.90624,0.90555,0.9053,0.90555,0.90624,0.90555,0.9053,0.90555,0.90624,0.90555,0.9053,0.90555,0.90624,0.90555,0.9053,0.90555,0.90624,0.90555,0.9053,0.90555,0.90624,0.90555,0.9053,0.90555,0.90624,0.90555,0.9053,0.90555,0.90624,0.90555,0.9053,0.90555,0.90624,0.90555,0.9053,0.90555,0.90624,0.90555,0.9053,0.90555,0.90624,0.90555,0.9053,0.90555,0.90624,0.90555,0.9053,0.90555,0.90624,0.90555,0.9053,0.90555,0.90624,0.90555,0.9053,0.90555,0.90624,0.90555,0.9053,0.90555,0.90624,0.90555,0.9053,0.90555,0.90624,0.90555,0.9053,0.90555,0.90624,0.90555,0.9053,0.90555,0.90624,0.90555,0.9053,0.90555,0.90624,0.90555,0.9053,0.90555,0.90624,0.90555,0.9053,0.90555,0.90624,0.90555,0.9053,0.90555,0.90624,0.90555,0.9053,0.90555,0.90624,0.90555,0.9053,0.90555,0.90624,0.90555,0.9053,0.90555,0.90624,0.90555,0.9053,0.90658,0.90624,0.90342,0.91153,0.89969,0.90624,0.91836,0.88147,0.9297,0.90624,0.85528,1.0264,0.70747
0.67792,0.73014,0.63101,0.70029,0.67792,0.66606,0.68924,0.67194,0.67792,0.68021,0.67525,0.6787,0.67792,0.67741,0.67722,0.67741,0.67792,0.67741,0.67722,0.67741,0.67792,0.67741,0.67722,0.67741,0.67792,0.67741,0.67722,0.67741,0.67792,0.67741,0.67722,0.67741,0.67792,0.67741,0.67722,0.67741,0.67792,0.67741,0.67722,0.67741,0.67792,0.67741,0.67722,0.67741,0.67792,0.67741,0.67722,0.67741,0.67792,0.67741,0.67722,0.67741,0.67792,0.67742,0.6772,0.67743,0.67792,0.67738,0.67729,0.67734,0.67792,0.67755,0.67688,0.67798,0.6805,0.68019,0.67962,0.68008,0.6805,0.67995,0.67985,0.67997,0.6805,0.68,0.67979,0.67999,0.6805,0.67999,0.6798,0.67999,0.6805,0.67999,0.6798,0.67999,0.6805,0.67999,0.6798,0.67999,0.6805,0.67999,0.6798,0.67999,0.6805,0.67999,0.6798,0.67999,0.6805,0.67999,0.6798,0.67999,0.6805,0.67999,0.6798,0.67999,0.6805,0.67999,0.6798,0.67999,0.6805,0.67999,0.6798,0.67999,0.6805,0.67999,0.6798,0.68005,0.6805,0.67987,0.68015,0.67966,0.6805,0.6807,0.67847,0.68134,0.6805,0.67719,0.68654,0.66895,0.63002,0.62561,0.63281,0.62784,0.63002,0.63039,0.62847,0.62995,0.63002,0.62933,0.62951,0.62944,0.63002,0.62954,0.62936,0.62954,0.63002,0.62954,0.62936,0.62954,0.63002,0.62954,0.62936,0.62954,0.63002,0.62954,0.62936,0.62954,0.63002,0.62954,0.62936,0.62954,0.63002,0.62954,0.62936,0.62954,0.63002,0.62954,0.62936,0.62954,0.63002,0.62954,0.62936,0.62954,0.63002,0.62954,0.62936,0.62954,0.63002,0.62954,0.62936,0.62938,0.63002,0.62987,0.62841,0.63044,0.63002,0.62757,0.63303,0.62583,0.63002,0.63727,0.61076,0.65998,0.76927,0.77952,0.75898,0.77339,0.76927,0.76635,0.77094,0.76756,0.76927,0.76926,0.76807,0.76895,0.76927,0.76869,0.76847,0.76869,0.76927,0.76869,0.76847,0.76869,0.76927,0.76869,0.76847,0.76869,0.76927,0.76869,0.76847,0.76869,0.76927,0.76869,0.76847,0.76869,0.76927,0.76869,0.76847,0.76869,0.76927,0.76869,0.76847,0.76869,0.76927,0.76869,0.76847,0.76869,0.76927,0.76869,0.76847,0.76869,0.76927,0.76869,0.76847,0.76955,0.76927,0.76688,0.77376,0.76371,0.76927,0.77956,0.74825,0.78919,0.76927,0.72601,0.87124,0.60054
0.52334,0.56365,0.48713,0.54061,0.52334,0.51418,0.53208,0.51872,0.52334,0.52511,0.52127,0.52394,0.52334,0.52295,0.5228,0.52295,0.52334,0.52295,0.5228,0.52295,0.52334,0.52295,0.5228,0.52295,0.52334,0.52295,0.5228,0.52295,0.52334,0.52295,0.5228,0.52295,0.52334,0.52295,0.5228,0.52295,0.52334,0.52295,0.5228,0.52295,0.52334,0.52295,0.5228,0.52295,0.52334,0.52295,0.5228,0.52295,0.52334,0.52295,0.5228,0.52295,0.52334,0.52295,0.5228,0.52295,0.52334,0.52295,0.5228,0.52295,0.52334,0.52295,0.5228,0.52295,0.52334,0.52295,0.5228,0.52295,0.52334,0.52295,0.5228,0.52295,0.52334,0.52295,0.5228,0.52295,0.52334,0.52295,0.5228,0.52295,0.52334,0.52295,0.5228,0.52295,0.52334,0.52295,0.5228,0.52295,0.52334,0.52295,0.5228,0.52295,0.52334,0.52295,0.5228,0.52295,0.52334,0.52295,0.5228,0.52295,0.52334,0.52295,0.5228,0.52295,0.52334,0.52295,0.5228,0.52295,0.52334,0.52295,0.5228,0.52295,0.52334,0.52295,0.5228,0.52273,0.52334,0.5234,0.52147,0.52419,0.52334,0.52022,0.52787,0.5178,0.52334,0.53365,0.49701,0.56513,0.71635,0.73082,0.70245,0.72232,0.71635,0.71258,0.71903,0.71425,0.71635,0.71661,0.71505,0.71618,0.71635,0.71581,0.71561,0.71581,0.71635,0.71581,0.71561,0.71581,0.71635,0.71581,0.71561,0.71581,0.71635,0.71581,0.71561,0.71581,0.71635,0.71581,0.71561,0.71581,0.71635,0.71581,0.71561,0.71581,0.71635,0.71581,0.71561,0.71581,0.71635,0.71581,0.71561,0.71581,0.71635,0.71581,0.71561,0.71581,0.71635,0.71581,0.71561,0.71581,0.71635,0.71581,0.71561,0.71581,0.71635,0.71581,0.71561,0.71581,0.71635,0.71581,0.71561,0.71581,0.71635,0.71581,0.71561,0.71581,0.71635,0.71581,0.71561,0.71581,0.71635,0.71581,0.71561,0.71581,0.71635,0.71581,0.71561,0.71581,0.71635,0.71581,0.71561,0.71581,0.71635,0.71581,0.71561,0.71581,0.71635,0.71581,0.71561,0.71581,0.71635,0.71581,0.71561,0.71581,0.71635,0.71581,0.71561,0.71581,0.71635,0.71581,0.71561,0.71581,0.71635,0.71581,0.71561,0.71581,0.71635,0.71581,0.71561,0.71581,0.71635,0.71581,0.71561,0.71662,0.71635,0.71413,0.72053,0.71118,0.71635,0.72593,0.69678,0.7349,0.71635,0.67607,0.81131,0.55923
0.30533,0.32884,0.2842,0.3154,0.30533,0.29998,0.31042,0.30263,0.30533,0.30636,0.30412,0.30568,0.30533,0.3051,0.30501,0.3051,0.30533,0.3051,0.30501,0.3051,0.30533,0.3051,0.30501,0.3051,0.30533,0.3051,0.30501,0.3051,0.30533,0.3051,0.30501,0.3051,0.30533,0.3051,0.30501,0.3051,0.30533,0.3051,0.30501,0.3051,0.30533,0.3051,0.30501,0.3051,0.30533,0.3051,0.30501,0.3051,0.30533,0.3051,0.30501,0.3051,0.30533,0.3051,0.30501,0.3051,0.30533,0.3051,0.30501,0.3051,0.30533,0.3051,0.30501,0.3051,0.30533,0.3051,0.30501,0.3051,0.30533,0.3051,0.30501,0.3051,0.30533,0.3051,0.30501,0.3051,0.30533,0.3051,0.30501,0.3051,0.30533,0.3051,0.30501,0.3051,0.30533,0.3051,0.30501,0.3051,0.30533,0.3051,0.30501,0.3051,0.30533,0.3051,0.30501,0.3051,0.30533,0.3051,0.30501,0.3051,0.30533,0.3051,0.30501,0.3051,0.30533,0.3051,0.30501,0.3051,0.30533,0.3051,0.30501,0.3051,0.30533,0.3051,0.30501,0.30459,0.30533,0.30616,0.30191,0.30802,0.30533,0.29871,0.31689,0.29305,0.30533,0.33017,0.24464,0.40387,0.75725,0.79182,0.72566,0.77193,0.75725,0.74911,0.76448,0.75303,0.75725,0.75854,0.75515,0.75753,0.75725,0.75667,0.75646,0.75667,0.75725,0.75667,0.75646,0.75667,0.75725,0.75667,0.75646,0.75667,0.75725,0.75667,0.75646,0.75667,0.75725,0.75667,0.75646,0.75667,0.75725,0.75667,0.75646,0.75667,0.75725,0.75667,0.75646,0.75667,0.75725,0.75667,0.75646,0.75667,0.75725,0.75667,0.75646,0.75667,0.75725,0.75667,0.75646,0.75667,0.75725,0.75667,0.75646,0.75667,0.75725,0.75667,0.75646,0.75667,0.75725,0.75667,0.75646,0.75667,0.75725,0.75667,0.75646,0.75667,0.75725,0.75667,0.75646,0.75667,0.75725,0.75667,0.75646,0.75667,0.75725,0.75667,0.75646,0.75667,0.75725,0.75667,0.75646,0.75667,0.75725,0.75667,0.75646,0.75667,0.75725,0.75667,0.75646,0.75667,0.75725,0.75667,0.75646,0.75667,0.75725,0.75667,0.75646,0.75667,0.75725,0.75667,0.75646,0.75667,0.75725,0.75667,0.75646,0.75667,0.75725,0.75667,0.75646,0.75667,0.75725,0.75667,0.75646,0.75753,0.75725,0.7549,0.76167,0.75178,0.75725,0.76738,0.73655,0.77685,0.75725,0.71467,0.85762,0.59116
0.33376,0.35947,0.31066,0.34477,0.33376,0.32792,0.33933,0.33081,0.33376,0.33489,0.33244,0.33414,0.33376,0.33351,0.33341,0.33351,0.33376,0.33351,0.33341,0.33351,0.33376,0.33351,0.33341,0.33351,0.33376,0.33351,0.33341,0.33351,0.33376,0.33351,0.33341,0.33351,0.33376,0.33351,0.33341,0.33351,0.33376,0.33351,0.33341,0.33351,0.33376,0.33351,0.33341,0.33351,0.33376,0.33351,0.33341,0.33351,0.33376,0.33351,0.33341,0.33351,0.33376,0.33351,0.33341,0.33351,0.33376,0.33351,0.33341,0.33351,0.33376,0.33351,0.33341,0.33351,0.33376,0.33351,0.33341,0.33351,0.33376,0.33351,0.33341,0.33351,0.33376,0.33351,0.33341,0.33351,0.33376,0.33351,0.33341,0.33351,0.33376,0.33351,0.33341,0.33351,0.33376,0.33351,0.33341,0.33351,0.33376,0.33351,0.33341,0.33351,0.33376,0.33351,0.33341,0.33351,0.33376,0.33351,0.33341,0.33351,0.33376,0.33351,0.33341,0.33351,0.33376,0.33351,0.33341,0.33351,0.33376,0.33351,0.33341,0.33351,0.33376,0.33351,0.33341,0.33299,0.33376,0.33458,0.33026,0.33647,0.33376,0.32703,0.34547,0.32129,0.33376,0.35894,0.27217,0.4337,0.79217,0.82723,0.76011,0.80705,0.79217,0.7839,0.79948,0.78788,0.79217,0.79347,0.79002,0.79245,0.79217,0.79158,0.79136,0.79158,0.79217,0.79158,0.79136,0.79158,0.79217,0.79158,0.79136,0.79158,0.79217,0.79158,0.79136,0.79158,0.79217,0.79158,0.79136,0.79158,0.79217,0.79158,0.79136,0.79158,0.79217,0.79158,0.79136,0.79158,0.79217,0.79158,0.79136,0.79158,0.79217,0.79158,0.79136,0.79158,0.79217,0.79158,0.79136,0.79158,0.79217,0.79158,0.79136,0.79158,0.79217,0.79158,0.79136,0.79158,0.79217,0.79158,0.79136,0.79158,0.79217,0.79158,0.79136,0.79158,0.79217,0.79158,0.79136,0.79158,0.79217,0.79158,0.79136,0.79158,0.79217,0.79158,0.79136,0.79158,0.79217,0.79158,0.79136,0.79158,0.79217,0.79158,0.79136,0.79158,0.79217,0.79158,0.79136,0.79158,0.79217,0.79158,0.79136,0.79158,0.79217,0.79158,0.79136,0.79158,0.79217,0.79158,0.79136,0.79158,0.79217,0.79158,0.79136,0.79158,0.79217,0.79158,0.79136,0.79158,0.79217,0.79158,0.79136,0.79247,0.79217,0.78972,0.7968,0.78646,0.79217,0.80277,0.77053,0.81269,0.79217,0.74763,0.89718,0.61843
0.85753,0.92358,0.79819,0.88583,0.85753,0.84252,0.87185,0.84996,0.85753,0.86043,0.85415,0.85851,0.85753,0.85688,0.85664,0.85688,0.85753,0.85688,0.85664,0.85688,0.85753,0.85688,0.85664,0.85688,0.85753,0.85688,0.85664,0.85688,0.85753,0.85688,0.85664,0.85688,0.85753,0.85688,0.85664,0.85688,0.85753,0.85688,0.85664,0.85688,0.85753,0.85688,0.85664,0.85688,0.85753,0.85688,0.85664,0.85688,0.85753,0.85688,0.85664,0.85688,0.85753,0.85688,0.85664,0.85688,0.85753,0.85688,0.85664,0.85688,0.85753,0.85688,0.85664,0.85688,0.85753,0.85688,0.85664,0.85688,0.85753,0.85688,0.85664,0.85688,0.85753,0.85688,0.85664,0.85688,0.85753,0.85688,0.85664,0.85688,0.85753,0.85688,0.85664,0.85688,0.85753,0.85688,0.85664,0.85688,0.85753,0.85688,0.85664,0.85688,0.85753,0.85688,0.85664,0.85688,0.85753,0.85688,0.85664,0.85688,0.85753,0.85688,0.85664,0.85688,0.85753,0.85688,0.85664,0.85688,0.85753,0.85688,0.85664,0.85688,0.85753,0.85688,0.85664,0.85763,0.85753,0.85533,0.8612,0.8526,0.85753,0.86625,0.83921,0.87455,0.85753,0.8201,0.94522,0.71197,0.19452,0.1428,0.23951,0.172,0.19452,0.20547,0.18256,0.19972,0.19452,0.19163,0.19625,0.19311,0.19452,0.19437,0.19432,0.19437,0.19452,0.19437,0.19432,0.19437,0.19452,0.19437,0.19432,0.19437,0.19452,0.19437,0.19432,0.19437,0.19452,0.19437,0.19432,0.19437,0.19452,0.19437,0.19432,0.19437,0.19452,0.19437,0.19432,0.19437,0.19452,0.19437,0.19432,0.19437,0.19452,0.19437,0.19432,0.19437,0.19452,0.19437,0.19432,0.19437,0.19452,0.19437,0.19432,0.19437,0.19452,0.19437,0.19432,0.19437,0.19452,0.19437,0.19432,0.19437,0.19452,0.19437,0.19432,0.19437,0.19452,0.19437,0.19432,0.19437,0.19452,0.19437,0.19432,0.19437,0.19452,0.19437,0.19432,0.19437,0.19452,0.19437,0.19432,0.19437,0.19452,0.19437,0.19432,0.19437,0.19452,0.19437,0.19432,0.19437,0.19452,0.19437,0.19432,0.19437,0.19452,0.19437,0.19432,0.19437,0.19452,0.19437,0.19432,0.19437,0.19452,0.19437,0.19432,0.19437,0.19452,0.19437,0.19432,0.19437,0.19452,0.19437,0.19432,0.19459,0.19452,0.19391,0.19565,0.19311,0.19452,0.19712,0.1892,0.19956,0.19452,0.18358,0.2203,0.15185
0.29221,0.31472,0.27199,0.30185,0.29221,0.28709,0.29709,0.28963,0.29221,0.2932,0.29106,0.29254,0.29221,0.29199,0.29191,0.29199,0.29221,0.29199,0.29191,0.29199,0.29221,0.29199,0.29191,0.29199,0.29221,0.29199,0.29191,0.29199,0.29221,0.29199,0.29191,0.29199,0.29221,0.29199,0.29191,0.29199,0.29221,0.29199,0.29191,0.29199,0.29221,0.29199,0.29191,0.29199,0.29221,0.29199,0.29191,0.29199,0.29221,0.29199,0.29191,0.29199,0.29221,0.29199,0.29191,0.29199,0.29221,0.29199,0.29191,0.29199,0.29221,0.29199,0.29191,0.29199,0.29221,0.29199,0.29191,0.29199,0.29221,0.29199,0.29191,0.29199,0.29221,0.29199,0.29191,0.29199,0.29221,0.29199,0.29191,0.29199,0.29221,0.29199,0.29191,0.29199,0.29221,0.29199,0.29191,0.29199,0.29221,0.29199,0.29191,0.29199,0.29221,0.29199,0.29191,0.29199,0.29221,0.29199,0.29191,0.29199,0.29221,0.29199,0.29191,0.29199,0.29221,0.29199,0.29191,0.29199,0.29221,0.29199,0.29191,0.29199,0.29221,0.29199,0.29191,0.29145,0.29221,0.2931,0.28864,0.29506,0.29221,0.28527,0.30441,0.27932,0.29221,0.31837,0.22839,0.39591,0.76768,0.80408,0.73447,0.78314,0.76768,0.75913,0.77531,0.76326,0.76768,0.76906,0.7655,0.768,0.76768,0.7671,0.76688,0.7671,0.76768,0.7671,0.76688,0.7671,0.76768,0.7671,0.76688,0.7671,0.76768,0.7671,0.76688,0.7671,0.76768,0.7671,0.76688,0.7671,0.76768,0.7671,0.76688,0.7671,0.76768,0.7671,0.76688,0.7671,0.76768,0.7671,0.76688,0.7671,0.76768,0.7671,0.76688,0.7671,0.76768,0.7671,0.76688,0.7671,0.76768,0.7671,0.76688,0.7671,0.76768,0.7671,0.76688,0.7671,0.76768,0.7671,0.76688,0.7671,0.76768,0.7671,0.76688,0.7671,0.76768,0.7671,0.76688,0.7671,0.76768,0.7671,0.76688,0.7671,0.76768,0.7671,0.76688,0.7671,0.76768,0.7671,0.76688,0.7671,0.76768,0.7671,0.76688,0.7671,0.76768,0.7671,0.76688,0.7671,0.76768,0.7671,0.76688,0.7671,0.76768,0.7671,0.76688,0.7671,0.76768,0.7671,0.76688,0.7671,0.76768,0.7671,0.76688,0.7671,0.76768,0.7671,0.76688,0.7671,0.76768,0.7671,0.76688,0.76796,0.76768,0.76529,0.77216,0.76213,0.76768,0.77794,0.7467,0.78755,0.76768,0.72451,0.86944,0.5993
0.7418,0.79893,0.69046,0.76627,0.7418,0.72881,0.75418,0.73525,0.7418,0.7443,0.73887,0.74265,0.7418,0.74124,0.74103,0.74124,0.7418,0.74124,0.74103,0.74124,0.7418,0.74124,0.74103,0.74124,0.7418,0.74124,0.74103,0.74124,0.7418,0.74124,0.74103,0.74124,0.7418,0.74124,0.74103,0.74124,0.7418,0.74124,0.74103,0.74124,0.7418,0.74124,0.74103,0.74124,0.7418,0.74124,0.74103,0.74124,0.7418,0.74124,0.74103,0.74124,0.7418,0.74124,0.74103,0.74124,0.7418,0.74124,0.74103,0.74124,0.7418,0.74124,0.74103,0.74124,0.7418,0.74124,0.74103,0.74124,0.7418,0.74124,0.74103,0.74124,0.7418,0.74124,0.74103,0.74124,0.7418,0.74124,0.74103,0.74124,0.7418,0.74124,0.74103,0.74124,0.7418,0.74124,0.74103,0.74124,0.7418,0.74124,0.74103,0.74124,0.7418,0.74124,0.74103,0.74124,0.7418,0.74124,0.74103,0.74124,0.7418,0.74124,0.74103,0.74124,0.7418,0.74124,0.74103,0.74124,0.7418,0.74124,0.74103,0.74124,0.7418,0.74124,0.74103,0.74181,0.7418,0.74004,0.74453,0.73794,0.7418,0.74845,0.72762,0.75483,0.7418,0.71294,0.80917,0.62974,0.23169,0.19184,0.26623,0.2143,0.23169,0.24006,0.22241,0.23564,0.23169,0.22941,0.23294,0.23055,0.23169,0.23152,0.23146,0.23152,0.23169,0.23152,0.23146,0.23152,0.23169,0.23152,0.23146,0.23152,0.23169,0.23152,0.23146,0.23152,0.23169,0.23152,0.23146,0.23152,0.23169,0.23152,0.23146,0.23152,0.23169,0.23152,0.23146,0.23152,0.23169,0.23152,0.23146,0.23152,0.23169,0.23152,0.23146,0.23152,0.23169,0.23152,0.23146,0.23152,0.23169,0.23152,0.23146,0.23152,0.23169,0.23152,0.23146,0.23152,0.23169,0.23152,0.23146,0.23152,0.23169,0.23152,0.23146,0.23152,0.23169,0.23152,0.23146,0.23152,0.23169,0.23152,0.23146,0.23152,0.23169,0.23152,0.23146,0.23152,0.23169,0.23152,0.23146,0.23152,0.23169,0.23152,0.23146,0.23152,0.23169,0.23152,0.23146,0.23152,0.23169,0.23152,0.23146,0.23152,0.23169,0.23152,0.23146,0.23152,0.23169,0.23152,0.23146,0.23152,0.23169,0.23152,0.23146,0.23152,0.23169,0.23152,0.23146,0.23152,0.23169,0.23152,0.23146,0.23178,0.23169,0.23098,0.23305,0.23002,0.23169,0.23479,0.22536,0.23769,0.23169,0.21867,0.26241,0.18088
0.82239,0.88574,0.76548,0.84953,0.82239,0.808,0.83612,0.81513,0.82239,0.82517,0.81914,0.82333,0.82239,0.82177,0.82154,0.82177,0.82239,0.82177,0.82154,0.82177,0.82239,0.82177,0.82154,0.82177,0.82239,0.82177,0.82154,0.82177,0.82239,0.82177,0.82154,0.82177,0.82239,0.82177,0.82154,0.82177,0.82239,0.82177,0.82154,0.82177,0.82239,0.82177,0.82154,0.82177,0.82239,0.82177,0.82154,0.82177,0.82239,0.82177,0.82154,0.82177,0.82239,0.82177,0.82154,0.82177,0.82239,0.82177,0.82154,0.82177,0.82239,0.82177,0.82154,0.82177,0.82239,0.82177,0.82154,0.82177,0.82239,0.82177,0.82154,0.82177,0.82239,0.82177,0.82154,0.82177,0.82239,0.82177,0.82154,0.82177,0.82239,0.82177,0.82154,0.82177,0.82239,0.82177,0.82154,0.82177,0.82239,0.82177,0.82154,0.82177,0.82239,0.82177,0.82154,0.82177,0.82239,0.82177,0.82154,0.82177,0.82239,0.82177,0.82154,0.82177,0.82239,0.82177,0.82154,0.82177,0.82239,0.82177,0.82154,0.82177,0.82239,0.82177,0.82154,0.82194,0.82239,0.82142,0.82258,0.8208,0.82239,0.8239,0.81758,0.82579,0.82239,0.8134,0.84169,0.78881,0.67157,0.65933,0.68116,0.66597,0.67157,0.67359,0.6682,0.67228,0.67157,0.67044,0.67132,0.67078,0.67157,0.67106,0.67088,0.67106,0.67157,0.67106,0.67088,0.67106,0.67157,0.67106,0.67088,0.67106,0.67157,0.67106,0.67088,0.67106,0.67157,0.67106,0.67088,0.67106,0.67157,0.67106,0.67088,0.67106,0.67157,0.67106,0.67088,0.67106,0.67157,0.67106,0.67088,0.67106,0.67157,0.67106,0.67088,0.67106,0.67157,0.67106,0.67088,0.67106,0.67157,0.67106,0.67088,0.67106,0.67157,0.67106,0.67088,0.67106,0.67157,0.67106,0.67088,0.67106,0.67157,0.67106,0.67088,0.67106,0.67157,0.67106,0.67088,0.67106,0.67157,0.67106,0.67088,0.67106,0.67157,0.67106,0.67088,0.67106,0.67157,0.67106,0.67088,0.67106,0.67157,0.67106,0.67088,0.67106,0.67157,0.67106,0.67088,0.67106,0.67157,0.67106,0.67088,0.67106,0.67157,0.67106,0.67088,0.67106,0.67157,0.67106,0.67088,0.67106,0.67157,0.67106,0.67088,0.67106,0.67157,0.67106,0.67088,0.67106,0.67157,0.67106,0.67088,0.67182,0.67157,0.66949,0.67549,0.66672,0.67157,0.68056,0.65322,0.68896,0.67157,0.63381,0.76059,0.52428
0.68057,0.73299,0.63348,0.70303,0.68057,0.66866,0.69194,0.67456,0.68057,0.68287,0.67789,0.68135,0.68057,0.68006,0.67987,0.68006,0.68057,0.68006,0.67987,0.68006,0.68057,0.68006,0.67987,0.68006,0.68057,0.68006,0.67987,0.68006,0.68057,0.68006,0.67987,0.68006,0.68057,0.68006,0.67987,0.68006,0.68057,0.68006,0.67987,0.68006,0.68057,0.68006,0.67987,0.68006,0.68057,0.68006,0.67987,0.68006,0.68057,0.68006,0.67987,0.68006,0.68057,0.68006,0.67987,0.68006,0.68057,0.68006,0.67987,0.68006,0.68057,0.68006,0.67987,0.68006,0.68057,0.68006,0.67987,0.68006,0.68057,0.68006,0.67987,0.68006,0.68057,0.68006,0.67987,0.68006,0.68057,0.68006,0.67987,0.68006,0.68057,0.68006,0.67987,0.68006,0.68057,0.68006,0.67987,0.68006,0.68057,0.68006,0.67987,0.68006,0.68057,0.68006,0.67987,0.68006,0.68057,0.68006,0.67987,0.68006,0.68057,0.68006,0.67987,0.68006,0.68057,0.68006,0.67987,0.68006,0.68057,0.68006,0.67987,0.68006,0.68057,0.68006,0.67987,0.68055,0.68057,0.67904,0.68286,0.67725,0.68057,0.6862,0.66844,0.69165,0.68057,0.65594,0.73795,0.58502,0.24578,0.21178,0.27517,0.23092,0.24578,0.25288,0.23782,0.24911,0.24578,0.2438,0.2468,0.24477,0.24578,0.2456,0.24553,0.2456,0.24578,0.2456,0.24553,0.2456,0.24578,0.2456,0.24553,0.2456,0.24578,0.2456,0.24553,0.2456,0.24578,0.2456,0.24553,0.2456,0.24578,0.2456,0.24553,0.2456,0.24578,0.2456,0.24553,0.2456,0.24578,0.2456,0.24553,0.2456,0.24578,0.2456,0.24553,0.2456,0.24578,0.2456,0.24553,0.2456,0.24578,0.2456,0.24553,0.2456,0.24578,0.2456,0.24553,0.2456,0.24578,0.2456,0.24553,0.2456,0.24578,0.2456,0.24553,0.2456,0.24578,0.2456,0.24553,0.2456,0.24578,0.2456,0.24553,0.2456,0.24578,0.2456,0.24553,0.2456,0.24578,0.2456,0.24553,0.2456,0.24578,0.2456,0.24553,0.2456,0.24578,0.2456,0.24553,0.2456,0.24578,0.2456,0.24553,0.2456,0.24578,0.2456,0.24553,0.2456,0.24578,0.2456,0.24553,0.2456,0.24578,0.2456,0.24553,0.2456,0.24578,0.2456,0.24553,0.2456,0.24578,0.2456,0.24553,0.24588,0.24578,0.24502,0.24722,0.24401,0.24578,0.24907,0.23907,0.25215,0.24578,0.23196,0.27836,0.19188
0.80538,0.86741,0.74965,0.83195,0.80538,0.79128,0.81883,0.79827,0.80538,0.8081,0.8022,0.8063,0.80538,0.80477,0.80455,0.80477,0.80538,0.80477,0.80455,0.80477,0.80538,0.80477,0.80455,0.80477,0.80538,0.80477,0.80455,0.80477,0.80538,0.80477,0.80455,0.80477,0.80538,0.80477,0.80455,0.80477,0.80538,0.80477,0.80455,0.80477,0.80538,0.80477,0.80455,0.80477,0.80538,0.80477,0.80455,0.80477,0.80538,0.80477,0.80455,0.80477,0.80538,0.80477,0.80455,0.80477,0.80538,0.80477,0.80455,0.80477,0.80538,0.80477,0.80455,0.80477,0.80538,0.80477,0.80455,0.80477,0.80538,0.80477,0.80455,0.80477,0.80538,0.80477,0.80455,0.80477,0.80538,0.80477,0.80455,0.80477,0.80538,0.80477,0.80455,0.80477,0.80538,0.80477,0.80455,0.80477,0.80538,0.80477,0.80455,0.80477,0.80538,0.80477,0.80455,0.80477,0.80538,0.80477,0.80455,0.80477,0.80538,0.80477,0.80455,0.80477,0.80538,0.80477,0.80455,0.80477,0.80538,0.80477,0.80455,0.80477,0.80538,0.80477,0.80455,0.80477,0.80538,0.80477,0.80455,0.80477,0.80538,0.80477,0.80455,0.80477,0.80538,0.80477,0.80455,0.80477,0.80538,0.80477,0.80455,0.80477,0.80538,0.80477,0.80455,0.80477,0.80538,0.80477,0.80455,0.80477,0.80538,0.80477,0.80455,0.80477,0.80538,0.80477,0.80455,0.80477,0.80538,0.80477,0.80455,0.80477,0.80538,0.80477,0.80455,0.80477,0.80538,0.80477,0.80455,0.80477,0.80538,0.80477,0.80455,0.80477,0.80538,0.80477,0.80455,0.80477,0.80538,0.80477,0.80455,0.80477,0.80538,0.80477,0.80455,0.80477,0.80538,0.80477,0.80455,0.80477,0.80538,0.80477,0.80455,0.80477,0.80538,0.80477,0.80455,0.80477,0.80538,0.80477,0.80455,0.80477,0.80538,0.80477,0.80455,0.80477,0.80538,0.80477,0.80455,0.80477,0.80538,0.80477,0.80455,0.80477,0.80538,0.80477,0.80455,0.80477,0.80538,0.80477,0.80455,0.80477,0.80538,0.80477,0.80455,0.80477,0.80538,0.80477,0.80455,0.80477,0.80538,0.80477,0.80455,0.80477,0.80538,0.80477,0.80455,0.80477,0.80538,0.80477,0.80455,0.80477,0.80538,0.80477,0.80455,0.80477,0.80538,0.80477,0.80455,0.80477,0.80538,0.80477,0.80455,0.80568,0.80538,0.80288,0.81008,0.79956,0.80538,0.81615,0.78337,0.82623,0.80538,0.76009,0.91214,0.62873
0.81433,0.87706,0.75798,0.8412,0.81433,0.80008,0.82793,0.80715,0.81433,0.81709,0.81112,0.81527,0.81433,0.81372,0.81349,0.81372,0.81433,0.81372,0.81349,0.81372,0.81433,0.81372,0.81349,0.81372,0.81433,0.81372,0.81349,0.81372,0.81433,0.81372,0.81349,0.81372,0.81433,0.81372,0.81349,0.81372,0.81433,0.81372,0.81349,0.81372,0.81433,0.81372,0.81349,0.81372,0.81433,0.81372,0.81349,0.81372,0.81433,0.81372,0.81349,0.81372,0.81433,0.81372,0.81349,0.81372,0.81433,0.81372,0.81349,0.81372,0.81433,0.81372,0.81349,0.81372,0.81433,0.81372,0.81349,0.81372,0.81433,0.81372,0.81349,0.81372,0.81433,0.81372,0.81349,0.81372,0.81433,0.81372,0.81349,0.81372,0.81433,0.81372,0.81349,0.81372,0.81433,0.81372,0.81349,0.81372,0.81433,0.81372,0.81349,0.81372,0.81433,0.81372,0.81349,0.81372,0.81433,0.81372,0.81349,0.81372,0.81433,0.81372,0.81349,0.81372,0.81433,0.81372,0.81349,0.81372,0.81433,0.81372,0.81349,0.81372,0.81433,0.81372,0.81349,0.81372,0.81433,0.81372,0.81349,0.81372,0.81433,0.81372,0.81349,0.81372,0.81433,0.81372,0.81349,0.81372,0.81433,0.81372,0.81349,0.81372,0.81433,0.81372,0.81349,0.81372,0.81433,0.81372,0.81349,0.81372,0.81433,0.81372,0.81349,0.81372,0.81433,0.81372,0.81349,0.81372,0.81433,0.81372,0.81349,0.81372,0.81433,0.81372,0.81349,0.81372,0.81433,0.81372,0.81349,0.81372,0.81433,0.81372,0.81349,0.81372,0.81433,0.81372,0.81349,0.81372,0.81433,0.81372,0.81349,0.81372,0.81433,0.81372,0.81349,0.81372,0.81433,0.81372,0.81349,0.81372,0.81433,0.81372,0.81349,0.81372,0.81433,0.81372,0.81349,0.81372,0.81433,0.81372,0.81349,0.81372,0.81433,0.81372,0.81349,0.81372,0.81433,0.81372,0.81349,0.81372,0.81433,0.81372,0.81349,0.81372,0.81433,0.81372,0.81349,0.81372,0.81433,0.81372,0.81349,0.81372,0.81433,0.81372,0.81349,0.81372,0.81433,0.81372,0.81349,0.81372,0.81433,0.81372,0.81349,0.81372,0.81433,0.81372,0.81349,0.81372,0.81433,0.81372,0.81349,0.81372,0.81433,0.81372,0.81349,0.81372,0.81433,0.81372,0.81349,0.81372,0.81433,0.81372,0.81349,0.81464,0.81433,0.81181,0.81909,0.80846,0.81433,0.82523,0.79208,0.83542,0.81433,0.76854,0.92228,0.63573
0.87208,0.93925,0.81174,0.90086,0.87208,0.85682,0.88665,0.86438,0.87208,0.87503,0.86864,0.87308,0.87208,0.87143,0.87118,0.87143,0.87208,0.87143,0.87118,0.87143,0.87208,0.87143,0.87118,0.87143,0.87208,0.87143,0.87118,0.87143,0.87208,0.87143,0.87118,0.87143,0.87208,0.87143,0.87118,0.87143,0.87208,0.87143,0.87118,0.87143,0.87208,0.87143,0.87118,0.87143,0.87208,0.87143,0.87118,0.87143,0.87208,0.87143,0.87118,0.87143,0.87208,0.87143,0.87118,0.87143,0.87208,0.87143,0.87118,0.87143,0.87208,0.87143,0.87118,0.87143,0.87208,0.87143,0.87118,0.87143,0.87208,0.87143,0.87118,0.87143,0.87208,0.87143,0.87118,0.87143,0.87208,0.87143,0.87118,0.87143,0.87208,0.87143,0.87118,0.87143,0.87208,0.87143,0.87118,0.87143,0.87208,0.87143,0.87118,0.87143,0.87208,0.87143,0.87118,0.87143,0.87208,0.87143,0.87118,0.87143,0.87208,0.87143,0.87118,0.87143,0.87208,0.87143,0.87118,0.87143,0.87208,0.87143,0.87118,0.87143,0.87208,0.87143,0.87118,0.87224,0.87208,0.86972,0.87616,0.86674,0.87208,0.88167,0.85213,0.89074,0.87208,0.83122,0.968,0.71301,0.14732,0.090838,0.19657,0.12275,0.14732,0.15935,0.13432,0.15306,0.14732,0.14421,0.14928,0.14583,0.14732,0.14721,0.14717,0.14721,0.14732,0.14721,0.14717,0.14721,0.14732,0.14721,0.14717,0.14721,0.14732,0.14721,0.14717,0.14721,0.14732,0.14721,0.14717,0.14721,0.14732,0.14721,0.14717,0.14721,0.14732,0.14721,0.14717,0.14721,0.14732,0.14721,0.14717,0.14721,0.14732,0.14721,0.14717,0.14721,0.14732,0.14721,0.14717,0.14721,0.14732,0.14721,0.14717,0.14721,0.14732,0.14721,0.14717,0.14721,0.14732,0.14721,0.14717,0.14721,0.14732,0.14721,0.14717,0.14721,0.14732,0.14721,0.14717,0.14721,0.14732,0.14721,0.14717,0.14721,0.14732,0.14721,0.14717,0.14721,0.14732,0.14721,0.14717,0.14721,0.14732,0.14721,0.14717,0.14721,0.14732,0.14721,0.14717,0.14721,0.14732,0.14721,0.14717,0.14721,0.14732,0.14721,0.14717,0.14721,0.14732,0.14721,0.14717,0.14721,0.14732,0.14721,0.14717,0.14721,0.14732,0.14721,0.14717,0.14721,0.14732,0.14721,0.14717,0.14738,0.14732,0.14686,0.14818,0.14626,0.14732,0.14929,0.14329,0.15114,0.14732,0.13904,0.16685,0.11501
0.31928,0.34387,0.29719,0.32982,0.31928,0.31369,0.32461,0.31646,0.31928,0.32036,0.31802,0.31965,0.31928,0.31904,0.31895,0.31904,0.31928,0.31904,0.31895,0.31904,0.31928,0.31904,0.31895,0.31904,0.31928,0.31904,0.31895,0.31904,0.31928,0.31904,0.31895,0.31904,0.31928,0.31904,0.31895,0.31904,0.31928,0.31904,0.31895,0.31904,0.31928,0.31904,0.31895,0.31904,0.31928,0.31904,0.31895,0.31904,0.31928,0.31904,0.31895,0.31904,0.31928,0.31904,0.31895,0.31904,0.31928,0.31904,0.31895,0.31904,0.31928,0.31904,0.31895,0.31904,0.31928,0.31904,0.31895,0.31904,0.31928,0.31904,0.31895,0.31904,0.31928,0.31904,0.31895,0.31904,0.31928,0.31904,0.31895,0.31904,0.31928,0.31904,0.31895,0.31904,0.31928,0.31904,0.31895,0.31904,0.31928,0.31904,0.31895,0.31904,0.31928,0.31904,0.31895,0.31904,0.31928,0.31904,0.31895,0.31904,0.31928,0.31904,0.31895,0.31904,0.31928,0.31904,0.31895,0.31904,0.31928,0.31904,0.31895,0.31904,0.31928,0.31904,0.31895,0.31856,0.31928,0.32003,0.31606,0.32176,0.31928,0.31309,0.33002,0.30782,0.31928,0.34239,0.26271,0.41105,0.74025,0.77244,0.71079,0.7539,0.74025,0.73265,0.74695,0.7363,0.74025,0.74144,0.73826,0.7405,0.74025,0.7397,0.73949,0.7397,0.74025,0.7397,0.73949,0.7397,0.74025,0.7397,0.73949,0.7397,0.74025,0.7397,0.73949,0.7397,0.74025,0.7397,0.73949,0.7397,0.74025,0.7397,0.73949,0.7397,0.74025,0.7397,0.73949,0.7397,0.74025,0.7397,0.73949,0.7397,0.74025,0.7397,0.73949,0.7397,0.74025,0.7397,0.73949,0.7397,0.74025,0.7397,0.73949,0.7397,0.74025,0.7397,0.73949,0.7397,0.74025,0.7397,0.73949,0.7397,0.74025,0.7397,0.73949,0.7397,0.74025,0.7397,0.73949,0.7397,0.74025,0.7397,0.73949,0.7397,0.74025,0.7397,0.73949,0.7397,0.74025,0.7397,0.73949,0.7397,0.74025,0.7397,0.73949,0.7397,0.74025,0.7397,0.73949,0.7397,0.74025,0.7397,0.73949,0.7397,0.74025,0.7397,0.73949,0.7397,0.74025,0.7397,0.73949,0.7397,0.74025,0.7397,0.73949,0.7397,0.74025,0.7397,0.73949,0.7397,0.74025,0.7397,0.73949,0.74053,0.74025,0.73796,0.74458,0.73491,0.74025,0.75016,0.72003,0.75942,0.74025,0.69863,0.83838,0.57789
0.1261,0.13582,0.11738,0.13026,0.1261,0.1239,0.12821,0.12499,0.1261,0.12653,0.12561,0.12625,0.1261,0.12601,0.12597,0.12601,0.1261,0.12601,0.12597,0.12601,0.1261,0.12601,0.12597,0.12601,0.1261,0.12601,0.12597,0.12601,0.1261,0.12601,0.12597,0.12601,0.1261,0.12601,0.12597,0.12601,0.1261,0.12601,0.12597,0.12601,0.1261,0.12601,0.12597,0.12601,0.1261,0.12601,0.12597,0.12601,0.1261,0.12601,0.12597,0.12601,0.1261,0.12601,0.12597,0.12601,0.1261,0.12601,0.12597,0.12601,0.1261,0.12601,0.12597,0.12601,0.1261,0.12601,0.12597,0.12601,0.1261,0.12601,0.12597,0.12601,0.1261,0.12601,0.12597,0.12601,0.1261,0.12601,0.12597,0.12601,0.1261,0.12601,0.12597,0.12601,0.1261,0.12601,0.12597,0.12601,0.1261,0.12601,0.12597,0.12601,0.1261,0.12601,0.12597,0.12601,0.1261,0.12601,0.12597,0.12601,0.1261,0.12601,0.12597,0.12601,0.1261,0.12601,0.12597,0.12601,0.1261,0.12601,0.12597,0.12601,0.1261,0.12601,0.12597,0.12513,0.1261,0.12783,0.12064,0.13102,0.1261,0.11505,0.14636,0.10534,0.1261,0.16903,0.022379,0.29551,0.90157,0.9612,0.84777,0.92706,0.90157,0.8879,0.91438,0.89462,0.90157,0.90409,0.89837,0.90236,0.90157,0.90089,0.90063,0.90089,0.90157,0.90089,0.90063,0.90089,0.90157,0.90089,0.90063,0.90089,0.90157,0.90089,0.90063,0.90089,0.90157,0.90089,0.90063,0.90089,0.90157,0.90089,0.90063,0.90089,0.90157,0.90089,0.90063,0.90089,0.90157,0.90089,0.90063,0.90089,0.90157,0.90089,0.90063,0.90089,0.90157,0.90089,0.90063,0.90089,0.90157,0.90089,0.90063,0.90089,0.90157,0.90089,0.90063,0.90089,0.90157,0.90089,0.90063,0.90089,0.90157,0.90089,0.90063,0.90089,0.90157,0.90089,0.90063,0.90089,0.90157,0.90089,0.90063,0.90089,0.90157,0.90089,0.90063,0.90089,0.90157,0.90089,0.90063,0.90089,0.90157,0.90089,0.90063,0.90089,0.90157,0.90089,0.90063,0.90089,0.90157,0.90089,0.90063,0.90089,0.90157,0.90089,0.90063,0.90089,0.90157,0.90089,0.90063,0.90089,0.90157,0.90089,0.90063,0.90089,0.90157,0.90089,0.90063,0.90089,0.90157,0.90089,0.90063,0.9019,0.90157,0.89877,0.90683,0.89506,0.90157,0.91363,0.87693,0.92491,0.90157,0.85087,1.0211,0.70383
0.79324,0.85434,0.73835,0.81941,0.79324,0.77936,0.80648,0.78624,0.79324,0.79592,0.79011,0.79415,0.79324,0.79264,0.79242,0.79264,0.79324,0.79264,0.79242,0.79264,0.79324,0.79264,0.79242,0.79264,0.79324,0.79264,0.79242,0.79264,0.79324,0.79264,0.79242,0.79264,0.79324,0.79264,0.79242,0.79264,0.79324,0.79264,0.79242,0.79264,0.79324,0.79264,0.79242,0.79264,0.79324,0.79264,0.79242,0.79264,0.79324,0.79264,0.79242,0.79318,0.79324,0.79151,0.79572,0.78953,0.79324,0.79944,0.77977,0.80546,0.79324,0.76596,0.85666,0.68752,0.31233,0.27469,0.34479,0.29586,0.31233,0.32015,0.30348,0.31598,0.31233,0.31011,0.31341,0.31118,0.31233,0.31209,0.31201,0.31209,0.31233,0.31209,0.31201,0.31209,0.31233,0.31209,0.31201,0.31209,0.31233,0.31209,0.31201,0.31209,0.31233,0.31209,0.31201,0.31209,0.31233,0.31209,0.31201,0.31209,0.31233,0.31209,0.31201,0.31209,0.31233,0.31209,0.31201,0.31209,0.31233,0.31209,0.31201,0.31209,0.31233,0.31209,0.31201,0.31199,0.31233,0.31232,0.31135,0.31271,0.31233,0.31075,0.31451,0.30956,0.31233,0.31737,0.2993,0.33288,0.40741,0.4145,0.40051,0.41031,0.40741,0.40551,0.40867,0.40633,0.40741,0.40749,0.40671,0.40728,0.40741,0.4071,0.40699,0.4071,0.40741,0.4071,0.40699,0.4071,0.40741,0.4071,0.40699,0.4071,0.40741,0.4071,0.40699,0.4071,0.40741,0.4071,0.40699,0.4071,0.40741,0.4071,0.40699,0.4071,0.40741,0.4071,0.40699,0.4071,0.40741,0.4071,0.40699,0.4071,0.40741,0.4071,0.40699,0.4071,0.40741,0.4071,0.40699,0.40706,0.40741,0.40718,0.40676,0.40731,0.40741,0.40664,0.40785,0.40623,0.40741,0.40891,0.40263,0.41424,0.44007,0.44227,0.43738,0.44084,0.44007,0.43919,0.44019,0.43947,0.44007,0.43987,0.43952,0.4398,0.44007,0.43973,0.43961,0.43973,0.44007,0.43973,0.43961,0.43973,0.44007,0.43973,0.43961,0.43973,0.44007,0.43973,0.43961,0.43973,0.44007,0.43973,0.43961,0.43973,0.44007,0.43973,0.43961,0.43973,0.44007,0.43973,0.43961,0.43973,0.44007,0.43973,0.43961,0.43973,0.44007,0.43973,0.43961,0.43973,0.44007,0.43973,0.43961,0.44023,0.44007,0.4387,0.44263,0.43689,0.44007,0.44595,0.42804,0.45146,0.44007,0.41532,0.4984,0.34355
0.76574,0.82472,0.71275,0.79101,0.76574,0.75234,0.77853,0.75898,0.76574,0.76833,0.76272,0.76662,0.76574,0.76516,0.76495,0.76516,0.76574,0.76516,0.76495,0.76516,0.76574,0.76516,0.76495,0.76516,0.76574,0.76516,0.76495,0.76516,0.76574,0.76516,0.76495,0.76516,0.76574,0.76516,0.76495,0.76516,0.76574,0.76516,0.76495,0.76516,0.76574,0.76516,0.76495,0.76516,0.76574,0.76516,0.76495,0.76516,0.76574,0.76516,0.76495,0.76516,0.76574,0.76516,0.76495,0.76516,0.76574,0.76516,0.76495,0.76516,0.76574,0.76516,0.76495,0.76516,0.76574,0.76516,0.76495,0.76516,0.76574,0.76516,0.76495,0.76516,0.76574,0.76516,0.76495,0.76516,0.76574,0.76516,0.76495,0.76516,0.76574,0.76516,0.76495,0.76516,0.76574,0.76516,0.76495,0.76516,0.76574,0.76516,0.76495,0.76516,0.76574,0.76516,0.76495,0.76516,0.76574,0.76516,0.76495,0.76516,0.76574,0.76516,0.76495,0.76516,0.76574,0.76516,0.76495,0.76516,0.76574,0.76516,0.76495,0.76516,0.76574,0.76516,0.76495,0.76534,0.76574,0.7648,0.76602,0.76416,0.76574,0.76736,0.76086,0.76931,0.76574,0.75653,0.78574,0.73114,0.6101,0.59753,0.62008,0.60438,0.6101,0.61224,0.60671,0.61089,0.6101,0.60899,0.60992,0.60934,0.6101,0.60964,0.60947,0.60964,0.6101,0.60964,0.60947,0.60964,0.6101,0.60964,0.60947,0.60964,0.6101,0.60964,0.60947,0.60964,0.6101,0.60964,0.60947,0.60964,0.6101,0.60964,0.60947,0.60964,0.6101,0.60964,0.60947,0.60964,0.6101,0.60964,0.60947,0.60964,0.6101,0.60964,0.60947,0.60964,0.6101,0.60964,0.60947,0.60964,0.6101,0.60964,0.60947,0.60964,0.6101,0.60964,0.60947,0.60964,0.6101,0.60964,0.60947,0.60964,0.6101,0.60964,0.60947,0.60964,0.6101,0.60964,0.60947,0.60964,0.6101,0.60964,0.60947,0.60964,0.6101,0.60964,0.60947,0.60964,0.6101,0.60964,0.60947,0.60964,0.6101,0.60964,0.60947,0.60964,0.6101,0.60964,0.60947,0.60964,0.6101,0.60964,0.60947,0.60964,0.6101,0.60964,0.60947,0.60964,0.6101,0.60964,0.60947,0.60964,0.6101,0.60964,0.60947,0.60964,0.6101,0.60964,0.60947,0.60964,0.6101,0.60964,0.60947,0.61033,0.6101,0.6082,0.61366,0.60569,0.6101,0.61826,0.59343,0.6259,0.6101,0.57579,0.69097,0.47628
0.77179,0.83124,0.71839,0.79726,0.77179,0.75829,0.78468,0.76498,0.77179,0.7744,0.76875,0.77268,0.77179,0.77121,0.771,0.77121,0.77179,0.77121,0.771,0.77121,0.77179,0.77121,0.771,0.77121,0.77179,0.77121,0.771,0.77121,0.77179,0.77121,0.771,0.77121,0.77179,0.77121,0.771,0.77121,0.77179,0.77121,0.771,0.77121,0.77179,0.77121,0.771,0.77121,0.77179,0.77121,0.771,0.77121,0.77179,0.77121,0.771,0.77121,0.77179,0.77121,0.771,0.77121,0.77179,0.77121,0.771,0.77121,0.77179,0.77121,0.771,0.77121,0.77179,0.77121,0.771,0.77121,0.77179,0.77121,0.771,0.77121,0.77179,0.77121,0.771,0.77121,0.77179,0.77121,0.771,0.77121,0.77179,0.77121,0.771,0.77121,0.77179,0.77121,0.771,0.77121,0.77179,0.77121,0.771,0.77121,0.77179,0.77121,0.771,0.77121,0.77179,0.77121,0.771,0.77121,0.77179,0.77121,0.771,0.77121,0.77179,0.77121,0.771,0.77121,0.77179,0.77121,0.771,0.77121,0.77179,0.77121,0.771,0.77151,0.77179,0.77059,0.77281,0.76951,0.77179,0.77494,0.76406,0.77824,0.77179,0.75658,0.80624,0.71355,0.508,0.4871,0.52545,0.49871,0.508,0.51203,0.5028,0.50974,0.508,0.50652,0.50824,0.50711,0.508,0.50761,0.50747,0.50761,0.508,0.50761,0.50747,0.50761,0.508,0.50761,0.50747,0.50761,0.508,0.50761,0.50747,0.50761,0.508,0.50761,0.50747,0.50761,0.508,0.50761,0.50747,0.50761,0.508,0.50761,0.50747,0.50761,0.508,0.50761,0.50747,0.50761,0.508,0.50761,0.50747,0.50761,0.508,0.50761,0.50747,0.50761,0.508,0.50761,0.50747,0.50761,0.508,0.50761,0.50747,0.50761,0.508,0.50761,0.50747,0.50761,0.508,0.50761,0.50747,0.50761,0.508,0.50761,0.50747,0.50761,0.508,0.50761,0.50747,0.50761,0.508,0.50761,0.50747,0.50761,0.508,0.50761,0.50747,0.50761,0.508,0.50761,0.50747,0.50761,0.508,0.50761,0.50747,0.50761,0.508,0.50761,0.50747,0.50761,0.508,0.50761,0.50747,0.50761,0.508,0.50761,0.50747,0.50761,0.508,0.50761,0.50747,0.50761,0.508,0.50761,0.50747,0.50761,0.508,0.50761,0.50747,0.50819,0.508,0.50642,0.51096,0.50433,0.508,0.51479,0.49412,0.52115,0.508,0.47943,0.57534,0.39658
0.64925,0.69926,0.60432,0.67067,0.64925,0.63789,0.66009,0.64352,0.64925,0.65144,0.64669,0.64999,0.64925,0.64876,0.64858,0.64876,0.64925,0.64876,0.64858,0.64876,0.64925,0.64876,0.64858,0.64876,0.64925,0.64876,0.64858,0.64876,0.64925,0.64876,0.64858,0.64876,0.64925,0.64876,0.64858,0.64876,0.64925,0.64876,0.64858,0.64876,0.64925,0.64876,0.64858,0.64876,0.64925,0.64876,0.64858,0.64876,0.64925,0.64876,0.64858,0.64876,0.64925,0.64876,0.64858,0.64876,0.64925,0.64876,0.64858,0.64876,0.64925,0.64876,0.64858,0.64876,0.64925,0.64876,0.64858,0.64876,0.64925,0.64876,0.64858,0.64876,0.64925,0.64876,0.64858,0.64876,0.64925,0.64876,0.64858,0.64876,0.64925,0.64876,0.64858,0.64876,0.64925,0.64876,0.64858,0.64876,0.64925,0.64876,0.64858,0.64876,0.64925,0.64876,0.64858,0.64876,0.64925,0.64876,0.64858,0.64876,0.64925,0.64876,0.64858,0.64876,0.64925,0.64876,0.64858,0.64876,0.64925,0.64876,0.64858,0.64876,0.64925,0.64876,0.64858,0.64857,0.64925,0.64916,0.64741,0.64986,0.64925,0.64635,0.65307,0.64421,0.64925,0.65823,0.62578,0.68607,0.81995,0.83261,0.80747,0.82509,0.81995,0.81647,0.82213,0.81795,0.81995,0.82004,0.8186,0.81966,0.81995,0.81933,0.8191,0.81933,0.81995,0.81933,0.8191,0.81933,0.81995,0.81933,0.8191,0.81933,0.81995,0.81933,0.8191,0.81933,0.81995,0.81933,0.8191,0.81933,0.81995,0.81933,0.8191,0.81933,0.81995,0.81933,0.8191,0.81933,0.81995,0.81933,0.8191,0.81933,0.81995,0.81933,0.8191,0.81933,0.81995,0.81933,0.8191,0.81933,0.81995,0.81933,0.8191,0.81933,0.81995,0.81933,0.8191,0.81933,0.81995,0.81933,0.8191,0.81933,0.81995,0.81933,0.8191,0.81933,0.81995,0.81933,0.8191,0.81933,0.81995,0.81933,0.8191,0.81933,0.81995,0.81933,0.8191,0.81933,0.81995,0.81933,0.8191,0.81933,0.81995,0.81933,0.8191,0.81933,0.81995,0.81933,0.8191,0.81933,0.81995,0.81933,0.8191,0.81933,0.81995,0.81933,0.8191,0.81933,0.81995,0.81933,0.8191,0.81933,0.81995,0.81933,0.8191,0.81933,0.81995,0.81933,0.8191,0.81933,0.81995,0.81933,0.8191,0.82026,0.81995,0.81741,0.82474,0.81403,0.81995,0.83092,0.79754,0.84118,0.81995,0.77384,0.92864,0.64011
0.83534,0.89968,0.77753,0.8629,0.83534,0.82072,0.84929,0.82796,0.83534,0.83816,0.83204,0.8363,0.83534,0.83471,0.83447,0.83471,0.83534,0.83471,0.83447,0.83471,0.83534,0.83471,0.83447,0.83471,0.83534,0.83471,0.83447,0.83471,0.83534,0.83471,0.83447,0.83471,0.83534,0.83471,0.83447,0.83471,0.83534,0.83471,0.83447,0.83471,0.83534,0.83471,0.83447,0.83471,0.83534,0.83471,0.83447,0.83471,0.83534,0.83471,0.83447,0.83471,0.83534,0.83471,0.83447,0.83471,0.83534,0.83471,0.83447,0.83471,0.83534,0.83471,0.83447,0.83471,0.83534,0.83471,0.83447,0.83471,0.83534,0.83471,0.83447,0.83471,0.83534,0.83471,0.83447,0.83471,0.83534,0.83471,0.83447,0.83471,0.83534,0.83471,0.83447,0.83471,0.83534,0.83471,0.83447,0.83471,0.83534,0.83471,0.83447,0.83471,0.83534,0.83471,0.83447,0.83471,0.83534,0.83471,0.83447,0.83471,0.83534,0.83471,0.83447,0.83471,0.83534,0.83471,0.83447,0.83471,0.83534,0.83471,0.83447,0.83471,0.83534,0.83471,0.83447,0.83507,0.83534,0.83395,0.8367,0.83262,0.83534,0.83928,0.82598,0.84332,0.83534,0.81678,0.87766,0.76406,0.5121,0.48657,0.5336,0.5008,0.5121,0.51712,0.50584,0.51432,0.5121,0.51037,0.51251,0.5111,0.5121,0.51171,0.51157,0.51171,0.5121,0.51171,0.51157,0.51171,0.5121,0.51171,0.51157,0.51171,0.5121,0.51171,0.51157,0.51171,0.5121,0.51171,0.51157,0.51171,0.5121,0.51171,0.51157,0.51171,0.5121,0.51171,0.51157,0.51171,0.5121,0.51171,0.51157,0.51171,0.5121,0.51171,0.51157,0.51171,0.5121,0.51171,0.51157,0.51171,0.5121,0.51171,0.51157,0.51171,0.5121,0.51171,0.51157,0.51171,0.5121,0.51171,0.51157,0.51171,0.5121,0.51171,0.51157,0.51171,0.5121,0.51171,0.51157,0.51171,0.5121,0.51171,0.51157,0.51171,0.5121,0.51171,0.51157,0.51171,0.5121,0.51171,0.51157,0.51171,0.5121,0.51171,0.51157,0.51171,0.5121,0.51171,0.51157,0.51171,0.5121,0.51171,0.51157,0.51171,0.5121,0.51171,0.51157,0.51171,0.5121,0.51171,0.51157,0.51171,0.5121,0.51171,0.51157,0.51171,0.5121,0.51171,0.51157,0.51171,0.5121,0.51171,0.51157,0.51229,0.5121,0.51051,0.51509,0.5084,0.5121,0.51895,0.4981,0.52536,0.5121,0.4833,0.57998,0.39978
0.77099,0.83038,0.71764,0.79643,0.77099,0.7575,0.78386,0.76418,0.77099,0.7736,0.76795,0.77187,0.77099,0.77041,0.77019,0.77041,0.77099,0.77041,0.77019,0.77041,0.77099,0.77041,0.77019,0.77041,0.77099,0.77041,0.77019,0.77041,0.77099,0.77041,0.77019,0.77041,0.77099,0.77041,0.77019,0.77041,0.77099,0.77041,0.77019,0.77041,0.77099,0.77041,0.77019,0.77041,0.77099,0.77041,0.77019,0.77041,0.77099,0.77041,0.77019,0.77041,0.77099,0.77041,0.77019,0.77041,0.77099,0.77041,0.77019,0.77041,0.77099,0.77041,0.77019,0.77041,0.77099,0.77041,0.77019,0.77041,0.77099,0.77041,0.77019,0.77041,0.77099,0.77041,0.77019,0.77041,0.77099,0.77041,0.77019,0.77041,0.77099,0.77041,0.77019,0.77041,0.77099,0.77041,0.77019,0.77041,0.77099,0.77041,0.77019,0.77041,0.77099,0.77041,0.77019,0.77041,0.77099,0.77041,0.77019,0.77041,0.77099,0.77041,0.77019,0.77041,0.77099,0.77041,0.77019,0.77041,0.77099,0.77041,0.77019,0.77041,0.77099,0.77041,0.77019,0.77041,0.77099,0.77041,0.77019,0.77041,0.77099,0.77041,0.77019,0.77041,0.77099,0.77041,0.77019,0.77041,0.77099,0.77041,0.77019,0.77041,0.77099,0.77041,0.77019,0.77041,0.77099,0.77041,0.77019,0.77041,0.77099,0.77041,0.77019,0.77041,0.77099,0.77041,0.77019,0.77041,0.77099,0.77041,0.77019,0.77041,0.77099,0.77041,0.77019,0.77041,0.77099,0.77041,0.77019,0.77041,0.77099,0.77041,0.77019,0.77041,0.77099,0.77041,0.77019,0.77041,0.77099,0.77041,0.77019,0.77041,0.77099,0.77041,0.77019,0.77041,0.77099,0.77041,0.77019,0.77041,0.77099,0.77041,0.77019,0.77041,0.77099,0.77041,0.77019,0.77041,0.77099,0.77041,0.77019,0.77041,0.77099,0.77041,0.77019,0.77041,0.77099,0.77041,0.77019,0.77041,0.77099,0.77041,0.77019,0.77041,0.77099,0.77041,0.77019,0.77041,0.77099,0.77041,0.77019,0.77041,0.77099,0.77041,0.77019,0.77041,0.77099,0.77041,0.77019,0.77041,0.77099,0.77041,0.77019,0.77041,0.77099,0.77041,0.77019,0.77041,0.77099,0.77041,0.77019,0.77041,0.77099,0.77041,0.77019,0.77041,0.77099,0.77041,0.77019,0.77041,0.77099,0.77041,0.77019,0.77128,0.77099,0.7686,0.77549,0.76542,0.77099,0.7813,0.74992,0.79095,0.77099,0.72764,0.87319,0.60189
0.83208,0.89617,0.7745,0.85953,0.83208,0.81751,0.84597,0.82473,0.83208,0.83489,0.82879,0.83303,0.83208,0.83145,0.83122,0.83145,0.83208,0.83145,0.83122,0.83145,0.83208,0.83145,0.83122,0.83145,0.83208,0.83145,0.83122,0.83145,0.83208,0.83145,0.83122,0.83145,0.83208,0.83145,0.83122,0.83145,0.83208,0.83145,0.83122,0.83145,0.83208,0.83145,0.83122,0.83145,0.83208,0.83145,0.83122,0.83145,0.83208,0.83145,0.83122,0.83145,0.83208,0.83145,0.83122,0.83145,0.83208,0.83145,0.83122,0.83145,0.83208,0.83145,0.83122,0.83145,0.83208,0.83145,0.83122,0.83145,0.83208,0.83145,0.83122,0.83145,0.83208,0.83145,0.83122,0.83145,0.83208,0.83145,0.83122,0.83145,0.83208,0.83145,0.83122,0.83145,0.83208,0.83145,0.83122,0.83145,0.83208,0.83145,0.83122,0.83145,0.83208,0.83145,0.83122,0.83145,0.83208,0.83145,0.83122,0.83145,0.83208,0.83145,0.83122,0.83145,0.83208,0.83145,0.83122,0.83145,0.83208,0.83145,0.83122,0.83145,0.83208,0.83145,0.83122,0.83145,0.83208,0.83145,0.83122,0.83145,0.83208,0.83145,0.83122,0.83145,0.83208,0.83145,0.83122,0.83145,0.83208,0.83145,0.83122,0.83145,0.83208,0.83145,0.83122,0.83145,0.83208,0.83145,0.83122,0.83145,0.83208,0.83145,0.83122,0.83145,0.83208,0.83145,0.83122,0.83145,0.83208,0.83145,0.83122,0.83145,0.83208,0.83145,0.83122,0.83145,0.83208,0.83145,0.83122,0.83145,0.83208,0.83145,0.83122,0.83145,0.83208,0.83145,0.83122,0.83145,0.83208,0.83145,0.83122,0.83145,0.83208,0.83145,0.83122,0.83145,0.83208,0.83145,0.83122,0.83145,0.83208,0.83145,0.83122,0.83145,0.83208,0.83145,0.83122,0.83145,0.83208,0.83145,0.83122,0.83145,0.83208,0.83145,0.83122,0.83145,0.83208,0.83145,0.83122,0.83145,0.83208,0.83145,0.83122,0.83145,0.83208,0.83145,0.83122,0.83145,0.83208,0.83145,0.83122,0.83145,0.83208,0.83145,0.83122,0.83145,0.83208,0.83145,0.83122,0.83145,0.83208,0.83145,0.83122,0.83145,0.83208,0.83145,0.83122,0.83145,0.83208,0.83145,0.83122,0.83145,0.83208,0.83145,0.83122,0.83145,0.83208,0.83145,0.83122,0.83145,0.83208,0.83145,0.83122,0.83239,0.83208,0.82949,0.83693,0.82607,0.83208,0.84321,0.80934,0.85362,0.83208,0.78529,0.94237,0.64958
0.72667,0.78264,0.67638,0.75064,0.72667,0.71395,0.7388,0.72025,0.72667,0.72912,0.7238,0.7275,0.72667,0.72612,0.72592,0.72612,0.72667,0.72612,0.72592,0.72612,0.72667,0.72612,0.72592,0.72612,0.72667,0.72612,0.72592,0.72612,0.72667,0.72612,0.72592,0.72612,0.72667,0.72612,0.72592,0.72612,0.72667,0.72612,0.72592,0.72612,0.72667,0.72612,0.72592,0.72612,0.72667,0.72612,0.72592,0.72612,0.72667,0.72612,0.72592,0.72612,0.72667,0.72612,0.72592,0.72612,0.72667,0.72612,0.72592,0.72612,0.72667,0.72612,0.72592,0.72612,0.72667,0.72612,0.72592,0.72612,0.72667,0.72612,0.72592,0.72612,0.72667,0.72612,0.72592,0.72612,0.72667,0.72612,0.72592,0.72612,0.72667,0.72612,0.72592,0.72612,0.72667,0.72612,0.72592,0.72612,0.72667,0.72612,0.72592,0.72612,0.72667,0.72612,0.72592,0.72612,0.72667,0.72612,0.72592,0.72612,0.72667,0.72612,0.72592,0.72612,0.72667,0.72612,0.72592,0.72612,0.72667,0.72612,0.72592,0.72612,0.72667,0.72612,0.72592,0.72651,0.72667,0.72531,0.72828,0.7239,0.72667,0.73097,0.71688,0.73528,0.72667,0.70706,0.77182,0.65102,0.38309,0.35607,0.40611,0.3712,0.38309,0.38855,0.3766,0.38557,0.38309,0.38138,0.38369,0.38214,0.38309,0.3828,0.38269,0.3828,0.38309,0.3828,0.38269,0.3828,0.38309,0.3828,0.38269,0.3828,0.38309,0.3828,0.38269,0.3828,0.38309,0.3828,0.38269,0.3828,0.38309,0.3828,0.38269,0.3828,0.38309,0.3828,0.38269,0.3828,0.38309,0.3828,0.38269,0.3828,0.38309,0.3828,0.38269,0.3828,0.38309,0.3828,0.38269,0.3828,0.38309,0.3828,0.38269,0.3828,0.38309,0.3828,0.38269,0.3828,0.38309,0.3828,0.38269,0.3828,0.38309,0.3828,0.38269,0.3828,0.38309,0.3828,0.38269,0.3828,0.38309,0.3828,0.38269,0.3828,0.38309,0.3828,0.38269,0.3828,0.38309,0.3828,0.38269,0.3828,0.38309,0.3828,0.38269,0.3828,0.38309,0.3828,0.38269,0.3828,0.38309,0.3828,0.38269,0.3828,0.38309,0.3828,0.38269,0.3828,0.38309,0.3828,0.38269,0.3828,0.38309,0.3828,0.38269,0.3828,0.38309,0.3828,0.38269,0.3828,0.38309,0.3828,0.38269,0.38323,0.38309,0.3819,0.38532,0.38032,0.38309,0.38821,0.37262,0.39301,0.38309,0.36154,0.43387,0.29906
0.10102,0.1088,0.094025,0.10435,0.10102,0.099248,0.1027,0.10012,0.10102,0.10136,0.10062,0.10113,0.10102,0.10094,0.10091,0.10094,0.10102,0.10094,0.10091,0.10094,0.10102,0.10094,0.10091,0.10094,0.10102,0.10094,0.10091,0.10094,0.10102,0.10094,0.10091,0.10094,0.10102,0.10094,0.10091,0.10094,0.10102,0.10094,0.10091,0.10094,0.10102,0.10094,0.10091,0.10094,0.10102,0.10094,0.10091,0.10094,0.10102,0.10094,0.10091,0.10094,0.10102,0.10094,0.10091,0.10094,0.10102,0.10094,0.10091,0.10094,0.10102,0.10094,0.10091,0.10094,0.10102,0.10094,0.10091,0.10094,0.10102,0.10094,0.10091,0.10094,0.10102,0.10094,0.10091,0.10094,0.10102,0.10094,0.10091,0.10094,0.10102,0.10094,0.10091,0.10094,0.10102,0.10094,0.10091,0.10094,0.10102,0.10094,0.10091,0.10094,0.10102,0.10094,0.10091,0.10094,0.10102,0.10094,0.10091,0.10094,0.10102,0.10094,0.10091,0.10094,0.10102,0.10094,0.10091,0.10094,0.10102,0.10094,0.10091,0.10094,0.10102,0.10094,0.10091,0.10003,0.10102,0.10283,0.095367,0.10616,0.10102,0.089536,0.12213,0.079436,0.10102,0.1457,-0.0068836,0.27731,0.90792,0.97,0.85198,0.93447,0.90792,0.89372,0.92129,0.90072,0.90792,0.91057,0.90463,0.90877,0.90792,0.90724,0.90698,0.90724,0.90792,0.90724,0.90698,0.90724,0.90792,0.90724,0.90698,0.90724,0.90792,0.90724,0.90698,0.90724,0.90792,0.90724,0.90698,0.90724,0.90792,0.90724,0.90698,0.90724,0.90792,0.90724,0.90698,0.90724,0.90792,0.90724,0.90698,0.90724,0.90792,0.90724,0.90698,0.90724,0.90792,0.90724,0.90698,0.90724,0.90792,0.90724,0.90698,0.90724,0.90792,0.90724,0.90698,0.90724,0.90792,0.90724,0.90698,0.90724,0.90792,0.90724,0.90698,0.90724,0.90792,0.90724,0.90698,0.90724,0.90792,0.90724,0.90698,0.90724,0.90792,0.90724,0.90698,0.90724,0.90792,0.90724,0.90698,0.90724,0.90792,0.90724,0.90698,0.90724,0.90792,0.90724,0.90698,0.90724,0.90792,0.90724,0.90698,0.90724,0.90792,0.90724,0.90698,0.90724,0.90792,0.90724,0.90698,0.90724,0.90792,0.90724,0.90698,0.90724,0.90792,0.90724,0.90698,0.90724,0.90792,0.90724,0.90698,0.90826,0.90792,0.9051,0.91322,0.90137,0.90792,0.92007,0.88311,0.93143,0.90792,0.85687,1.0283,0.70879
0.32234,0.34717,0.30003,0.33297,0.32234,0.3167,0.32772,0.31949,0.32234,0.32343,0.32107,0.32271,0.32234,0.32209,0.322,0.32209,0.32234,0.32209,0.322,0.32209,0.32234,0.32209,0.322,0.32209,0.32234,0.32209,0.322,0.32209,0.32234,0.32209,0.322,0.32209,0.32234,0.32209,0.322,0.32209,0.32234,0.32209,0.322,0.32209,0.32234,0.32209,0.322,0.32209,0.32234,0.32209,0.322,0.32209,0.32234,0.32209,0.322,0.32209,0.32234,0.32209,0.322,0.32209,0.32234,0.32209,0.322,0.32209,0.32234,0.32209,0.322,0.32209,0.32234,0.32209,0.322,0.32209,0.32234,0.32209,0.322,0.32209,0.32234,0.32209,0.322,0.32209,0.32234,0.32209,0.322,0.32209,0.32234,0.32209,0.322,0.32209,0.32234,0.32209,0.322,0.32209,0.32234,0.32209,0.322,0.32209,0.32234,0.32209,0.322,0.32209,0.32234,0.32209,0.322,0.32209,0.32234,0.32209,0.322,0.32209,0.32234,0.32209,0.322,0.32209,0.32234,0.32209,0.322,0.32209,0.32234,0.32209,0.322,0.32155,0.32234,0.32323,0.31867,0.32523,0.32234,0.31524,0.33476,0.30916,0.32234,0.34901,0.25718,0.42815,0.80756,0.84469,0.77365,0.82333,0.80756,0.79882,0.81533,0.80303,0.80756,0.80896,0.80531,0.80787,0.80756,0.80695,0.80672,0.80695,0.80756,0.80695,0.80672,0.80695,0.80756,0.80695,0.80672,0.80695,0.80756,0.80695,0.80672,0.80695,0.80756,0.80695,0.80672,0.80695,0.80756,0.80695,0.80672,0.80695,0.80756,0.80695,0.80672,0.80695,0.80756,0.80695,0.80672,0.80695,0.80756,0.80695,0.80672,0.80695,0.80756,0.80695,0.80672,0.80695,0.80756,0.80695,0.80672,0.80695,0.80756,0.80695,0.80672,0.80695,0.80756,0.80695,0.80672,0.80695,0.80756,0.80695,0.80672,0.80695,0.80756,0.80695,0.80672,0.80695,0.80756,0.80695,0.80672,0.80695,0.80756,0.80695,0.80672,0.80695,0.80756,0.80695,0.80672,0.80695,0.80756,0.80695,0.80672,0.80695,0.80756,0.80695,0.80672,0.80695,0.80756,0.80695,0.80672,0.80695,0.80756,0.80695,0.80672,0.80695,0.80756,0.80695,0.80672,0.80695,0.80756,0.80695,0.80672,0.80695,0.80756,0.80695,0.80672,0.80695,0.80756,0.80695,0.80672,0.80786,0.80756,0.80505,0.81227,0.80173,0.80756,0.81836,0.78549,0.82847,0.80756,0.76215,0.91461,0.63044
0.79925,0.86081,0.74394,0.82562,0.79925,0.78526,0.8126,0.79219,0.79925,0.80195,0.7961,0.80017,0.79925,0.79865,0.79842,0.79865,0.79925,0.79865,0.79842,0.79865,0.79925,0.79865,0.79842,0.79865,0.79925,0.79865,0.79842,0.79865,0.79925,0.79865,0.79842,0.79865,0.79925,0.79865,0.79842,0.79865,0.79925,0.79865,0.79842,0.79865,0.79925,0.79865,0.79842,0.79865,0.79925,0.79865,0.79842,0.79865,0.79925,0.79865,0.79842,0.79865,0.79925,0.79865,0.79842,0.79865,0.79925,0.79865,0.79842,0.79865,0.79925,0.79865,0.79842,0.79865,0.79925,0.79865,0.79842,0.79865,0.79925,0.79865,0.79842,0.79865,0.79925,0.79865,0.79842,0.79865,0.79925,0.79865,0.79842,0.79865,0.79925,0.79865,0.79842,0.79865,0.79925,0.79865,0.79842,0.79865,0.79925,0.79865,0.79842,0.79865,0.79925,0.79865,0.79842,0.79865,0.79925,0.79865,0.79842,0.79865,0.79925,0.79865,0.79842,0.79865,0.79925,0.79865,0.79842,0.79865,0.79925,0.79865,0.79842,0.79865,0.79925,0.79865,0.79842,0.79877,0.79925,0.79839,0.79919,0.79793,0.79925,0.80021,0.79551,0.8016,0.79925,0.79249,0.81324,0.77441,0.68835,0.67921,0.6952,0.68409,0.68835,0.68969,0.68567,0.68873,0.68835,0.68737,0.68796,0.68762,0.68835,0.68783,0.68764,0.68783,0.68835,0.68783,0.68764,0.68783,0.68835,0.68783,0.68764,0.68783,0.68835,0.68783,0.68764,0.68783,0.68835,0.68783,0.68764,0.68783,0.68835,0.68783,0.68764,0.68783,0.68835,0.68783,0.68764,0.68783,0.68835,0.68783,0.68764,0.68783,0.68835,0.68783,0.68764,0.68783,0.68835,0.68783,0.68764,0.68783,0.68835,0.68783,0.68764,0.68783,0.68835,0.68783,0.68764,0.68783,0.68835,0.68783,0.68764,0.68783,0.68835,0.68783,0.68764,0.68783,0.68835,0.68783,0.68764,0.68783,0.68835,0.68783,0.68764,0.68783,0.68835,0.68783,0.68764,0.68783,0.68835,0.68783,0.68764,0.68783,0.68835,0.68783,0.68764,0.68783,0.68835,0.68783,0.68764,0.68783,0.68835,0.68783,0.68764,0.68783,0.68835,0.68783,0.68764,0.68783,0.68835,0.68783,0.68764,0.68783,0.68835,0.68783,0.68764,0.68783,0.68835,0.68783,0.68764,0.68783,0.68835,0.68783,0.68764,0.68861,0.68835,0.68622,0.69237,0.68338,0.68835,0.69756,0.66954,0.70618,0.68835,0.64965,0.7796,0.53738
0.84987,0.91533,0.79106,0.87792,0.84987,0.835,0.86407,0.84237,0.84987,0.85275,0.84652,0.85085,0.84987,0.84923,0.849,0.84923,0.84987,0.84923,0.849,0.84923,0.84987,0.84923,0.849,0.84923,0.84987,0.84923,0.849,0.84923,0.84987,0.84923,0.849,0.84923,0.84987,0.84923,0.849,0.84923,0.84987,0.84923,0.849,0.84923,0.84987,0.84923,0.849,0.84923,0.84987,0.84923,0.849,0.84923,0.84987,0.84923,0.849,0.84923,0.84987,0.84923,0.849,0.84923,0.84987,0.84923,0.849,0.84923,0.84987,0.84923,0.849,0.84923,0.84987,0.84923,0.849,0.84923,0.84987,0.84923,0.849,0.84923,0.84987,0.84923,0.849,0.84923,0.84987,0.84923,0.849,0.84923,0.84987,0.84923,0.849,0.84923,0.84987,0.84923,0.849,0.84923,0.84987,0.84923,0.849,0.84923,0.84987,0.84923,0.849,0.84923,0.84987,0.84923,0.849,0.84923,0.84987,0.84923,0.849,0.84923,0.84987,0.84923,0.849,0.84923,0.84987,0.84923,0.849,0.84923,0.84987,0.84923,0.849,0.84923,0.84987,0.84923,0.849,0.84923,0.84987,0.84923,0.849,0.84923,0.84987,0.84923,0.849,0.84923,0.84987,0.84923,0.849,0.84923,0.84987,0.84923,0.849,0.84923,0.84987,0.84923,0.849,0.84923,0.84987,0.84923,0.849,0.84923,0.84987,0.84923,0.849,0.84923,0.84987,0.84923,0.849,0.84923,0.84987,0.84923,0.849,0.84923,0.84987,0.84923,0.849,0.84923,0.84987,0.84923,0.849,0.84923,0.84987,0.84923,0.849,0.84923,0.84987,0.84923,0.849,0.84923,0.84987,0.84923,0.849,0.84923,0.84987,0.84923,0.849,0.84923,0.84987,0.84923,0.849,0.84923,0.84987,0.84923,0.849,0.84923,0.84987,0.84923,0.849,0.84923,0.84987,0.84923,0.849,0.84923,0.84987,0.84923,0.849,0.84923,0.84987,0.84923,0.849,0.84923,0.84987,0.84923,0.849,0.84923,0.84987,0.84923,0.849,0.84923,0.84987,0.84923,0.849,0.84923,0.84987,0.84923,0.849,0.84923,0.84987,0.84923,0.849,0.84923,0.84987,0.84923,0.849,0.84923,0.84987,0.84923,0.849,0.84923,0.84987,0.84923,0.849,0.84923,0.84987,0.84923,0.849,0.84923,0.84987,0.84923,0.849,0.85019,0.84987,0.84724,0.85483,0.84374,0.84987,0.86124,0.82665,0.87188,0.84987,0.80208,0.96253,0.66347
0.80508,0.86709,0.74937,0.83165,0.80508,0.79099,0.81853,0.79797,0.80508,0.8078,0.8019,0.806,0.80508,0.80447,0.80425,0.80447,0.80508,0.80447,0.80425,0.80447,0.80508,0.80447,0.80425,0.80447,0.80508,0.80447,0.80425,0.80447,0.80508,0.80447,0.80425,0.80447,0.80508,0.80447,0.80425,0.80447,0.80508,0.80447,0.80425,0.80447,0.80508,0.80447,0.80425,0.80447,0.80508,0.80447,0.80425,0.80447,0.80508,0.80447,0.80425,0.80447,0.80508,0.80447,0.80425,0.80447,0.80508,0.80447,0.80425,0.80447,0.80508,0.80447,0.80425,0.80447,0.80508,0.80447,0.80425,0.80447,0.80508,0.80447,0.80425,0.80447,0.80508,0.80447,0.80425,0.80447,0.80508,0.80447,0.80425,0.80447,0.80508,0.80447,0.80425,0.80447,0.80508,0.80447,0.80425,0.80447,0.80508,0.80447,0.80425,0.80447,0.80508,0.80447,0.80425,0.80447,0.80508,0.80447,0.80425,0.80447,0.80508,0.80447,0.80425,0.80447,0.80508,0.80447,0.80425,0.80447,0.80508,0.80447,0.80425,0.80447,0.80508,0.80447,0.80425,0.80465,0.80508,0.80412,0.8053,0.80349,0.80508,0.80663,0.80025,0.80853,0.80508,0.79602,0.8246,0.77118,0.65276,0.64042,0.66247,0.64713,0.65276,0.65482,0.64938,0.6535,0.65276,0.65164,0.65253,0.65198,0.65276,0.65227,0.65208,0.65227,0.65276,0.65227,0.65208,0.65227,0.65276,0.65227,0.65208,0.65227,0.65276,0.65227,0.65208,0.65227,0.65276,0.65227,0.65208,0.65227,0.65276,0.65227,0.65208,0.65227,0.65276,0.65227,0.65208,0.65227,0.65276,0.65227,0.65208,0.65227,0.65276,0.65227,0.65208,0.65227,0.65276,0.65227,0.65208,0.65227,0.65276,0.65227,0.65208,0.65227,0.65276,0.65227,0.65208,0.65227,0.65276,0.65227,0.65208,0.65227,0.65276,0.65227,0.65208,0.65227,0.65276,0.65227,0.65208,0.65227,0.65276,0.65227,0.65208,0.65227,0.65276,0.65227,0.65208,0.65227,0.65276,0.65227,0.65208,0.65227,0.65276,0.65227,0.65208,0.65227,0.65276,0.65227,0.65208,0.65227,0.65276,0.65227,0.65208,0.65227,0.65276,0.65227,0.65208,0.65227,0.65276,0.65227,0.65208,0.65227,0.65276,0.65227,0.65208,0.65227,0.65276,0.65227,0.65208,0.65227,0.65276,0.65227,0.65208,0.653,0.65276,0.65073,0.65657,0.64805,0.65276,0.66149,0.63492,0.66966,0.65276,0.61605,0.73929,0.50959
0.78203,0.84226,0.72791,0.80783,0.78203,0.76834,0.79509,0.77512,0.78203,0.78467,0.77894,0.78292,0.78203,0.78144,0.78122,0.78144,0.78203,0.78144,0.78122,0.78144,0.78203,0.78144,0.78122,0.78144,0.78203,0.78144,0.78122,0.78144,0.78203,0.78144,0.78122,0.78144,0.78203,0.78144,0.78122,0.78144,0.78203,0.78144,0.78122,0.78144,0.78203,0.78144,0.78122,0.78144,0.78203,0.78144,0.78122,0.78144,0.78203,0.78144,0.78122,0.78144,0.78203,0.78144,0.78122,0.78144,0.78203,0.78144,0.78122,0.78144,0.78203,0.78144,0.78122,0.78144,0.78203,0.78144,0.78122,0.78144,0.78203,0.78144,0.78122,0.78144,0.78203,0.78144,0.78122,0.78144,0.78203,0.78144,0.78122,0.78144,0.78203,0.78144,0.78122,0.78144,0.78203,0.78144,0.78122,0.78144,0.78203,0.78144,0.78122,0.78144,0.78203,0.78144,0.78122,0.78144,0.78203,0.78144,0.78122,0.78144,0.78203,0.78144,0.78122,0.78144,0.78203,0.78144,0.78122,0.78144,0.78203,0.78144,0.78122,0.78144,0.78203,0.78144,0.78122,0.78144,0.78203,0.78144,0.78122,0.78144,0.78203,0.78144,0.78122,0.78144,0.78203,0.78144,0.78122,0.78144,0.78203,0.78144,0.78122,0.78144,0.78203,0.78144,0.78122,0.78144,0.78203,0.78144,0.78122,0.78144,0.78203,0.78144,0.78122,0.78144,0.78203,0.78144,0.78122,0.78144,0.78203,0.78144,0.78122,0.78144,0.78203,0.78144,0.78122,0.78144,0.78203,0.78144,0.78122,0.78144,0.78203,0.78144,0.78122,0.78144,0.78203,0.78144,0.78122,0.78144,0.78203,0.78144,0.78122,0.78144,0.78203,0.78144,0.78122,0.78144,0.78203,0.78144,0.78122,0.78144,0.78203,0.78144,0.78122,0.78144,0.78203,0.78144,0.78122,0.78144,0.78203,0.78144,0.78122,0.78144,0.78203,0.78144,0.78122,0.78144,0.78203,0.78144,0.78122,0.78144,0.78203,0.78144,0.78122,0.78144,0.78203,0.78144,0.78122,0.78144,0.78203,0.78144,0.78122,0.78144,0.78203,0.78144,0.78122,0.78144,0.78203,0.78144,0.78122,0.78144,0.78203,0.78144,0.78122,0.78144,0.78203,0.78144,0.78122,0.78144,0.78203,0.78144,0.78122,0.78144,0.78203,0.78144,0.78122,0.78144,0.78203,0.78144,0.78122,0.78144,0.78203,0.78144,0.78122,0.78232,0.78203,0.7796,0.78659,0.77638,0.78203,0.79249,0.76066,0.80228,0.78203,0.73805,0.88569,0.61051
0.39181,0.43404,0.33625,0.44971,0.58727,0.59075,0.59134,0.57223,0.50614,0.49835,0.51149,0.50661,0.5344,0.54199,0.521,0.55138,0.61103,0.61857,0.59957,0.62192,0.64296,0.63925,0.65213,0.62626,0.57235,0.56894,0.57082,0.57828,0.60555,0.60565,0.60923,0.59354,0.54292,0.53594,0.54888,0.53877,0.54544,0.5501,0.53447,0.56111,0.62028,0.62729,0.6104,0.62872,0.64624,0.64477,0.64949,0.63814,0.60463,0.59826,0.61283,0.59452,0.57557,0.57752,0.56723,0.58856,0.63619,0.63916,0.63499,0.63062,0.59688,0.5895,0.60625,0.58566,0.56471,0.5666,0.55627,0.5781,0.62665,0.62943,0.62595,0.62101,0.59486,0.59181,0.59514,0.59621,0.60457,0.60287,0.60867,0.59719,0.5863,0.59182,0.56991,0.61089,0.68717,0.68706,0.69799,0.65855,0.53654,0.51997,0.55355,0.52292,0.51551,0.52196,0.49964,0.53985,0.6344,0.64699,0.6163,0.65312,0.70314,0.70536,0.70205,0.69839,0.66383,0.65326,0.68189,0.63643,0.54581,0.53595,0.55468,0.5395,0.54564,0.55188,0.53148,0.56477,0.62841,0.63267,0.6252,0.62658,0.61493,0.6141,0.61179,0.62086,0.64581,0.64666,0.64619,0.64153,0.62787,0.6279,0.62328,0.63597,0.67024,0.6731,0.66761,0.66841,0.65274,0.64833,0.65867,0.64211,0.59889,0.58922,0.61377,0.57913,0.53499,0.53827,0.51937,0.56262,0.66661,0.67507,0.66126,0.66228,0.62744,0.62175,0.6316,0.62374,0.61365,0.60846,0.62395,0.59703,0.55316,0.55449,0.54185,0.5732,0.64442,0.64673,0.64883,0.62766,0.55679,0.54912,0.56044,0.55897,0.59116,0.59753,0.58081,0.60173,0.63091,0.63197,0.62969,0.63006,0.62979,0.63086,0.62498,0.63673,0.66423,0.66626,0.66241,0.66091,0.63265,0.62316,0.64847,0.60966,0.54599,0.54414,0.53933,0.56177,0.63174,0.63911,0.6239,0.63616,0.64976,0.65433,0.63763,0.66559,0.70358,0.69722,0.72279,0.66781,0.5433,0.53381,0.54439,0.55465,0.62971,0.64168,0.61432,0.6411,0.65075,0.64364,0.66537,0.62522,0.53202,0.51979,0.54513,0.52119,0.52007,0.5288,0.49981,0.54868,0.63918,0.64277,0.64255,0.62163,0.53435,0.5196,0.55216,0.51646,0.4897,0.49476,0.47395,0.51514,0.60795,0.61614,0.60069,0.61035,0.60785,0.60796,0.60445,0.61503,0.64813,0.65186,0.64699,0.63634,0.52516,0.48539,0.60387,0.4055
0.56641,0.61004,0.52722,0.5851,0.56641,0.5565,0.57587,0.56141,0.56641,0.56833,0.56418,0.56706,0.56641,0.56599,0.56583,0.56599,0.56641,0.56599,0.56583,0.56599,0.56641,0.56599,0.56583,0.56599,0.56641,0.56599,0.56583,0.56599,0.56641,0.56599,0.56583,0.56599,0.56641,0.56599,0.56583,0.56599,0.56641,0.56599,0.56583,0.56599,0.56641,0.56599,0.56583,0.56599,0.56641,0.56599,0.56583,0.56599,0.56641,0.56599,0.56583,0.56594,0.56641,0.56608,0.56555,0.56624,0.56641,0.56542,0.56687,0.56493,0.56641,0.56819,0.56052,0.57467,0.60616,0.60879,0.60282,0.60704,0.60616,0.60504,0.60624,0.60538,0.60616,0.60587,0.60542,0.60578,0.60616,0.6057,0.60553,0.6057,0.60616,0.6057,0.60553,0.6057,0.60616,0.6057,0.60553,0.6057,0.60616,0.6057,0.60553,0.6057,0.60616,0.6057,0.60553,0.6057,0.60616,0.6057,0.60553,0.6057,0.60616,0.6057,0.60553,0.6057,0.60616,0.6057,0.60553,0.6057,0.60616,0.6057,0.60553,0.6057,0.60616,0.6057,0.60553,0.60583,0.60616,0.60543,0.60631,0.60497,0.60616,0.60731,0.60255,0.60873,0.60616,0.5994,0.62071,0.58088,0.49258,0.48337,0.49981,0.48837,0.49258,0.49411,0.49006,0.49312,0.49258,0.49174,0.4924,0.49199,0.49258,0.49221,0.49207,0.49221,0.49258,0.49221,0.49207,0.49221,0.49258,0.49221,0.49207,0.49221,0.49258,0.49221,0.49207,0.49221,0.49258,0.49221,0.49207,0.49221,0.49258,0.49221,0.49207,0.49221,0.49258,0.49221,0.49207,0.49221,0.49258,0.49221,0.49207,0.49221,0.49258,0.49221,0.49207,0.49221,0.49258,0.49221,0.49207,0.49191,0.49258,0.49283,0.49026,0.49391,0.49258,0.48849,0.49899,0.48519,0.49258,0.50681,0.45691,0.54973,0.75574,0.77564,0.73702,0.76405,0.75574,0.75076,0.75963,0.75305,0.75574,0.75626,0.75419,0.75567,0.75574,0.75517,0.75496,0.75517,0.75574,0.75517,0.75496,0.75517,0.75574,0.75517,0.75496,0.75517,0.75574,0.75517,0.75496,0.75517,0.75574,0.75517,0.75496,0.75517,0.75574,0.75517,0.75496,0.75517,0.75574,0.75517,0.75496,0.75517,0.75574,0.75517,0.75496,0.75517,0.75574,0.75517,0.75496,0.75517,0.75574,0.75517,0.75496,0.75602,0.75574,0.7534,0.76015,0.75029,0.75574,0.76585,0.73509,0.77531,0.75574,0.71325,0.85592,0.58998
0.72318,0.77889,0.67314,0.74705,0.72318,0.71053,0.73526,0.7168,0.72318,0.72563,0.72033,0.72401,0.72318,0.72264,0.72244,0.72264,0.72318,0.72264,0.72244,0.72264,0.72318,0.72264,0.72244,0.72264,0.72318,0.72264,0.72244,0.72264,0.72318,0.72264,0.72244,0.72264,0.72318,0.72264,0.72244,0.72264,0.72318,0.72264,0.72244,0.72264,0.72318,0.72264,0.72244,0.72264,0.72318,0.72264,0.72244,0.72264,0.72318,0.72264,0.72244,0.72264,0.72318,0.72264,0.72244,0.72264,0.72318,0.72264,0.72244,0.72264,0.72318,0.72264,0.72244,0.72264,0.72318,0.72264,0.72244,0.72264,0.72318,0.72264,0.72244,0.72264,0.72318,0.72264,0.72244,0.72264,0.72318,0.72264,0.72244,0.72264,0.72318,0.72264,0.72244,0.72264,0.72318,0.72264,0.72244,0.72264,0.72318,0.72264,0.72244,0.72264,0.72318,0.72264,0.72244,0.72264,0.72318,0.72264,0.72244,0.72264,0.72318,0.72264,0.72244,0.72264,0.72318,0.72264,0.72244,0.72264,0.72318,0.72264,0.72244,0.72264,0.72318,0.72264,0.72244,0.72297,0.72318,0.72195,0.72445,0.72075,0.72318,0.72678,0.71474,0.73044,0.72318,0.7064,0.76154,0.65865,0.43045,0.40736,0.44996,0.42025,0.43045,0.43503,0.42482,0.43249,0.43045,0.42892,0.43086,0.42957,0.43045,0.43013,0.43001,0.43013,0.43045,0.43013,0.43001,0.43013,0.43045,0.43013,0.43001,0.43013,0.43045,0.43013,0.43001,0.43013,0.43045,0.43013,0.43001,0.43013,0.43045,0.43013,0.43001,0.43013,0.43045,0.43013,0.43001,0.43013,0.43045,0.43013,0.43001,0.43013,0.43045,0.43013,0.43001,0.43013,0.43045,0.43013,0.43001,0.43013,0.43045,0.43013,0.43001,0.43013,0.43045,0.43013,0.43001,0.43013,0.43045,0.43013,0.43001,0.43013,0.43045,0.43013,0.43001,0.43013,0.43045,0.43013,0.43001,0.43013,0.43045,0.43013,0.43001,0.43013,0.43045,0.43013,0.43001,0.43013,0.43045,0.43013,0.43001,0.43013,0.43045,0.43013,0.43001,0.43013,0.43045,0.43013,0.43001,0.43013,0.43045,0.43013,0.43001,0.43013,0.43045,0.43013,0.43001,0.43013,0.43045,0.43013,0.43001,0.43013,0.43045,0.43013,0.43001,0.43013,0.43045,0.43013,0.43001,0.43013,0.43045,0.43013,0.43001,0.43061,0.43045,0.42912,0.43296,0.42734,0.43045,0.43621,0.41869,0.4416,0.43045,0.40625,0.48751,0.33604
0.81154,0.87404,0.75538,0.83831,0.81154,0.79733,0.82509,0.80437,0.81154,0.81428,0.80833,0.81246,0.81154,0.81092,0.8107,0.81092,0.81154,0.81092,0.8107,0.81092,0.81154,0.81092,0.8107,0.81092,0.81154,0.81092,0.8107,0.81092,0.81154,0.81092,0.8107,0.81092,0.81154,0.81092,0.8107,0.81092,0.81154,0.81092,0.8107,0.81092,0.81154,0.81092,0.8107,0.81092,0.81154,0.81092,0.8107,0.81092,0.81154,0.81092,0.8107,0.81092,0.81154,0.81092,0.8107,0.81092,0.81154,0.81092,0.8107,0.81092,0.81154,0.81092,0.8107,0.81092,0.81154,0.81092,0.8107,0.81092,0.81154,0.81092,0.8107,0.81092,0.81154,0.81092,0.8107,0.81092,0.81154,0.81092,0.8107,0.81092,0.81154,0.81092,0.8107,0.81092,0.81154,0.81092,0.8107,0.81092,0.81154,0.81092,0.8107,0.81092,0.81154,0.81092,0.8107,0.81092,0.81154,0.81092,0.8107,0.81092,0.81154,0.81092,0.8107,0.81092,0.81154,0.81092,0.8107,0.81092,0.81154,0.81092,0.8107,0.81092,0.81154,0.81092,0.8107,0.81092,0.81154,0.81092,0.8107,0.81092,0.81154,0.81092,0.8107,0.81092,0.81154,0.81092,0.8107,0.81092,0.81154,0.81092,0.8107,0.81092,0.81154,0.81092,0.8107,0.81092,0.81154,0.81092,0.8107,0.81092,0.81154,0.81092,0.8107,0.81092,0.81154,0.81092,0.8107,0.81092,0.81154,0.81092,0.8107,0.81092,0.81154,0.81092,0.8107,0.81092,0.81154,0.81092,0.8107,0.81092,0.81154,0.81092,0.8107,0.81092,0.81154,0.81092,0.8107,0.81092,0.81154,0.81092,0.8107,0.81092,0.81154,0.81092,0.8107,0.81092,0.81154,0.81092,0.8107,0.81092,0.81154,0.81092,0.8107,0.81092,0.81154,0.81092,0.8107,0.81092,0.81154,0.81092,0.8107,0.81092,0.81154,0.81092,0.8107,0.81092,0.81154,0.81092,0.8107,0.81092,0.81154,0.81092,0.8107,0.81092,0.81154,0.81092,0.8107,0.81092,0.81154,0.81092,0.8107,0.81092,0.81154,0.81092,0.8107,0.81092,0.81154,0.81092,0.8107,0.81092,0.81154,0.81092,0.8107,0.81092,0.81154,0.81092,0.8107,0.81092,0.81154,0.81092,0.8107,0.81092,0.81154,0.81092,0.8107,0.81092,0.81154,0.81092,0.8107,0.81092,0.81154,0.81092,0.8107,0.81184,0.81154,0.80902,0.81627,0.80568,0.81154,0.82239,0.78936,0.83255,0.81154,0.7659,0.91911,0.63354
0.47772,0.51452,0.44466,0.49349,0.47772,0.46936,0.4857,0.47351,0.47772,0.47934,0.47584,0.47827,0.47772,0.47736,0.47723,0.47736,0.47772,0.47736,0.47723,0.47705,0.47772,0.47801,0.47533,0.47915,0.47772,0.47345,0.4845,0.46999,0.47772,0.49271,0.44027,0.53783,0.75438,0.77533,0.73474,0.76315,0.75438,0.74918,0.75851,0.75158,0.75438,0.75495,0.75279,0.75434,0.75438,0.75381,0.7536,0.75381,0.75438,0.75381,0.7536,0.75412,0.75438,0.75317,0.75548,0.75205,0.75438,0.75767,0.74642,0.76109,0.75438,0.73867,0.79007,0.69415,0.48141,0.45981,0.49952,0.47183,0.48141,0.48562,0.47607,0.48325,0.48141,0.47992,0.48171,0.48053,0.48141,0.48104,0.48091,0.48104,0.48141,0.48104,0.48091,0.48098,0.48141,0.48118,0.4805,0.48143,0.48141,0.4802,0.48248,0.47946,0.48141,0.48435,0.47295,0.49406,0.54096,0.54518,0.53634,0.54256,0.54096,0.53955,0.54145,0.54007,0.54096,0.54079,0.54022,0.54066,0.54096,0.54055,0.5404,0.54055,0.54096,0.54055,0.5404,0.54059,0.54096,0.54045,0.54068,0.54028,0.54096,0.54113,0.53932,0.54164,0.54096,0.53827,0.54587,0.53159,0.49998,0.49641,0.50225,0.49822,0.49998,0.50029,0.49873,0.49993,0.49998,0.49943,0.49958,0.49952,0.49998,0.4996,0.49946,0.4996,0.49998,0.4996,0.49946,0.49939,0.49998,0.50005,0.49816,0.50083,0.49998,0.49692,0.50445,0.49454,0.49998,0.51012,0.47412,0.54107,0.68969,0.70392,0.67604,0.69557,0.68969,0.68599,0.69234,0.68764,0.68969,0.68995,0.68842,0.68953,0.68969,0.68917,0.68898,0.68917,0.68969,0.68917,0.68898,0.68921,0.68969,0.68909,0.6892,0.68895,0.68969,0.68964,0.6881,0.69005,0.68969,0.68732,0.69342,0.6819,0.65644,0.65336,0.65803,0.65482,0.65644,0.6565,0.65517,0.65621,0.65644,0.65581,0.65586,0.65588,0.65644,0.65594,0.65576,0.65594,0.65644,0.65594,0.65576,0.65611,0.65644,0.65559,0.65679,0.65498,0.65644,0.65805,0.65184,0.65992,0.65644,0.64767,0.67568,0.62336,0.50735,0.49537,0.51699,0.50193,0.50735,0.50946,0.50418,0.50817,0.50735,0.50635,0.50726,0.50668,0.50735,0.50696,0.50682,0.50696,0.50735,0.50696,0.50682,0.50754,0.50735,0.50577,0.51031,0.50368,0.50735,0.51413,0.49348,0.52049,0.50735,0.47882,0.5746,0.39607
0.91249,0.98277,0.84934,0.9426,0.91249,0.89652,0.92772,0.90443,0.91249,0.91557,0.90889,0.91353,0.91249,0.9118,0.91154,0.9118,0.91249,0.9118,0.91154,0.9118,0.91249,0.9118,0.91154,0.9118,0.91249,0.9118,0.91154,0.9118,0.91249,0.9118,0.91154,0.9118,0.91249,0.9118,0.91154,0.9118,0.91249,0.9118,0.91154,0.9118,0.91249,0.9118,0.91154,0.9118,0.91249,0.9118,0.91154,0.9118,0.91249,0.9118,0.91154,0.9118,0.91249,0.9118,0.91154,0.9118,0.91249,0.9118,0.91154,0.9118,0.91249,0.9118,0.91154,0.9118,0.91249,0.9118,0.91154,0.9118,0.91249,0.9118,0.91154,0.9118,0.91249,0.9118,0.91154,0.9118,0.91249,0.9118,0.91154,0.9118,0.91249,0.9118,0.91154,0.9118,0.91249,0.9118,0.91154,0.9118,0.91249,0.9118,0.91154,0.9118,0.91249,0.9118,0.91154,0.9118,0.91249,0.9118,0.91154,0.9118,0.91249,0.9118,0.91154,0.9118,0.91249,0.9118,0.91154,0.9118,0.91249,0.9118,0.91154,0.9118,0.91249,0.9118,0.91154,0.91271,0.91249,0.9099,0.91711,0.90656,0.91249,0.92325,0.89024,0.93339,0.91249,0.86685,1.0198,0.73472,0.10235,0.039256,0.15746,0.074926,0.10235,0.11583,0.087874,0.10881,0.10235,0.098919,0.1046,0.10073,0.10235,0.10227,0.10224,0.10227,0.10235,0.10227,0.10224,0.10227,0.10235,0.10227,0.10224,0.10227,0.10235,0.10227,0.10224,0.10227,0.10235,0.10227,0.10224,0.10227,0.10235,0.10227,0.10224,0.10227,0.10235,0.10227,0.10224,0.10227,0.10235,0.10227,0.10224,0.10227,0.10235,0.10227,0.10224,0.10227,0.10235,0.10227,0.10224,0.10227,0.10235,0.10227,0.10224,0.10227,0.10235,0.10227,0.10224,0.10227,0.10235,0.10227,0.10224,0.10227,0.10235,0.10227,0.10224,0.10227,0.10235,0.10227,0.10224,0.10227,0.10235,0.10227,0.10224,0.10227,0.10235,0.10227,0.10224,0.10227,0.10235,0.10227,0.10224,0.10227,0.10235,0.10227,0.10224,0.10227,0.10235,0.10227,0.10224,0.10227,0.10235,0.10227,0.10224,0.10227,0.10235,0.10227,0.10224,0.10227,0.10235,0.10227,0.10224,0.10227,0.10235,0.10227,0.10224,0.10227,0.10235,0.10227,0.10224,0.10227,0.10235,0.10227,0.10224,0.10238,0.10235,0.10203,0.10294,0.10161,0.10235,0.10371,0.099549,0.105,0.10235,0.09659,0.11591,0.079898
0.80535,0.86738,0.74962,0.83192,0.80535,0.79125,0.81879,0.79824,0.80535,0.80807,0.80217,0.80627,0.80535,0.80474,0.80451,0.80474,0.80535,0.80474,0.80451,0.80474,0.80535,0.80474,0.80451,0.80474,0.80535,0.80474,0.80451,0.80474,0.80535,0.80474,0.80451,0.80474,0.80535,0.80474,0.80451,0.80474,0.80535,0.80474,0.80451,0.80474,0.80535,0.80474,0.80451,0.80474,0.80535,0.80474,0.80451,0.80474,0.80535,0.80474,0.80451,0.80474,0.80535,0.80474,0.80451,0.80474,0.80535,0.80474,0.80451,0.80474,0.80535,0.80474,0.80451,0.80474,0.80535,0.80474,0.80451,0.80474,0.80535,0.80474,0.80451,0.80474,0.80535,0.80474,0.80451,0.80474,0.80535,0.80474,0.80451,0.80474,0.80535,0.80474,0.80451,0.80474,0.80535,0.80474,0.80451,0.80474,0.80535,0.80474,0.80451,0.80474,0.80535,0.80474,0.80451,0.80474,0.80535,0.80474,0.80451,0.80474,0.80535,0.80474,0.80451,0.80474,0.80535,0.80474,0.80451,0.80474,0.80535,0.80474,0.80451,0.80474,0.80535,0.80474,0.80451,0.80474,0.80535,0.80474,0.80451,0.80474,0.80535,0.80474,0.80451,0.80474,0.80535,0.80474,0.80451,0.80474,0.80535,0.80474,0.80451,0.80474,0.80535,0.80474,0.80451,0.80474,0.80535,0.80474,0.80451,0.80474,0.80535,0.80474,0.80451,0.80474,0.80535,0.80474,0.80451,0.80474,0.80535,0.80474,0.80451,0.80474,0.80535,0.80474,0.80451,0.80474,0.80535,0.80474,0.80451,0.80474,0.80535,0.80474,0.80451,0.80474,0.80535,0.80474,0.80451,0.80474,0.80535,0.80474,0.80451,0.80474,0.80535,0.80474,0.80451,0.80474,0.80535,0.80474,0.80451,0.80474,0.80535,0.80474,0.80451,0.80474,0.80535,0.80474,0.80451,0.80474,0.80535,0.80474,0.80451,0.80474,0.80535,0.80474,0.80451,0.80474,0.80535,0.80474,0.80451,0.80474,0.80535,0.80474,0.80451,0.80474,0.80535,0.80474,0.80451,0.80474,0.80535,0.80474,0.80451,0.80474,0.80535,0.80474,0.80451,0.80474,0.80535,0.80474,0.80451,0.80474,0.80535,0.80474,0.80451,0.80474,0.80535,0.80474,0.80451,0.80474,0.80535,0.80474,0.80451,0.80474,0.80535,0.80474,0.80451,0.80474,0.80535,0.80474,0.80451,0.80474,0.80535,0.80474,0.80451,0.80565,0.80535,0.80285,0.81005,0.79953,0.80535,0.81612,0.78334,0.8262,0.80535,0.76006,0.9121,0.62871
0.86311,0.92959,0.80338,0.89159,0.86311,0.848,0.87752,0.85549,0.86311,0.86602,0.8597,0.8641,0.86311,0.86246,0.86222,0.86246,0.86311,0.86246,0.86222,0.86246,0.86311,0.86246,0.86222,0.86246,0.86311,0.86246,0.86222,0.86246,0.86311,0.86246,0.86222,0.86246,0.86311,0.86246,0.86222,0.86246,0.86311,0.86246,0.86222,0.86246,0.86311,0.86246,0.86222,0.86246,0.86311,0.86246,0.86222,0.86246,0.86311,0.86246,0.86222,0.86246,0.86311,0.86246,0.86222,0.86246,0.86311,0.86246,0.86222,0.86246,0.86311,0.86246,0.86222,0.86246,0.86311,0.86246,0.86222,0.86246,0.86311,0.86246,0.86222,0.86246,0.86311,0.86246,0.86222,0.86246,0.86311,0.86246,0.86222,0.86246,0.86311,0.86246,0.86222,0.86246,0.86311,0.86246,0.86222,0.86246,0.86311,0.86246,0.86222,0.86246,0.86311,0.86246,0.86222,0.86246,0.86311,0.86246,0.86222,0.86246,0.86311,0.86246,0.86222,0.86246,0.86311,0.86246,0.86222,0.86246,0.86311,0.86246,0.86222,0.86246,0.86311,0.86246,0.86222,0.86246,0.86311,0.86246,0.86222,0.86246,0.86311,0.86246,0.86222,0.86246,0.86311,0.86246,0.86222,0.86246,0.86311,0.86246,0.86222,0.86246,0.86311,0.86246,0.86222,0.86246,0.86311,0.86246,0.86222,0.86246,0.86311,0.86246,0.86222,0.86246,0.86311,0.86246,0.86222,0.86246,0.86311,0.86246,0.86222,0.86246,0.86311,0.86246,0.86222,0.86246,0.86311,0.86246,0.86222,0.86246,0.86311,0.86246,0.86222,0.86246,0.86311,0.86246,0.86222,0.86246,0.86311,0.86246,0.86222,0.86246,0.86311,0.86246,0.86222,0.86246,0.86311,0.86246,0.86222,0.86246,0.86311,0.86246,0.86222,0.86246,0.86311,0.86246,0.86222,0.86246,0.86311,0.86246,0.86222,0.86246,0.86311,0.86246,0.86222,0.86246,0.86311,0.86246,0.86222,0.86246,0.86311,0.86246,0.86222,0.86246,0.86311,0.86246,0.86222,0.86246,0.86311,0.86246,0.86222,0.86246,0.86311,0.86246,0.86222,0.86246,0.86311,0.86246,0.86222,0.86246,0.86311,0.86246,0.86222,0.86246,0.86311,0.86246,0.86222,0.86246,0.86311,0.86246,0.86222,0.86246,0.86311,0.86246,0.86222,0.86246,0.86311,0.86246,0.86222,0.86246,0.86311,0.86246,0.86222,0.86343,0.86311,0.86043,0.86815,0.85688,0.86311,0.87465,0.83952,0.88546,0.86311,0.81457,0.97752,0.6738
0.77711,0.83697,0.72334,0.80276,0.77711,0.76351,0.79009,0.77025,0.77711,0.77974,0.77405,0.778,0.77711,0.77653,0.77631,0.77653,0.77711,0.77653,0.77631,0.77653,0.77711,0.77653,0.77631,0.77653,0.77711,0.77653,0.77631,0.77653,0.77711,0.77653,0.77631,0.77653,0.77711,0.77653,0.77631,0.77653,0.77711,0.77653,0.77631,0.77653,0.77711,0.77653,0.77631,0.77653,0.77711,0.77653,0.77631,0.77653,0.77711,0.77653,0.77631,0.77653,0.77711,0.77653,0.77631,0.77653,0.77711,0.77653,0.77631,0.77653,0.77711,0.77653,0.77631,0.77653,0.77711,0.77653,0.77631,0.77653,0.77711,0.77653,0.77631,0.77653,0.77711,0.77653,0.77631,0.77653,0.77711,0.77653,0.77631,0.77653,0.77711,0.77653,0.77631,0.77653,0.77711,0.77653,0.77631,0.77653,0.77711,0.77653,0.77631,0.77653,0.77711,0.77653,0.77631,0.77653,0.77711,0.77653,0.77631,0.77653,0.77711,0.77653,0.77631,0.77653,0.77711,0.77653,0.77631,0.77653,0.77711,0.77653,0.77631,0.77653,0.77711,0.77653,0.77631,0.77653,0.77711,0.77653,0.77631,0.77653,0.77711,0.77653,0.77631,0.77653,0.77711,0.77653,0.77631,0.77653,0.77711,0.77653,0.77631,0.77653,0.77711,0.77653,0.77631,0.77653,0.77711,0.77653,0.77631,0.77653,0.77711,0.77653,0.77631,0.77653,0.77711,0.77653,0.77631,0.77653,0.77711,0.77653,0.77631,0.77653,0.77711,0.77653,0.77631,0.77653,0.77711,0.77653,0.77631,0.77653,0.77711,0.77653,0.77631,0.77653,0.77711,0.77653,0.77631,0.77653,0.77711,0.77653,0.77631,0.77653,0.77711,0.77653,0.77631,0.77653,0.77711,0.77653,0.77631,0.77653,0.77711,0.77653,0.77631,0.77653,0.77711,0.77653,0.77631,0.77653,0.77711,0.77653,0.77631,0.77653,0.77711,0.77653,0.77631,0.77653,0.77711,0.77653,0.77631,0.77653,0.77711,0.77653,0.77631,0.77653,0.77711,0.77653,0.77631,0.77653,0.77711,0.77653,0.77631,0.77653,0.77711,0.77653,0.77631,0.77653,0.77711,0.77653,0.77631,0.77653,0.77711,0.77653,0.77631,0.77653,0.77711,0.77653,0.77631,0.77653,0.77711,0.77653,0.77631,0.77653,0.77711,0.77653,0.77631,0.77653,0.77711,0.77653,0.77631,0.77653,0.77711,0.77653,0.77631,0.77741,0.77711,0.7747,0.78165,0.7715,0.77711,0.78751,0.75588,0.79724,0.77711,0.73342,0.88013,0.60667
0.63986,0.6926,0.58857,0.66898,0.63986,0.54689,0.53087,0.53559,0.53472,0.53233,0.54281,0.55158,0.55039,0.54992,0.54988,0.54893,0.5413,0.53804,0.54555,0.53578,0.5413,0.58408,0.5984,0.59412,0.59473,0.58804,0.62641,0.67401,0.66434,0.6581,0.67273,0.65375,0.63103,0.63129,0.62689,0.63559,0.63103,0.57269,0.54497,0.56044,0.55621,0.55314,0.56009,0.56034,0.56116,0.56075,0.5607,0.56064,0.56378,0.5649,0.56013,0.56681,0.56378,0.52481,0.50356,0.51766,0.51302,0.50488,0.54266,0.58094,0.57352,0.56793,0.5821,0.56069,0.52287,0.51949,0.52443,0.5219,0.52287,0.51282,0.50442,0.51087,0.50884,0.50465,0.52114,0.5324,0.53143,0.53228,0.52656,0.53936,0.57336,0.5772,0.56809,0.57633,0.57336,0.5523,0.54387,0.54871,0.54755,0.54499,0.55515,0.56593,0.56411,0.56192,0.56722,0.55721,0.52947,0.52381,0.53665,0.5217,0.52947,0.596,0.62732,0.60891,0.61545,0.6214,0.59576,0.58118,0.58339,0.58193,0.58638,0.57598,0.54756,0.54323,0.55149,0.54382,0.54756,0.56434,0.56804,0.56794,0.56791,0.56414,0.58297,0.6046,0.60068,0.59812,0.60297,0.59701,0.58792,0.58624,0.58911,0.58586,0.58792,0.60006,0.60424,0.60277,0.60346,0.6017,0.61098,0.6261,0.62288,0.61899,0.62917,0.61215,0.57801,0.57436,0.58021,0.57638,0.57801,0.57739,0.57668,0.5764,0.57726,0.57837,0.57308,0.57794,0.57571,0.5692,0.58985,0.55044,0.45796,0.4466,0.46919,0.44946,0.45796,0.49748,0.50715,0.50517,0.50533,0.50056,0.52538,0.55247,0.54769,0.54577,0.54773,0.54914,0.56306,0.56536,0.55896,0.56585,0.56306,0.53708,0.52604,0.53195,0.5306,0.52862,0.53701,0.55105,0.54761,0.54191,0.55937,0.52652,0.44759,0.43685,0.45946,0.43731,0.44759,0.52248,0.55716,0.53593,0.54376,0.55378,0.5019,0.44678,0.45928,0.46872,0.43982,0.48543,0.56528,0.56881,0.56542,0.55989,0.56528,0.65395,0.70607,0.67164,0.68438,0.70046,0.6281,0.57595,0.58423,0.58281,0.59075,0.56821,0.50418,0.49619,0.51088,0.49979,0.50418,0.50666,0.49922,0.50714,0.50412,0.49535,0.53909,0.58591,0.57687,0.57122,0.58481,0.56517,0.52678,0.52106,0.53351,0.52041,0.52678,0.58576,0.62145,0.5945,0.6055,0.62323,0.55186,0.53715,0.53117,0.50394,0.59898,0.41602
0.75667,0.81495,0.70431,0.78164,0.75667,0.74343,0.76931,0.74999,0.75667,0.75923,0.75368,0.75754,0.75667,0.7561,0.75589,0.7561,0.75667,0.7561,0.75589,0.7561,0.75667,0.7561,0.75589,0.7561,0.75667,0.7561,0.75589,0.7561,0.75667,0.7561,0.75589,0.7561,0.75667,0.7561,0.75589,0.7561,0.75667,0.7561,0.75589,0.7561,0.75667,0.7561,0.75589,0.7561,0.75667,0.7561,0.75589,0.7561,0.75667,0.7561,0.75589,0.7561,0.75667,0.7561,0.75589,0.7561,0.75667,0.7561,0.75589,0.7561,0.75667,0.7561,0.75589,0.7561,0.75667,0.7561,0.75589,0.7561,0.75667,0.7561,0.75589,0.7561,0.75667,0.7561,0.75589,0.7561,0.75667,0.7561,0.75589,0.7561,0.75667,0.7561,0.75589,0.7561,0.75667,0.7561,0.75589,0.7561,0.75667,0.7561,0.75589,0.7561,0.75667,0.7561,0.75589,0.7561,0.75667,0.7561,0.75589,0.7561,0.75667,0.7561,0.75589,0.7561,0.75667,0.7561,0.75589,0.7561,0.75667,0.7561,0.75589,0.7561,0.75667,0.7561,0.75589,0.75662,0.75667,0.75502,0.75904,0.75314,0.75667,0.76258,0.74384,0.76831,0.75667,0.73068,0.81709,0.65596,0.29851,0.26265,0.32944,0.28283,0.29851,0.30596,0.29008,0.30199,0.29851,0.29639,0.29954,0.29742,0.29851,0.29829,0.29821,0.29829,0.29851,0.29829,0.29821,0.29829,0.29851,0.29829,0.29821,0.29829,0.29851,0.29829,0.29821,0.29829,0.29851,0.29829,0.29821,0.29829,0.29851,0.29829,0.29821,0.29829,0.29851,0.29829,0.29821,0.29829,0.29851,0.29829,0.29821,0.29829,0.29851,0.29829,0.29821,0.29829,0.29851,0.29829,0.29821,0.29829,0.29851,0.29829,0.29821,0.29829,0.29851,0.29829,0.29821,0.29829,0.29851,0.29829,0.29821,0.29829,0.29851,0.29829,0.29821,0.29829,0.29851,0.29829,0.29821,0.29829,0.29851,0.29829,0.29821,0.29829,0.29851,0.29829,0.29821,0.29829,0.29851,0.29829,0.29821,0.29829,0.29851,0.29829,0.29821,0.29829,0.29851,0.29829,0.29821,0.29829,0.29851,0.29829,0.29821,0.29829,0.29851,0.29829,0.29821,0.29829,0.29851,0.29829,0.29821,0.29829,0.29851,0.29829,0.29821,0.29829,0.29851,0.29829,0.29821,0.29829,0.29851,0.29829,0.29821,0.29863,0.29851,0.29759,0.30026,0.29636,0.29851,0.30251,0.29036,0.30624,0.29851,0.28173,0.33808,0.23304
0.13107,0.14117,0.122,0.1354,0.13107,0.12878,0.13326,0.12991,0.13107,0.13151,0.13055,0.13122,0.13107,0.13097,0.13094,0.13097,0.13107,0.13097,0.13094,0.13097,0.13107,0.13097,0.13094,0.13097,0.13107,0.13097,0.13094,0.13097,0.13107,0.13097,0.13094,0.13097,0.13107,0.13097,0.13094,0.13097,0.13107,0.13097,0.13094,0.13097,0.13107,0.13097,0.13094,0.13097,0.13107,0.13097,0.13094,0.13097,0.13107,0.13097,0.13094,0.13097,0.13107,0.13097,0.13094,0.13097,0.13107,0.13097,0.13094,0.13097,0.13107,0.13097,0.13094,0.13097,0.13107,0.13097,0.13094,0.13097,0.13107,0.13097,0.13094,0.13097,0.13107,0.13097,0.13094,0.13097,0.13107,0.13097,0.13094,0.13097,0.13107,0.13097,0.13094,0.13097,0.13107,0.13097,0.13094,0.13097,0.13107,0.13097,0.13094,0.13097,0.13107,0.13097,0.13094,0.13097,0.13107,0.13097,0.13094,0.13097,0.13107,0.13097,0.13094,0.13097,0.13107,0.13097,0.13094,0.13097,0.13107,0.13097,0.13094,0.13097,0.13107,0.13097,0.13094,0.1301,0.13107,0.13279,0.12563,0.13597,0.13107,0.12006,0.15124,0.11039,0.13107,0.17381,0.027773,0.29976,0.90331,0.96269,0.84973,0.92869,0.90331,0.88969,0.91607,0.89639,0.90331,0.90582,0.90012,0.90409,0.90331,0.90262,0.90237,0.90262,0.90331,0.90262,0.90237,0.90262,0.90331,0.90262,0.90237,0.90262,0.90331,0.90262,0.90237,0.90262,0.90331,0.90262,0.90237,0.90262,0.90331,0.90262,0.90237,0.90262,0.90331,0.90262,0.90237,0.90262,0.90331,0.90262,0.90237,0.90262,0.90331,0.90262,0.90237,0.90262,0.90331,0.90262,0.90237,0.90262,0.90331,0.90262,0.90237,0.90262,0.90331,0.90262,0.90237,0.90262,0.90331,0.90262,0.90237,0.90262,0.90331,0.90262,0.90237,0.90262,0.90331,0.90262,0.90237,0.90262,0.90331,0.90262,0.90237,0.90262,0.90331,0.90262,0.90237,0.90262,0.90331,0.90262,0.90237,0.90262,0.90331,0.90262,0.90237,0.90262,0.90331,0.90262,0.90237,0.90262,0.90331,0.90262,0.90237,0.90262,0.90331,0.90262,0.90237,0.90262,0.90331,0.90262,0.90237,0.90262,0.90331,0.90262,0.90237,0.90262,0.90331,0.90262,0.90237,0.90262,0.90331,0.90262,0.90237,0.90365,0.90331,0.9005,0.90858,0.89678,0.90331,0.91539,0.87862,0.9267,0.90331,0.85251,1.023,0.70518
0.8222,0.88553,0.7653,0.84933,0.8222,0.80781,0.83593,0.81494,0.8222,0.82498,0.81896,0.82314,0.8222,0.82158,0.82135,0.82158,0.8222,0.82158,0.82135,0.82158,0.8222,0.82158,0.82135,0.82158,0.8222,0.82158,0.82135,0.82158,0.8222,0.82158,0.82135,0.82158,0.8222,0.82158,0.82135,0.82158,0.8222,0.82158,0.82135,0.82158,0.8222,0.82158,0.82135,0.82158,0.8222,0.82158,0.82135,0.82158,0.8222,0.82158,0.82135,0.82158,0.8222,0.82158,0.82135,0.82158,0.8222,0.82158,0.82135,0.82158,0.8222,0.82158,0.82135,0.82158,0.8222,0.82158,0.82135,0.82158,0.8222,0.82158,0.82135,0.82158,0.8222,0.82158,0.82135,0.82158,0.8222,0.82158,0.82135,0.82158,0.8222,0.82158,0.82135,0.82158,0.8222,0.82158,0.82135,0.82158,0.8222,0.82158,0.82135,0.82158,0.8222,0.82158,0.82135,0.82158,0.8222,0.82158,0.82135,0.82158,0.8222,0.82158,0.82135,0.82158,0.8222,0.82158,0.82135,0.82158,0.8222,0.82158,0.82135,0.82158,0.8222,0.82158,0.82135,0.82158,0.8222,0.82158,0.82135,0.82158,0.8222,0.82158,0.82135,0.82158,0.8222,0.82158,0.82135,0.82158,0.8222,0.82158,0.82135,0.82158,0.8222,0.82158,0.82135,0.82158,0.8222,0.82158,0.82135,0.82158,0.8222,0.82158,0.82135,0.82158,0.8222,0.82158,0.82135,0.82158,0.8222,0.82158,0.82135,0.82158,0.8222,0.82158,0.82135,0.82158,0.8222,0.82158,0.82135,0.82158,0.8222,0.82158,0.82135,0.82158,0.8222,0.82158,0.82135,0.82158,0.8222,0.82158,0.82135,0.82158,0.8222,0.82158,0.82135,0.82158,0.8222,0.82158,0.82135,0.82158,0.8222,0.82158,0.82135,0.82158,0.8222,0.82158,0.82135,0.82158,0.8222,0.82158,0.82135,0.82158,0.8222,0.82158,0.82135,0.82158,0.8222,0.82158,0.82135,0.82158,0.8222,0.82158,0.82135,0.82158,0.8222,0.82158,0.82135,0.82158,0.8222,0.82158,0.82135,0.82158,0.8222,0.82158,0.82135,0.82158,0.8222,0.82158,0.82135,0.82158,0.8222,0.82158,0.82135,0.82158,0.8222,0.82158,0.82135,0.82158,0.8222,0.82158,0.82135,0.82158,0.8222,0.82158,0.82135,0.82158,0.8222,0.82158,0.82135,0.82158,0.8222,0.82158,0.82135,0.82251,0.8222,0.81965,0.827,0.81627,0.8222,0.8332,0.79973,0.84349,0.8222,0.77597,0.93119,0.64187
0.80595,0.86803,0.75018,0.83254,0.80595,0.79185,0.81941,0.79884,0.80595,0.80867,0.80277,0.80687,0.80595,0.80534,0.80512,0.80534,0.80595,0.80534,0.80512,0.80534,0.80595,0.80534,0.80512,0.80534,0.80595,0.80534,0.80512,0.80534,0.80595,0.80534,0.80512,0.80534,0.80595,0.80534,0.80512,0.80534,0.80595,0.80534,0.80512,0.80534,0.80595,0.80534,0.80512,0.80534,0.80595,0.80534,0.80512,0.80534,0.80595,0.80534,0.80512,0.80534,0.80595,0.80534,0.80512,0.80534,0.80595,0.80534,0.80512,0.80534,0.80595,0.80534,0.80512,0.80534,0.80595,0.80534,0.80512,0.80534,0.80595,0.80534,0.80512,0.80534,0.80595,0.80534,0.80512,0.80534,0.80595,0.80534,0.80512,0.80534,0.80595,0.80534,0.80512,0.80534,0.80595,0.80534,0.80512,0.80534,0.80595,0.80534,0.80512,0.80534,0.80595,0.80534,0.80512,0.80534,0.80595,0.80534,0.80512,0.80534,0.80595,0.80534,0.80512,0.80534,0.80595,0.80534,0.80512,0.80534,0.80595,0.80534,0.80512,0.80534,0.80595,0.80534,0.80512,0.8057,0.80595,0.8046,0.8073,0.80329,0.80595,0.80984,0.79676,0.81382,0.80595,0.7877,0.8476,0.73584,0.48797,0.46287,0.50914,0.47687,0.48797,0.49293,0.48183,0.49017,0.48797,0.48629,0.4884,0.487,0.48797,0.48761,0.48747,0.48761,0.48797,0.48761,0.48747,0.48761,0.48797,0.48761,0.48747,0.48761,0.48797,0.48761,0.48747,0.48761,0.48797,0.48761,0.48747,0.48761,0.48797,0.48761,0.48747,0.48761,0.48797,0.48761,0.48747,0.48761,0.48797,0.48761,0.48747,0.48761,0.48797,0.48761,0.48747,0.48761,0.48797,0.48761,0.48747,0.48761,0.48797,0.48761,0.48747,0.48761,0.48797,0.48761,0.48747,0.48761,0.48797,0.48761,0.48747,0.48761,0.48797,0.48761,0.48747,0.48761,0.48797,0.48761,0.48747,0.48761,0.48797,0.48761,0.48747,0.48761,0.48797,0.48761,0.48747,0.48761,0.48797,0.48761,0.48747,0.48761,0.48797,0.48761,0.48747,0.48761,0.48797,0.48761,0.48747,0.48761,0.48797,0.48761,0.48747,0.48761,0.48797,0.48761,0.48747,0.48761,0.48797,0.48761,0.48747,0.48761,0.48797,0.48761,0.48747,0.48761,0.48797,0.48761,0.48747,0.48761,0.48797,0.48761,0.48747,0.48816,0.48797,0.48646,0.49082,0.48445,0.48797,0.4945,0.47464,0.50061,0.48797,0.46053,0.55266,0.38095
0.84476,0.90982,0.7863,0.87263,0.84476,0.82997,0.85886,0.8373,0.84476,0.84761,0.84142,0.84573,0.84476,0.84412,0.84388,0.84412,0.84476,0.84412,0.84388,0.84412,0.84476,0.84412,0.84388,0.84412,0.84476,0.84412,0.84388,0.84412,0.84476,0.84412,0.84388,0.84412,0.84476,0.84412,0.84388,0.84412,0.84476,0.84412,0.84388,0.84412,0.84476,0.84412,0.84388,0.84412,0.84476,0.84412,0.84388,0.84412,0.84476,0.84412,0.84388,0.84412,0.84476,0.84412,0.84388,0.84412,0.84476,0.84412,0.84388,0.84412,0.84476,0.84412,0.84388,0.84412,0.84476,0.84412,0.84388,0.84412,0.84476,0.84412,0.84388,0.84412,0.84476,0.84412,0.84388,0.84412,0.84476,0.84412,0.84388,0.84412,0.84476,0.84412,0.84388,0.84412,0.84476,0.84412,0.84388,0.84412,0.84476,0.84412,0.84388,0.84412,0.84476,0.84412,0.84388,0.84412,0.84476,0.84412,0.84388,0.84412,0.84476,0.84412,0.84388,0.84412,0.84476,0.84412,0.84388,0.84412,0.84476,0.84412,0.84388,0.84412,0.84476,0.84412,0.84388,0.84428,0.84476,0.84379,0.84485,0.84322,0.84476,0.8461,0.8402,0.84785,0.84476,0.83635,0.86258,0.81352,0.70478,0.69336,0.71359,0.69952,0.70478,0.70659,0.70156,0.70537,0.70478,0.70367,0.70445,0.70398,0.70478,0.70424,0.70405,0.70424,0.70478,0.70424,0.70405,0.70424,0.70478,0.70424,0.70405,0.70424,0.70478,0.70424,0.70405,0.70424,0.70478,0.70424,0.70405,0.70424,0.70478,0.70424,0.70405,0.70424,0.70478,0.70424,0.70405,0.70424,0.70478,0.70424,0.70405,0.70424,0.70478,0.70424,0.70405,0.70424,0.70478,0.70424,0.70405,0.70424,0.70478,0.70424,0.70405,0.70424,0.70478,0.70424,0.70405,0.70424,0.70478,0.70424,0.70405,0.70424,0.70478,0.70424,0.70405,0.70424,0.70478,0.70424,0.70405,0.70424,0.70478,0.70424,0.70405,0.70424,0.70478,0.70424,0.70405,0.70424,0.70478,0.70424,0.70405,0.70424,0.70478,0.70424,0.70405,0.70424,0.70478,0.70424,0.70405,0.70424,0.70478,0.70424,0.70405,0.70424,0.70478,0.70424,0.70405,0.70424,0.70478,0.70424,0.70405,0.70424,0.70478,0.70424,0.70405,0.70424,0.70478,0.70424,0.70405,0.70424,0.70478,0.70424,0.70405,0.70504,0.70478,0.70259,0.70889,0.69969,0.70478,0.7142,0.68552,0.72303,0.70478,0.66515,0.7982,0.5502
0.86211,0.92851,0.80245,0.89055,0.86211,0.84702,0.8765,0.85449,0.86211,0.86502,0.8587,0.86309,0.86211,0.86145,0.86121,0.86145,0.86211,0.86145,0.86121,0.86145,0.86211,0.86145,0.86121,0.86145,0.86211,0.86145,0.86121,0.86145,0.86211,0.86145,0.86121,0.86145,0.86211,0.86145,0.86121,0.86145,0.86211,0.86145,0.86121,0.86145,0.86211,0.86145,0.86121,0.86145,0.86211,0.86145,0.86121,0.86145,0.86211,0.86145,0.86121,0.86145,0.86211,0.86145,0.86121,0.86145,0.86211,0.86145,0.86121,0.86145,0.86211,0.86145,0.86121,0.86145,0.86211,0.86145,0.86121,0.86145,0.86211,0.86145,0.86121,0.86145,0.86211,0.86145,0.86121,0.86145,0.86211,0.86145,0.86121,0.86145,0.86211,0.86145,0.86121,0.86145,0.86211,0.86145,0.86121,0.86145,0.86211,0.86145,0.86121,0.86145,0.86211,0.86145,0.86121,0.86145,0.86211,0.86145,0.86121,0.86145,0.86211,0.86145,0.86121,0.86145,0.86211,0.86145,0.86121,0.86145,0.86211,0.86145,0.86121,0.86145,0.86211,0.86145,0.86121,0.86145,0.86211,0.86145,0.86121,0.86145,0.86211,0.86145,0.86121,0.86145,0.86211,0.86145,0.86121,0.86145,0.86211,0.86145,0.86121,0.86145,0.86211,0.86145,0.86121,0.86145,0.86211,0.86145,0.86121,0.86145,0.86211,0.86145,0.86121,0.86145,0.86211,0.86145,0.86121,0.86145,0.86211,0.86145,0.86121,0.86145,0.86211,0.86145,0.86121,0.86145,0.86211,0.86145,0.86121,0.86145,0.86211,0.86145,0.86121,0.86145,0.86211,0.86145,0.86121,0.86145,0.86211,0.86145,0.86121,0.86145,0.86211,0.86145,0.86121,0.86145,0.86211,0.86145,0.86121,0.86145,0.86211,0.86145,0.86121,0.86145,0.86211,0.86145,0.86121,0.86145,0.86211,0.86145,0.86121,0.86145,0.86211,0.86145,0.86121,0.86145,0.86211,0.86145,0.86121,0.86145,0.86211,0.86145,0.86121,0.86145,0.86211,0.86145,0.86121,0.86145,0.86211,0.86145,0.86121,0.86145,0.86211,0.86145,0.86121,0.86145,0.86211,0.86145,0.86121,0.86145,0.86211,0.86145,0.86121,0.86145,0.86211,0.86145,0.86121,0.86145,0.86211,0.86145,0.86121,0.86145,0.86211,0.86145,0.86121,0.86145,0.86211,0.86145,0.86121,0.86145,0.86211,0.86145,0.86121,0.86243,0.86211,0.85943,0.86714,0.85588,0.86211,0.87364,0.83855,0.88443,0.86211,0.81363,0.97638,0.67302
0.5637,0.60549,0.52798,0.5785,0.5637,0.59164,0.62753,0.60458,0.612,0.61467,0.60933,0.61211,0.61177,0.61297,0.60667,0.61977,0.65551,0.6605,0.64777,0.66115,0.65551,0.60943,0.59216,0.60003,0.59863,0.59938,0.58912,0.57567,0.57884,0.57889,0.57871,0.57565,0.56064,0.55705,0.56442,0.5562,0.56064,0.58956,0.5985,0.5962,0.59659,0.59158,0.61789,0.64737,0.64212,0.63971,0.64322,0.64076,0.63953,0.63803,0.64137,0.63603,0.63953,0.67497,0.69428,0.68175,0.68675,0.69266,0.66364,0.64134,0.64548,0.64526,0.64612,0.64124,0.6248,0.62217,0.62622,0.62312,0.6248,0.62297,0.61736,0.62329,0.62118,0.61475,0.64463,0.67277,0.66813,0.66641,0.6673,0.67189,0.70327,0.7109,0.68971,0.71549,0.70327,0.58675,0.53428,0.56352,0.55498,0.54817,0.56733,0.56834,0.5704,0.57326,0.56223,0.58201,0.62666,0.63113,0.62087,0.62942,0.62666,0.61174,0.60648,0.60975,0.60907,0.6069,0.61288,0.61239,0.61407,0.61698,0.60519,0.62718,0.67646,0.68087,0.67141,0.6781,0.67646,0.67563,0.67863,0.67619,0.67767,0.67868,0.67102,0.66303,0.66529,0.6662,0.66188,0.66897,0.68535,0.68715,0.68158,0.68751,0.68535,0.66344,0.65419,0.65923,0.65827,0.65672,0.65975,0.66027,0.661,0.66097,0.65938,0.66133,0.66091,0.65873,0.66359,0.65668,0.66091,0.69961,0.71872,0.70729,0.71164,0.71477,0.70322,0.70646,0.70439,0.69812,0.71753,0.68097,0.59772,0.58817,0.60605,0.59168,0.59772,0.61864,0.62329,0.62199,0.62276,0.62254,0.61875,0.60787,0.61182,0.61659,0.59867,0.63289,0.7182,0.72951,0.70281,0.72978,0.7182,0.62404,0.5817,0.60678,0.59894,0.58884,0.63126,0.66659,0.66049,0.65659,0.66511,0.65483,0.65122,0.65484,0.64187,0.66061,0.65122,0.54878,0.49984,0.52823,0.51963,0.5115,0.53836,0.54768,0.54813,0.55055,0.54006,0.56062,0.61112,0.61685,0.60361,0.61553,0.61112,0.58072,0.56737,0.57594,0.57332,0.56825,0.58858,0.60261,0.60125,0.60213,0.596,0.60958,0.64487,0.64852,0.63995,0.64736,0.64487,0.62925,0.62399,0.62654,0.62628,0.62457,0.635,0.65913,0.65258,0.6425,0.67368,0.61684,0.48904,0.4742,0.5035,0.47927,0.48904,0.53656,0.55674,0.54267,0.54852,0.55651,0.53364,0.56613,0.55104,0.51956,0.62459,0.42999
0.23854,0.25692,0.22203,0.24641,0.23854,0.23437,0.24253,0.23644,0.23854,0.23935,0.2376,0.23882,0.23854,0.23836,0.2383,0.23836,0.23854,0.23836,0.2383,0.23836,0.23854,0.23836,0.2383,0.23836,0.23854,0.23836,0.2383,0.23836,0.23854,0.23836,0.2383,0.23836,0.23854,0.23836,0.2383,0.23836,0.23854,0.23836,0.2383,0.23836,0.23854,0.23836,0.2383,0.23836,0.23854,0.23836,0.2383,0.23836,0.23854,0.23836,0.2383,0.23836,0.23854,0.23836,0.2383,0.23836,0.23854,0.23836,0.2383,0.23836,0.23854,0.23836,0.2383,0.23836,0.23854,0.23836,0.2383,0.23836,0.23854,0.23836,0.2383,0.23836,0.23854,0.23836,0.2383,0.23836,0.23854,0.23836,0.2383,0.23836,0.23854,0.23836,0.2383,0.23836,0.23854,0.23836,0.2383,0.23836,0.23854,0.23836,0.2383,0.23836,0.23854,0.23836,0.2383,0.23836,0.23854,0.23836,0.2383,0.23836,0.23854,0.23836,0.2383,0.23836,0.23854,0.23836,0.2383,0.23836,0.23854,0.23836,0.2383,0.23836,0.23854,0.23836,0.2383,0.23766,0.23854,0.23983,0.23401,0.2424,0.23854,0.22954,0.2547,0.22174,0.23854,0.27297,0.15495,0.37473,0.86245,0.91033,0.81903,0.88286,0.86245,0.85135,0.87262,0.85676,0.86245,0.86438,0.85974,0.86299,0.86245,0.8618,0.86156,0.8618,0.86245,0.8618,0.86156,0.8618,0.86245,0.8618,0.86156,0.8618,0.86245,0.8618,0.86156,0.8618,0.86245,0.8618,0.86156,0.8618,0.86245,0.8618,0.86156,0.8618,0.86245,0.8618,0.86156,0.8618,0.86245,0.8618,0.86156,0.8618,0.86245,0.8618,0.86156,0.8618,0.86245,0.8618,0.86156,0.8618,0.86245,0.8618,0.86156,0.8618,0.86245,0.8618,0.86156,0.8618,0.86245,0.8618,0.86156,0.8618,0.86245,0.8618,0.86156,0.8618,0.86245,0.8618,0.86156,0.8618,0.86245,0.8618,0.86156,0.8618,0.86245,0.8618,0.86156,0.8618,0.86245,0.8618,0.86156,0.8618,0.86245,0.8618,0.86156,0.8618,0.86245,0.8618,0.86156,0.8618,0.86245,0.8618,0.86156,0.8618,0.86245,0.8618,0.86156,0.8618,0.86245,0.8618,0.86156,0.8618,0.86245,0.8618,0.86156,0.8618,0.86245,0.8618,0.86156,0.8618,0.86245,0.8618,0.86156,0.86278,0.86245,0.85978,0.86749,0.85623,0.86245,0.87399,0.83889,0.88479,0.86245,0.81396,0.97678,0.67329
0.79907,0.86062,0.74378,0.82544,0.79907,0.78509,0.81241,0.79202,0.79907,0.80177,0.79592,0.79999,0.79907,0.79847,0.79824,0.79847,0.79907,0.79847,0.79824,0.79847,0.79907,0.79847,0.79824,0.79847,0.79907,0.79847,0.79824,0.79847,0.79907,0.79847,0.79824,0.79847,0.79907,0.79847,0.79824,0.79847,0.79907,0.79847,0.79824,0.79847,0.79907,0.79847,0.79824,0.79847,0.79907,0.79847,0.79824,0.79847,0.79907,0.79847,0.79824,0.79847,0.79907,0.79847,0.79824,0.79847,0.79907,0.79847,0.79824,0.79847,0.79907,0.79847,0.79824,0.79847,0.79907,0.79847,0.79824,0.79847,0.79907,0.79847,0.79824,0.79847,0.79907,0.79847,0.79824,0.79847,0.79907,0.79847,0.79824,0.79847,0.79907,0.79847,0.79824,0.79847,0.79907,0.79847,0.79824,0.79847,0.79907,0.79847,0.79824,0.79847,0.79907,0.79847,0.79824,0.79847,0.79907,0.79847,0.79824,0.79847,0.79907,0.79847,0.79824,0.79847,0.79907,0.79847,0.79824,0.79847,0.79907,0.79847,0.79824,0.79847,0.79907,0.79847,0.79824,0.79847,0.79907,0.79847,0.79824,0.79847,0.79907,0.79847,0.79824,0.79847,0.79907,0.79847,0.79824,0.79847,0.79907,0.79847,0.79824,0.79847,0.79907,0.79847,0.79824,0.79847,0.79907,0.79847,0.79824,0.79847,0.79907,0.79847,0.79824,0.79847,0.79907,0.79847,0.79824,0.79847,0.79907,0.79847,0.79824,0.79847,0.79907,0.79847,0.79824,0.79847,0.79907,0.79847,0.79824,0.79847,0.79907,0.79847,0.79824,0.79847,0.79907,0.79847,0.79824,0.79847,0.79907,0.79847,0.79824,0.79847,0.79907,0.79847,0.79824,0.79847,0.79907,0.79847,0.79824,0.79847,0.79907,0.79847,0.79824,0.79847,0.79907,0.79847,0.79824,0.79847,0.79907,0.79847,0.79824,0.79847,0.79907,0.79847,0.79824,0.79847,0.79907,0.79847,0.79824,0.79847,0.79907,0.79847,0.79824,0.79847,0.79907,0.79847,0.79824,0.79847,0.79907,0.79847,0.79824,0.79847,0.79907,0.79847,0.79824,0.79847,0.79907,0.79847,0.79824,0.79847,0.79907,0.79847,0.79824,0.79847,0.79907,0.79847,0.79824,0.79847,0.79907,0.79847,0.79824,0.79847,0.79907,0.79847,0.79824,0.79847,0.79907,0.79847,0.79824,0.79847,0.79907,0.79847,0.79824,0.79937,0.79907,0.79659,0.80373,0.7933,0.79907,0.80976,0.77724,0.81976,0.79907,0.75414,0.90499,0.62381
0.63076,0.67934,0.58711,0.65157,0.63076,0.61972,0.64129,0.62519,0.63076,0.63289,0.62827,0.63148,0.63076,0.63028,0.6301,0.63028,0.63076,0.63028,0.6301,0.63028,0.63076,0.63028,0.6301,0.63028,0.63076,0.63028,0.6301,0.63028,0.63076,0.63028,0.6301,0.63028,0.63076,0.63028,0.6301,0.63028,0.63076,0.63028,0.6301,0.63028,0.63076,0.63028,0.6301,0.63028,0.63076,0.63028,0.6301,0.63028,0.63076,0.63028,0.6301,0.63028,0.63076,0.63028,0.6301,0.63028,0.63076,0.63028,0.6301,0.63028,0.63076,0.63028,0.6301,0.63028,0.63076,0.63028,0.6301,0.63028,0.63076,0.63028,0.6301,0.63028,0.63076,0.63028,0.6301,0.63028,0.63076,0.63028,0.6301,0.63028,0.63076,0.63028,0.6301,0.63028,0.63076,0.63028,0.6301,0.63028,0.63076,0.63028,0.6301,0.63028,0.63076,0.63028,0.6301,0.63028,0.63076,0.63028,0.6301,0.63028,0.63076,0.63028,0.6301,0.63028,0.63076,0.63028,0.6301,0.63028,0.63076,0.63028,0.6301,0.63028,0.63076,0.63028,0.6301,0.63004,0.63076,0.63079,0.62862,0.63168,0.63076,0.62723,0.63578,0.62452,0.63076,0.64227,0.60123,0.67751,0.84686,0.86302,0.83125,0.85351,0.84686,0.8426,0.84981,0.84447,0.84686,0.84711,0.84535,0.84663,0.84686,0.84622,0.84598,0.84622,0.84686,0.84622,0.84598,0.84622,0.84686,0.84622,0.84598,0.84622,0.84686,0.84622,0.84598,0.84622,0.84686,0.84622,0.84598,0.84622,0.84686,0.84622,0.84598,0.84622,0.84686,0.84622,0.84598,0.84622,0.84686,0.84622,0.84598,0.84622,0.84686,0.84622,0.84598,0.84622,0.84686,0.84622,0.84598,0.84622,0.84686,0.84622,0.84598,0.84622,0.84686,0.84622,0.84598,0.84622,0.84686,0.84622,0.84598,0.84622,0.84686,0.84622,0.84598,0.84622,0.84686,0.84622,0.84598,0.84622,0.84686,0.84622,0.84598,0.84622,0.84686,0.84622,0.84598,0.84622,0.84686,0.84622,0.84598,0.84622,0.84686,0.84622,0.84598,0.84622,0.84686,0.84622,0.84598,0.84622,0.84686,0.84622,0.84598,0.84622,0.84686,0.84622,0.84598,0.84622,0.84686,0.84622,0.84598,0.84622,0.84686,0.84622,0.84598,0.84622,0.84686,0.84622,0.84598,0.84622,0.84686,0.84622,0.84598,0.84717,0.84686,0.84423,0.8518,0.84074,0.84686,0.85818,0.82371,0.86878,0.84686,0.79924,0.95911,0.66111
0.20305,0.21869,0.189,0.20975,0.20305,0.19949,0.20644,0.20126,0.20305,0.20373,0.20225,0.20328,0.20305,0.20289,0.20284,0.20289,0.20305,0.20289,0.20284,0.20289,0.20305,0.20289,0.20284,0.20289,0.20305,0.20289,0.20284,0.20289,0.20305,0.20289,0.20284,0.20289,0.20305,0.20289,0.20284,0.20289,0.20305,0.20289,0.20284,0.20289,0.20305,0.20289,0.20284,0.20289,0.20305,0.20289,0.20284,0.20289,0.20305,0.20289,0.20284,0.20222,0.20305,0.2043,0.19872,0.20677,0.20305,0.19442,0.21861,0.18691,0.20305,0.23617,0.12271,0.334,0.80287,0.84892,0.76116,0.82251,0.80287,0.79222,0.81268,0.79743,0.80287,0.80475,0.8003,0.80341,0.80287,0.80227,0.80204,0.80227,0.80287,0.80227,0.80204,0.80227,0.80287,0.80227,0.80204,0.80227,0.80287,0.80227,0.80204,0.80227,0.80287,0.80227,0.80204,0.80227,0.80287,0.80227,0.80204,0.80227,0.80287,0.80227,0.80204,0.80227,0.80287,0.80227,0.80204,0.80227,0.80287,0.80227,0.80204,0.80227,0.80287,0.80227,0.80204,0.80275,0.80287,0.80128,0.80495,0.79954,0.80287,0.80824,0.79094,0.81352,0.80287,0.77884,0.85847,0.70995,0.38053,0.34739,0.40892,0.36599,0.38053,0.38731,0.37265,0.38365,0.38053,0.3785,0.38137,0.37944,0.38053,0.38024,0.38014,0.38024,0.38053,0.38024,0.38014,0.38024,0.38053,0.38024,0.38014,0.38024,0.38053,0.38024,0.38014,0.38024,0.38053,0.38024,0.38014,0.38024,0.38053,0.38024,0.38014,0.38024,0.38053,0.38024,0.38014,0.38024,0.38053,0.38024,0.38014,0.38024,0.38053,0.38024,0.38014,0.38024,0.38053,0.38024,0.38014,0.38029,0.38053,0.38014,0.38043,0.37996,0.38053,0.38085,0.379,0.38139,0.38053,0.37784,0.38591,0.37079,0.33728,0.33366,0.33988,0.33556,0.33728,0.33775,0.33616,0.33737,0.33728,0.33684,0.33706,0.33694,0.33728,0.33702,0.33693,0.33702,0.33728,0.33702,0.33693,0.33702,0.33728,0.33702,0.33693,0.33702,0.33728,0.33702,0.33693,0.33702,0.33728,0.33702,0.33693,0.33702,0.33728,0.33702,0.33693,0.33702,0.33728,0.33702,0.33693,0.33702,0.33728,0.33702,0.33693,0.33702,0.33728,0.33702,0.33693,0.33702,0.33728,0.33702,0.33693,0.3374,0.33728,0.33623,0.33925,0.33484,0.33728,0.34179,0.32806,0.34601,0.33728,0.31831,0.38199,0.2633
0.72155,0.77713,0.67162,0.74536,0.72155,0.70892,0.7336,0.71518,0.72155,0.72399,0.7187,0.72238,0.72155,0.72101,0.72081,0.72101,0.72155,0.72101,0.72081,0.72101,0.72155,0.72101,0.72081,0.72101,0.72155,0.72101,0.72081,0.72101,0.72155,0.72101,0.72081,0.72101,0.72155,0.72101,0.72081,0.72101,0.72155,0.72101,0.72081,0.72101,0.72155,0.72101,0.72081,0.72101,0.72155,0.72101,0.72081,0.72101,0.72155,0.72101,0.72081,0.72101,0.72155,0.72101,0.72081,0.72101,0.72155,0.72101,0.72081,0.72101,0.72155,0.72101,0.72081,0.72101,0.72155,0.72101,0.72081,0.72101,0.72155,0.72101,0.72081,0.72101,0.72155,0.72101,0.72081,0.72101,0.72155,0.72101,0.72081,0.72101,0.72155,0.72101,0.72081,0.72101,0.72155,0.72101,0.72081,0.72101,0.72155,0.72101,0.72081,0.72101,0.72155,0.72101,0.72081,0.72101,0.72155,0.72101,0.72081,0.72101,0.72155,0.72101,0.72081,0.72101,0.72155,0.72101,0.72081,0.72101,0.72155,0.72101,0.72081,0.72101,0.72155,0.72101,0.72081,0.72088,0.72155,0.72127,0.72005,0.72172,0.72155,0.71946,0.72369,0.71808,0.72155,0.7271,0.70613,0.74502,0.83139,0.8393,0.82304,0.83447,0.83139,0.82892,0.83248,0.82987,0.83139,0.83121,0.83021,0.83097,0.83139,0.83076,0.83053,0.83076,0.83139,0.83076,0.83053,0.83076,0.83139,0.83076,0.83053,0.83076,0.83139,0.83076,0.83053,0.83076,0.83139,0.83076,0.83053,0.83076,0.83139,0.83076,0.83053,0.83076,0.83139,0.83076,0.83053,0.83076,0.83139,0.83076,0.83053,0.83076,0.83139,0.83076,0.83053,0.83076,0.83139,0.83076,0.83053,0.83076,0.83139,0.83076,0.83053,0.83076,0.83139,0.83076,0.83053,0.83076,0.83139,0.83076,0.83053,0.83076,0.83139,0.83076,0.83053,0.83076,0.83139,0.83076,0.83053,0.83076,0.83139,0.83076,0.83053,0.83076,0.83139,0.83076,0.83053,0.83076,0.83139,0.83076,0.83053,0.83076,0.83139,0.83076,0.83053,0.83076,0.83139,0.83076,0.83053,0.83076,0.83139,0.83076,0.83053,0.83076,0.83139,0.83076,0.83053,0.83076,0.83139,0.83076,0.83053,0.83076,0.83139,0.83076,0.83053,0.83076,0.83139,0.83076,0.83053,0.83076,0.83139,0.83076,0.83053,0.8317,0.83139,0.82881,0.83624,0.82539,0.83139,0.84251,0.80867,0.85292,0.83139,0.78464,0.94159,0.64904
0.90715,0.97702,0.84437,0.93708,0.90715,0.89127,0.92229,0.89914,0.90715,0.91021,0.90357,0.90819,0.90715,0.90646,0.90621,0.90646,0.90715,0.90646,0.90621,0.90646,0.90715,0.90646,0.90621,0.90646,0.90715,0.90646,0.90621,0.90646,0.90715,0.90646,0.90621,0.90646,0.90715,0.90646,0.90621,0.90646,0.90715,0.90646,0.90621,0.90646,0.90715,0.90646,0.90621,0.90646,0.90715,0.90646,0.90621,0.90646,0.90715,0.90646,0.90621,0.90646,0.90715,0.90646,0.90621,0.90646,0.90715,0.90646,0.90621,0.90646,0.90715,0.90646,0.90621,0.90646,0.90715,0.90646,0.90621,0.90646,0.90715,0.90646,0.90621,0.90646,0.90715,0.90646,0.90621,0.90646,0.90715,0.90646,0.90621,0.90646,0.90715,0.90646,0.90621,0.90646,0.90715,0.90646,0.90621,0.90646,0.90715,0.90646,0.90621,0.90646,0.90715,0.90646,0.90621,0.90646,0.90715,0.90646,0.90621,0.90646,0.90715,0.90646,0.90621,0.90646,0.90715,0.90646,0.90621,0.90646,0.90715,0.90646,0.90621,0.90646,0.90715,0.90646,0.90621,0.90737,0.90715,0.90458,0.91171,0.90129,0.90715,0.91777,0.88516,0.92779,0.90715,0.86205,1.0131,0.7315,0.10667,0.044326,0.16112,0.07957,0.10667,0.11999,0.092362,0.11305,0.10667,0.10328,0.10889,0.10507,0.10667,0.10659,0.10656,0.10659,0.10667,0.10659,0.10656,0.10659,0.10667,0.10659,0.10656,0.10659,0.10667,0.10659,0.10656,0.10659,0.10667,0.10659,0.10656,0.10659,0.10667,0.10659,0.10656,0.10659,0.10667,0.10659,0.10656,0.10659,0.10667,0.10659,0.10656,0.10659,0.10667,0.10659,0.10656,0.10659,0.10667,0.10659,0.10656,0.10659,0.10667,0.10659,0.10656,0.10659,0.10667,0.10659,0.10656,0.10659,0.10667,0.10659,0.10656,0.10659,0.10667,0.10659,0.10656,0.10659,0.10667,0.10659,0.10656,0.10659,0.10667,0.10659,0.10656,0.10659,0.10667,0.10659,0.10656,0.10659,0.10667,0.10659,0.10656,0.10659,0.10667,0.10659,0.10656,0.10659,0.10667,0.10659,0.10656,0.10659,0.10667,0.10659,0.10656,0.10659,0.10667,0.10659,0.10656,0.10659,0.10667,0.10659,0.10656,0.10659,0.10667,0.10659,0.10656,0.10659,0.10667,0.10659,0.10656,0.10659,0.10667,0.10659,0.10656,0.10671,0.10667,0.10634,0.10729,0.1059,0.10667,0.10809,0.10375,0.10943,0.10667,0.10067,0.12081,0.083272
0.53266,0.57369,0.4958,0.55024,0.53266,0.52334,0.54156,0.52796,0.53266,0.53441,0.53065,0.53315,0.53266,0.5325,0.53158,0.53277,0.53266,0.53124,0.53417,0.52991,0.53266,0.55582,0.56629,0.56074,0.56284,0.56322,0.56146,0.56284,0.56284,0.56222,0.56246,0.56235,0.56284,0.56243,0.56229,0.56238,0.56284,0.56248,0.56212,0.56255,0.56284,0.56204,0.56386,0.56601,0.56605,0.56549,0.56561,0.56556,0.56605,0.56566,0.56544,0.56559,0.56605,0.56574,0.56514,0.56595,0.56605,0.56493,0.56677,0.56431,0.56605,0.56837,0.55887,0.57642,0.61545,0.61883,0.61145,0.61666,0.61545,0.61416,0.61569,0.61459,0.61545,0.61516,0.61472,0.61501,0.61545,0.61512,0.61452,0.61527,0.61545,0.61442,0.61597,0.61368,0.61545,0.62816,0.63392,0.63091,0.63232,0.63229,0.63122,0.63208,0.63232,0.63173,0.63177,0.63182,0.63232,0.63182,0.63174,0.63176,0.63232,0.63199,0.63136,0.63215,0.63232,0.63099,0.63526,0.63987,0.63951,0.63872,0.63915,0.63887,0.63951,0.6391,0.63877,0.63914,0.63951,0.63884,0.63934,0.63857,0.63951,0.64002,0.63699,0.6409,0.63951,0.63512,0.64824,0.62364,0.56914,0.56324,0.57335,0.56633,0.56914,0.56989,0.5673,0.56928,0.56914,0.56846,0.5687,0.56866,0.56914,0.56855,0.5689,0.56838,0.56914,0.56937,0.56721,0.57024,0.56914,0.55333,0.54624,0.55011,0.54944,0.5485,0.54939,0.54874,0.54944,0.54915,0.54867,0.54912,0.54944,0.54884,0.54916,0.5487,0.54944,0.54962,0.54764,0.55025,0.54944,0.54559,0.56333,0.58139,0.5784,0.57674,0.57903,0.57736,0.5784,0.57828,0.5775,0.57795,0.5784,0.57828,0.57677,0.57898,0.5784,0.57572,0.58196,0.57374,0.5784,0.58674,0.55665,0.61257,0.73672,0.74848,0.72517,0.74151,0.73672,0.73352,0.73877,0.73489,0.73672,0.73684,0.73547,0.73651,0.73672,0.73609,0.73613,0.73601,0.73672,0.73648,0.73534,0.73688,0.73672,0.729,0.72556,0.7275,0.72754,0.72674,0.72703,0.72686,0.72754,0.72705,0.72674,0.72699,0.72754,0.72702,0.7267,0.72708,0.72754,0.72682,0.72712,0.72665,0.72754,0.72794,0.72277,0.71801,0.71951,0.7193,0.71842,0.71913,0.71951,0.71887,0.71884,0.71973,0.71951,0.71729,0.72369,0.71431,0.71951,0.72913,0.69985,0.73814,0.71951,0.67905,0.81488,0.5617
0.69771,0.75145,0.64942,0.72073,0.69771,0.6855,0.70936,0.69155,0.69771,0.70006,0.69495,0.69851,0.69771,0.69718,0.69698,0.69718,0.69771,0.69718,0.69698,0.69718,0.69771,0.69718,0.69698,0.69718,0.69771,0.69718,0.69698,0.69718,0.69771,0.69718,0.69698,0.69718,0.69771,0.69718,0.69698,0.69718,0.69771,0.69718,0.69698,0.69718,0.69771,0.69718,0.69698,0.69718,0.69771,0.69718,0.69698,0.69718,0.69771,0.69718,0.69698,0.69753,0.69771,0.69644,0.69913,0.69516,0.69771,0.7016,0.68876,0.70551,0.69771,0.67983,0.73877,0.62881,0.38493,0.36031,0.40585,0.37408,0.38493,0.38988,0.37898,0.38716,0.38493,0.38334,0.38544,0.38404,0.38493,0.38464,0.38453,0.38464,0.38493,0.38464,0.38453,0.38464,0.38493,0.38464,0.38453,0.38464,0.38493,0.38464,0.38453,0.38464,0.38493,0.38464,0.38453,0.38464,0.38493,0.38464,0.38453,0.38464,0.38493,0.38464,0.38453,0.38464,0.38493,0.38464,0.38453,0.38464,0.38493,0.38464,0.38453,0.38464,0.38493,0.38464,0.38453,0.38455,0.38493,0.38482,0.38399,0.38515,0.38493,0.38352,0.38661,0.38253,0.38493,0.38903,0.37396,0.40194,0.46407,0.46988,0.4582,0.46639,0.46407,0.4624,0.465,0.46308,0.46407,0.46405,0.46336,0.46387,0.46407,0.46372,0.46359,0.46372,0.46407,0.46372,0.46359,0.46372,0.46407,0.46372,0.46359,0.46372,0.46407,0.46372,0.46359,0.46372,0.46407,0.46372,0.46359,0.46372,0.46407,0.46372,0.46359,0.46372,0.46407,0.46372,0.46359,0.46372,0.46407,0.46372,0.46359,0.46372,0.46407,0.46372,0.46359,0.46372,0.46407,0.46372,0.46359,0.46373,0.46407,0.46371,0.46362,0.4637,0.46407,0.46377,0.4635,0.46381,0.46407,0.46353,0.46404,0.46298,0.4607,0.46009,0.46045,0.46024,0.4607,0.46041,0.46016,0.46038,0.4607,0.46034,0.46023,0.46034,0.4607,0.46035,0.46022,0.46035,0.4607,0.46035,0.46022,0.46035,0.4607,0.46035,0.46022,0.46035,0.4607,0.46035,0.46022,0.46035,0.4607,0.46035,0.46022,0.46035,0.4607,0.46035,0.46022,0.46035,0.4607,0.46035,0.46022,0.46035,0.4607,0.46035,0.46022,0.46035,0.4607,0.46035,0.46022,0.46035,0.4607,0.46035,0.46022,0.46087,0.4607,0.45927,0.46339,0.45737,0.4607,0.46686,0.44811,0.47263,0.4607,0.43479,0.52177,0.35965
0.25312,0.27262,0.23561,0.26147,0.25312,0.24869,0.25735,0.25089,0.25312,0.25398,0.25212,0.25341,0.25312,0.25293,0.25286,0.25293,0.25312,0.25293,0.25286,0.25293,0.25312,0.25293,0.25286,0.25293,0.25312,0.25293,0.25286,0.25293,0.25312,0.25293,0.25286,0.25293,0.25312,0.25293,0.25286,0.25293,0.25312,0.25293,0.25286,0.25293,0.25312,0.25293,0.25286,0.25293,0.25312,0.25293,0.25286,0.25293,0.25312,0.25293,0.25286,0.25293,0.25312,0.25293,0.25286,0.25293,0.25312,0.25293,0.25286,0.25293,0.25312,0.25293,0.25286,0.25293,0.25312,0.25293,0.25286,0.25293,0.25312,0.25293,0.25286,0.25293,0.25312,0.25293,0.25286,0.25293,0.25312,0.25293,0.25286,0.25293,0.25312,0.25293,0.25286,0.25293,0.25312,0.25293,0.25286,0.25293,0.25312,0.25293,0.25286,0.25293,0.25312,0.25293,0.25286,0.25293,0.25312,0.25293,0.25286,0.25293,0.25312,0.25293,0.25286,0.25293,0.25312,0.25293,0.25286,0.25293,0.25312,0.25293,0.25286,0.25293,0.25312,0.25293,0.25286,0.25226,0.25312,0.25432,0.24879,0.25676,0.25312,0.24456,0.26844,0.23714,0.25312,0.2858,0.17372,0.38242,0.84556,0.891,0.8043,0.86492,0.84556,0.835,0.85519,0.84014,0.84556,0.84737,0.84296,0.84605,0.84556,0.84492,0.84469,0.84492,0.84556,0.84492,0.84469,0.84492,0.84556,0.84492,0.84469,0.84492,0.84556,0.84492,0.84469,0.84492,0.84556,0.84492,0.84469,0.84492,0.84556,0.84492,0.84469,0.84492,0.84556,0.84492,0.84469,0.84492,0.84556,0.84492,0.84469,0.84492,0.84556,0.84492,0.84469,0.84492,0.84556,0.84492,0.84469,0.84492,0.84556,0.84492,0.84469,0.84492,0.84556,0.84492,0.84469,0.84492,0.84556,0.84492,0.84469,0.84492,0.84556,0.84492,0.84469,0.84492,0.84556,0.84492,0.84469,0.84492,0.84556,0.84492,0.84469,0.84492,0.84556,0.84492,0.84469,0.84492,0.84556,0.84492,0.84469,0.84492,0.84556,0.84492,0.84469,0.84492,0.84556,0.84492,0.84469,0.84492,0.84556,0.84492,0.84469,0.84492,0.84556,0.84492,0.84469,0.84492,0.84556,0.84492,0.84469,0.84492,0.84556,0.84492,0.84469,0.84492,0.84556,0.84492,0.84469,0.84492,0.84556,0.84492,0.84469,0.84588,0.84556,0.84294,0.8505,0.83946,0.84556,0.85687,0.82246,0.86746,0.84556,0.79802,0.95765,0.66011
0.86735,0.93415,0.80733,0.89597,0.86735,0.85217,0.88183,0.85969,0.86735,0.87028,0.86392,0.86834,0.86735,0.86669,0.86645,0.86669,0.86735,0.86669,0.86645,0.86669,0.86735,0.86669,0.86645,0.86669,0.86735,0.86669,0.86645,0.86669,0.86735,0.86669,0.86645,0.86669,0.86735,0.86669,0.86645,0.86669,0.86735,0.86669,0.86645,0.86669,0.86735,0.86669,0.86645,0.86669,0.86735,0.86669,0.86645,0.86669,0.86735,0.86669,0.86645,0.86669,0.86735,0.86669,0.86645,0.86669,0.86735,0.86669,0.86645,0.86669,0.86735,0.86669,0.86645,0.86669,0.86735,0.86669,0.86645,0.86669,0.86735,0.86669,0.86645,0.86669,0.86735,0.86669,0.86645,0.86669,0.86735,0.86669,0.86645,0.86669,0.86735,0.86669,0.86645,0.86669,0.86735,0.86669,0.86645,0.86669,0.86735,0.86669,0.86645,0.86669,0.86735,0.86669,0.86645,0.86669,0.86735,0.86669,0.86645,0.86669,0.86735,0.86669,0.86645,0.86669,0.86735,0.86669,0.86645,0.86669,0.86735,0.86669,0.86645,0.86669,0.86735,0.86669,0.86645,0.86742,0.86735,0.86518,0.87089,0.86252,0.86735,0.87582,0.84947,0.8839,0.86735,0.83087,0.95272,0.72553,0.22154,0.17114,0.26533,0.19958,0.22154,0.23219,0.20986,0.22659,0.22154,0.2187,0.22319,0.22014,0.22154,0.22137,0.22131,0.22137,0.22154,0.22137,0.22131,0.22137,0.22154,0.22137,0.22131,0.22137,0.22154,0.22137,0.22131,0.22137,0.22154,0.22137,0.22131,0.22137,0.22154,0.22137,0.22131,0.22137,0.22154,0.22137,0.22131,0.22137,0.22154,0.22137,0.22131,0.22137,0.22154,0.22137,0.22131,0.22137,0.22154,0.22137,0.22131,0.22137,0.22154,0.22137,0.22131,0.22137,0.22154,0.22137,0.22131,0.22137,0.22154,0.22137,0.22131,0.22137,0.22154,0.22137,0.22131,0.22137,0.22154,0.22137,0.22131,0.22137,0.22154,0.22137,0.22131,0.22137,0.22154,0.22137,0.22131,0.22137,0.22154,0.22137,0.22131,0.22137,0.22154,0.22137,0.22131,0.22137,0.22154,0.22137,0.22131,0.22137,0.22154,0.22137,0.22131,0.22137,0.22154,0.22137,0.22131,0.22137,0.22154,0.22137,0.22131,0.22137,0.22154,0.22137,0.22131,0.22137,0.22154,0.22137,0.22131,0.22137,0.22154,0.22137,0.22131,0.22162,0.22154,0.22085,0.22283,0.21994,0.22154,0.2245,0.21549,0.22728,0.22154,0.20908,0.2509,0.17295
0.57529,0.61621,0.54315,0.58372,0.54249,0.53704,0.53814,0.56001,0.62935,0.6287,0.64345,0.59774,0.48326,0.47726,0.47715,0.50406,0.59633,0.60296,0.59565,0.58502,0.53204,0.52826,0.52871,0.54295,0.59083,0.59266,0.59368,0.57968,0.53879,0.53739,0.53318,0.5505,0.59275,0.59199,0.60045,0.57453,0.51113,0.50807,0.50603,0.52464,0.57977,0.58165,0.5834,0.56727,0.52572,0.52662,0.51429,0.54699,0.62128,0.6225,0.62936,0.59854,0.50854,0.50055,0.51051,0.51422,0.55134,0.55361,0.55211,0.54427,0.52106,0.52254,0.51106,0.53835,0.59819,0.59938,0.60329,0.58323,0.53147,0.53047,0.52298,0.54908,0.6122,0.61249,0.62061,0.59171,0.52455,0.5247,0.51098,0.5517,0.64955,0.65231,0.6582,0.62257,0.51023,0.49888,0.51601,0.51294,0.548,0.55183,0.54532,0.54645,0.54317,0.5469,0.53102,0.5611,0.61409,0.6119,0.6259,0.58881,0.49976,0.49414,0.49676,0.51296,0.57435,0.5783,0.57461,0.56628,0.53896,0.54143,0.52583,0.56119,0.63292,0.63206,0.6453,0.6036,0.49091,0.48068,0.49467,0.49661,0.54322,0.54905,0.53733,0.54563,0.55303,0.557,0.5415,0.56947,0.61777,0.61595,0.62776,0.59638,0.52399,0.52077,0.51812,0.53924,0.59893,0.59996,0.60547,0.58121,0.52207,0.52221,0.50962,0.54701,0.63885,0.64241,0.64447,0.61739,0.52423,0.51396,0.53049,0.52399,0.54426,0.54621,0.54318,0.54267,0.54715,0.55382,0.52961,0.57272,0.64961,0.64903,0.66117,0.62191,0.51623,0.50696,0.51915,0.52145,0.55604,0.55666,0.56073,0.54313,0.50384,0.50596,0.49008,0.52841,0.61395,0.61637,0.62069,0.59215,0.50154,0.49239,0.50586,0.50422,0.53525,0.53879,0.53218,0.53472,0.53281,0.53508,0.52435,0.5454,0.58562,0.58521,0.59106,0.57232,0.52935,0.52875,0.52171,0.54443,0.59817,0.59837,0.60495,0.58161,0.53099,0.53301,0.51554,0.55974,0.66243,0.66656,0.66806,0.64024,0.54402,0.53384,0.54947,0.5455,0.5722,0.57454,0.57155,0.56819,0.55662,0.55895,0.54675,0.57162,0.61681,0.61459,0.62759,0.59421,0.51818,0.51491,0.51191,0.53451,0.59927,0.60106,0.60505,0.58156,0.51638,0.51365,0.50977,0.53273,0.59823,0.60069,0.60259,0.58199,0.50713,0.49679,0.51755,0.50158,0.52544,0.53971,0.4989,0.55449,0.58224,0.55323,0.65613,0.45613
0.87904,0.94675,0.81821,0.90805,0.87904,0.86366,0.89372,0.87128,0.87904,0.88201,0.87557,0.88005,0.87904,0.87838,0.87814,0.87838,0.87904,0.87838,0.87814,0.87838,0.87904,0.87838,0.87814,0.87838,0.87904,0.87838,0.87814,0.87838,0.87904,0.87838,0.87814,0.87838,0.87904,0.87838,0.87814,0.87838,0.87904,0.87838,0.87814,0.87838,0.87904,0.87838,0.87814,0.87838,0.87904,0.87838,0.87814,0.87838,0.87904,0.87838,0.87814,0.87838,0.87904,0.87838,0.87814,0.87838,0.87904,0.87838,0.87814,0.87838,0.87904,0.87838,0.87814,0.87838,0.87904,0.87838,0.87814,0.87838,0.87904,0.87838,0.87814,0.87838,0.87904,0.87838,0.87814,0.87838,0.87904,0.87838,0.87814,0.87838,0.87904,0.87838,0.87814,0.87838,0.87904,0.87838,0.87814,0.87838,0.87904,0.87838,0.87814,0.87838,0.87904,0.87838,0.87814,0.87838,0.87904,0.87838,0.87814,0.87838,0.87904,0.87838,0.87814,0.87838,0.87904,0.87838,0.87814,0.87838,0.87904,0.87838,0.87814,0.87838,0.87904,0.87838,0.87814,0.87903,0.87904,0.87702,0.88211,0.87464,0.87904,0.88655,0.86293,0.89379,0.87904,0.84631,0.95537,0.75201,0.30088,0.25569,0.33998,0.28114,0.30088,0.31034,0.29032,0.30532,0.30088,0.29826,0.30225,0.29956,0.30088,0.30065,0.30057,0.30065,0.30088,0.30065,0.30057,0.30065,0.30088,0.30065,0.30057,0.30065,0.30088,0.30065,0.30057,0.30065,0.30088,0.30065,0.30057,0.30065,0.30088,0.30065,0.30057,0.30065,0.30088,0.30065,0.30057,0.30065,0.30088,0.30065,0.30057,0.30065,0.30088,0.30065,0.30057,0.30065,0.30088,0.30065,0.30057,0.30065,0.30088,0.30065,0.30057,0.30065,0.30088,0.30065,0.30057,0.30065,0.30088,0.30065,0.30057,0.30065,0.30088,0.30065,0.30057,0.30065,0.30088,0.30065,0.30057,0.30065,0.30088,0.30065,0.30057,0.30065,0.30088,0.30065,0.30057,0.30065,0.30088,0.30065,0.30057,0.30065,0.30088,0.30065,0.30057,0.30065,0.30088,0.30065,0.30057,0.30065,0.30088,0.30065,0.30057,0.30065,0.30088,0.30065,0.30057,0.30065,0.30088,0.30065,0.30057,0.30065,0.30088,0.30065,0.30057,0.30065,0.30088,0.30065,0.30057,0.30065,0.30088,0.30065,0.30057,0.30099,0.30088,0.29995,0.30264,0.29871,0.30088,0.30491,0.29266,0.30867,0.30088,0.28396,0.34076,0.23489
0.71857,0.77392,0.66885,0.74228,0.71857,0.706,0.73057,0.71223,0.71857,0.721,0.71573,0.71939,0.71857,0.71803,0.71783,0.71803,0.71857,0.71803,0.71783,0.71803,0.71857,0.71803,0.71783,0.71803,0.71857,0.71803,0.71783,0.71803,0.71857,0.71803,0.71795,0.71792,0.71857,0.71837,0.71721,0.7187,0.71857,0.71678,0.72039,0.71547,0.71857,0.72519,0.6876,0.65038,0.65804,0.66011,0.6548,0.6588,0.65804,0.65687,0.65798,0.6572,0.65804,0.65766,0.65724,0.65755,0.65804,0.65755,0.65736,0.65755,0.65804,0.65755,0.65736,0.65755,0.65804,0.65755,0.65736,0.65755,0.65804,0.65755,0.65736,0.65755,0.65804,0.65751,0.65741,0.65748,0.65804,0.65769,0.65706,0.65784,0.65804,0.65696,0.65854,0.65621,0.65804,0.67101,0.6769,0.67382,0.67529,0.67524,0.67414,0.67502,0.67529,0.67467,0.67471,0.67474,0.67529,0.6748,0.67459,0.67478,0.67529,0.67478,0.67459,0.67478,0.67529,0.67478,0.67459,0.67478,0.67529,0.67478,0.67459,0.67478,0.67529,0.67478,0.67459,0.67503,0.67529,0.67427,0.67609,0.67337,0.67529,0.67787,0.66885,0.6806,0.67529,0.66267,0.70376,0.62706,0.45695,0.43962,0.47136,0.44924,0.45695,0.46026,0.45261,0.45837,0.45695,0.4557,0.45711,0.45619,0.45695,0.45661,0.45648,0.45661,0.45695,0.45661,0.45648,0.45661,0.45695,0.45661,0.45648,0.45661,0.45695,0.45661,0.45648,0.45661,0.45695,0.45661,0.45646,0.45663,0.45695,0.45655,0.45659,0.45649,0.45695,0.45682,0.45603,0.45705,0.45695,0.45536,0.46173,0.46835,0.46746,0.46666,0.46742,0.46689,0.46746,0.46722,0.46686,0.46716,0.46746,0.46708,0.46699,0.4671,0.46746,0.4671,0.46697,0.4671,0.46746,0.4671,0.46697,0.4671,0.46746,0.4671,0.46697,0.4671,0.46746,0.4671,0.46697,0.4671,0.46746,0.46707,0.46702,0.46703,0.46746,0.46724,0.46666,0.4674,0.46746,0.46651,0.46817,0.46574,0.46746,0.48079,0.48682,0.48365,0.48498,0.48508,0.48402,0.48487,0.48498,0.4845,0.4846,0.48458,0.48498,0.48464,0.48448,0.48462,0.48498,0.48462,0.48448,0.48462,0.48498,0.48462,0.48448,0.48462,0.48498,0.48462,0.48448,0.48462,0.48498,0.48462,0.48448,0.48517,0.48498,0.48348,0.48781,0.48148,0.48498,0.49147,0.47173,0.49754,0.48498,0.45771,0.54927,0.37861
0.33003,0.35545,0.30719,0.34092,0.33003,0.32426,0.33554,0.32712,0.33003,0.33115,0.32873,0.33041,0.33003,0.32978,0.32969,0.32978,0.33003,0.32978,0.32969,0.32978,0.33003,0.32978,0.32969,0.32978,0.33003,0.32978,0.32969,0.32978,0.33003,0.32978,0.32969,0.32978,0.33003,0.32978,0.32969,0.32978,0.33003,0.32978,0.32969,0.32978,0.33003,0.32978,0.32969,0.32978,0.33003,0.32978,0.32969,0.32978,0.33003,0.32978,0.32969,0.32978,0.33003,0.32978,0.32969,0.32978,0.33003,0.32978,0.32969,0.32978,0.33003,0.32978,0.32969,0.32978,0.33003,0.32978,0.32969,0.32978,0.33003,0.32978,0.32969,0.32978,0.33003,0.32978,0.32969,0.32978,0.33003,0.32978,0.32969,0.32978,0.33003,0.32978,0.32969,0.32978,0.33003,0.32978,0.32969,0.32978,0.33003,0.32978,0.32969,0.32978,0.33003,0.32978,0.32969,0.32978,0.33003,0.32978,0.32969,0.32978,0.33003,0.32978,0.32969,0.32978,0.33003,0.32978,0.32969,0.32978,0.33003,0.32978,0.32969,0.32978,0.33003,0.32978,0.32969,0.32937,0.33003,0.33064,0.32717,0.33215,0.33003,0.3246,0.33932,0.32002,0.33003,0.35011,0.28074,0.40987,0.69646,0.72443,0.67076,0.7083,0.69646,0.68979,0.70223,0.69297,0.69646,0.69744,0.69467,0.69663,0.69646,0.69593,0.69574,0.69593,0.69646,0.69593,0.69574,0.69593,0.69646,0.69593,0.69574,0.69593,0.69646,0.69593,0.69574,0.69593,0.69646,0.69593,0.69574,0.69593,0.69646,0.69593,0.69574,0.69593,0.69646,0.69593,0.69574,0.69593,0.69646,0.69593,0.69574,0.69593,0.69646,0.69593,0.69574,0.69593,0.69646,0.69593,0.69574,0.69593,0.69646,0.69593,0.69574,0.69593,0.69646,0.69593,0.69574,0.69593,0.69646,0.69593,0.69574,0.69593,0.69646,0.69593,0.69574,0.69593,0.69646,0.69593,0.69574,0.69593,0.69646,0.69593,0.69574,0.69593,0.69646,0.69593,0.69574,0.69593,0.69646,0.69593,0.69574,0.69593,0.69646,0.69593,0.69574,0.69593,0.69646,0.69593,0.69574,0.69593,0.69646,0.69593,0.69574,0.69593,0.69646,0.69593,0.69574,0.69593,0.69646,0.69593,0.69574,0.69593,0.69646,0.69593,0.69574,0.69593,0.69646,0.69593,0.69574,0.69593,0.69646,0.69593,0.69574,0.69672,0.69646,0.69429,0.70052,0.69143,0.69646,0.70577,0.67742,0.71449,0.69646,0.65729,0.78878,0.5437
0.83486,0.89916,0.77708,0.8624,0.83486,0.82024,0.8488,0.82749,0.83486,0.83768,0.83156,0.83581,0.83486,0.83423,0.83399,0.83423,0.83486,0.83423,0.83399,0.83423,0.83486,0.83423,0.83399,0.83423,0.83486,0.83423,0.83399,0.83423,0.83486,0.83423,0.83399,0.83423,0.83486,0.83423,0.83399,0.83423,0.83486,0.83423,0.83399,0.83423,0.83486,0.83423,0.83399,0.83423,0.83486,0.83423,0.83399,0.83423,0.83486,0.83423,0.83399,0.83423,0.83486,0.83423,0.83399,0.83423,0.83486,0.83423,0.83399,0.83423,0.83486,0.83423,0.83399,0.83423,0.83486,0.83423,0.83399,0.83423,0.83486,0.83423,0.83399,0.83423,0.83486,0.83423,0.83399,0.83423,0.83486,0.83423,0.83399,0.83423,0.83486,0.83423,0.83399,0.83423,0.83486,0.83423,0.83399,0.83423,0.83486,0.83423,0.83399,0.83423,0.83486,0.83423,0.83399,0.83423,0.83486,0.83423,0.83399,0.83423,0.83486,0.83423,0.83399,0.83423,0.83486,0.83423,0.83399,0.83423,0.83486,0.83423,0.83399,0.83423,0.83486,0.83423,0.83399,0.83452,0.83486,0.83361,0.83579,0.83254,0.83486,0.83791,0.82713,0.84118,0.83486,0.81975,0.86886,0.77718,0.57385,0.55311,0.59105,0.56461,0.57385,0.57779,0.56863,0.57552,0.57385,0.57234,0.57401,0.57292,0.57385,0.57341,0.57325,0.57341,0.57385,0.57341,0.57325,0.57341,0.57385,0.57341,0.57325,0.57341,0.57385,0.57341,0.57325,0.57341,0.57385,0.57341,0.57325,0.57341,0.57385,0.57341,0.57325,0.57341,0.57385,0.57341,0.57325,0.57341,0.57385,0.57341,0.57325,0.57341,0.57385,0.57341,0.57325,0.57341,0.57385,0.57341,0.57325,0.57341,0.57385,0.57341,0.57325,0.57341,0.57385,0.57341,0.57325,0.57341,0.57385,0.57341,0.57325,0.57341,0.57385,0.57341,0.57325,0.57341,0.57385,0.57341,0.57325,0.57341,0.57385,0.57341,0.57325,0.57341,0.57385,0.57341,0.57325,0.57341,0.57385,0.57341,0.57325,0.57341,0.57385,0.57341,0.57325,0.57341,0.57385,0.57341,0.57325,0.57341,0.57385,0.57341,0.57325,0.57341,0.57385,0.57341,0.57325,0.57341,0.57385,0.57341,0.57325,0.57341,0.57385,0.57341,0.57325,0.57341,0.57385,0.57341,0.57325,0.57341,0.57385,0.57341,0.57325,0.57406,0.57385,0.57207,0.5772,0.5697,0.57385,0.58152,0.55817,0.58871,0.57385,0.54158,0.64992,0.44799
0.81594,0.87879,0.75948,0.84286,0.81594,0.80166,0.82956,0.80874,0.81594,0.8187,0.81272,0.81687,0.81594,0.81532,0.81509,0.81532,0.81594,0.81532,0.81509,0.81532,0.81594,0.81532,0.81509,0.81532,0.81594,0.81532,0.81509,0.81532,0.81594,0.81532,0.81509,0.81532,0.81594,0.81532,0.81509,0.81532,0.81594,0.81532,0.81509,0.81532,0.81594,0.81532,0.81509,0.81532,0.81594,0.81532,0.81509,0.81532,0.81594,0.81532,0.81509,0.81532,0.81594,0.81532,0.81509,0.81532,0.81594,0.81532,0.81509,0.81532,0.81594,0.81532,0.81509,0.81532,0.81594,0.81532,0.81509,0.81532,0.81594,0.81532,0.81509,0.81532,0.81594,0.81532,0.81509,0.81532,0.81594,0.81532,0.81509,0.81532,0.81594,0.81532,0.81509,0.81532,0.81594,0.81532,0.81509,0.81532,0.81594,0.81532,0.81509,0.81532,0.81594,0.81532,0.81509,0.81532,0.81594,0.81532,0.81509,0.81532,0.81594,0.81532,0.81509,0.81532,0.81594,0.81532,0.81509,0.81532,0.81594,0.81532,0.81509,0.81532,0.81594,0.81532,0.81509,0.81532,0.81594,0.81532,0.81509,0.81532,0.81594,0.81532,0.81509,0.81532,0.81594,0.81532,0.81509,0.81532,0.81594,0.81532,0.81509,0.81532,0.81594,0.81532,0.81509,0.81532,0.81594,0.81532,0.81509,0.81532,0.81594,0.81532,0.81509,0.81532,0.81594,0.81532,0.81509,0.81532,0.81594,0.81532,0.81509,0.81532,0.81594,0.81532,0.81509,0.81532,0.81594,0.81532,0.81509,0.81532,0.81594,0.81532,0.81509,0.81532,0.81594,0.81532,0.81509,0.81532,0.81594,0.81532,0.81509,0.81532,0.81594,0.81532,0.81509,0.81532,0.81594,0.81532,0.81509,0.81532,0.81594,0.81532,0.81509,0.81532,0.81594,0.81532,0.81509,0.81532,0.81594,0.81532,0.81509,0.81532,0.81594,0.81532,0.81509,0.81532,0.81594,0.81532,0.81509,0.81532,0.81594,0.81532,0.81509,0.81532,0.81594,0.81532,0.81509,0.81532,0.81594,0.81532,0.81509,0.81532,0.81594,0.81532,0.81509,0.81532,0.81594,0.81532,0.81509,0.81532,0.81594,0.81532,0.81509,0.81532,0.81594,0.81532,0.81509,0.81532,0.81594,0.81532,0.81509,0.81532,0.81594,0.81532,0.81509,0.81532,0.81594,0.81532,0.81509,0.81532,0.81594,0.81532,0.81509,0.81624,0.81594,0.81341,0.8207,0.81005,0.81594,0.82685,0.79364,0.83707,0.81594,0.77006,0.9241,0.63698
0.88321,0.95124,0.8221,0.91236,0.88321,0.86776,0.89796,0.87542,0.88321,0.8862,0.87973,0.88423,0.88321,0.88255,0.8823,0.88255,0.88321,0.88255,0.8823,0.88255,0.88321,0.88255,0.8823,0.88255,0.88321,0.88255,0.8823,0.88255,0.88321,0.88255,0.8823,0.88255,0.88321,0.88255,0.8823,0.88255,0.88321,0.88255,0.8823,0.88255,0.88321,0.88255,0.8823,0.88255,0.88321,0.88255,0.8823,0.88255,0.88321,0.88255,0.8823,0.88255,0.88321,0.88255,0.8823,0.88255,0.88321,0.88255,0.8823,0.88255,0.88321,0.88255,0.8823,0.88255,0.88321,0.88255,0.8823,0.88255,0.88321,0.88255,0.8823,0.88255,0.88321,0.88255,0.8823,0.88255,0.88321,0.88255,0.8823,0.88255,0.88321,0.88255,0.8823,0.88255,0.88321,0.88255,0.8823,0.88255,0.88321,0.88255,0.8823,0.88255,0.88321,0.88255,0.8823,0.88255,0.88321,0.88255,0.8823,0.88255,0.88321,0.88255,0.8823,0.88255,0.88321,0.88255,0.8823,0.88255,0.88321,0.88255,0.8823,0.88255,0.88321,0.88255,0.8823,0.88255,0.88321,0.88255,0.8823,0.88255,0.88321,0.88255,0.8823,0.88255,0.88321,0.88255,0.8823,0.88255,0.88321,0.88255,0.8823,0.88255,0.88321,0.88255,0.8823,0.88255,0.88321,0.88255,0.8823,0.88255,0.88321,0.88255,0.8823,0.88255,0.88321,0.88255,0.8823,0.88255,0.88321,0.88255,0.8823,0.88255,0.88321,0.88255,0.8823,0.88255,0.88321,0.88255,0.8823,0.88255,0.88321,0.88255,0.8823,0.88255,0.88321,0.88255,0.8823,0.88255,0.88321,0.88255,0.8823,0.88255,0.88321,0.88255,0.8823,0.88255,0.88321,0.88255,0.8823,0.88255,0.88321,0.88255,0.8823,0.88255,0.88321,0.88255,0.8823,0.88255,0.88321,0.88255,0.8823,0.88255,0.88321,0.88255,0.8823,0.88255,0.88321,0.88255,0.8823,0.88255,0.88321,0.88255,0.8823,0.88255,0.88321,0.88255,0.8823,0.88255,0.88321,0.88255,0.8823,0.88255,0.88321,0.88255,0.8823,0.88255,0.88321,0.88255,0.8823,0.88255,0.88321,0.88255,0.8823,0.88255,0.88321,0.88255,0.8823,0.88255,0.88321,0.88255,0.8823,0.88255,0.88321,0.88255,0.8823,0.88255,0.88321,0.88255,0.8823,0.88255,0.88321,0.88255,0.8823,0.88355,0.88321,0.88047,0.88837,0.87684,0.88321,0.89503,0.85908,0.90608,0.88321,0.83355,1.0003,0.6895
0.80823,0.87049,0.7523,0.8349,0.80823,0.79409,0.82173,0.8011,0.80823,0.81096,0.80504,0.80916,0.80823,0.80762,0.8074,0.80762,0.80823,0.80762,0.8074,0.80762,0.80823,0.80762,0.8074,0.80762,0.80823,0.80762,0.8074,0.80762,0.80823,0.80762,0.8074,0.80762,0.80823,0.80762,0.8074,0.80762,0.80823,0.80762,0.8074,0.80762,0.80823,0.80762,0.8074,0.80762,0.80823,0.80762,0.8074,0.80762,0.80823,0.80762,0.8074,0.80762,0.80823,0.80762,0.8074,0.80762,0.80823,0.80762,0.8074,0.80762,0.80823,0.80762,0.8074,0.80762,0.80823,0.80762,0.8074,0.80762,0.80823,0.80762,0.8074,0.80762,0.80823,0.80762,0.8074,0.80762,0.80823,0.80762,0.8074,0.80762,0.80823,0.80762,0.8074,0.80762,0.80823,0.80762,0.8074,0.80762,0.80823,0.80762,0.8074,0.80762,0.80823,0.80762,0.8074,0.80762,0.80823,0.80762,0.8074,0.80762,0.80823,0.80762,0.8074,0.80762,0.80823,0.80762,0.8074,0.80762,0.80823,0.80762,0.8074,0.80762,0.80823,0.80762,0.8074,0.80762,0.80823,0.80762,0.8074,0.80762,0.80823,0.80762,0.8074,0.80762,0.80823,0.80762,0.8074,0.80762,0.80823,0.80762,0.8074,0.80762,0.80823,0.80762,0.8074,0.80762,0.80823,0.80762,0.8074,0.80762,0.80823,0.80762,0.8074,0.80762,0.80823,0.80762,0.8074,0.80762,0.80823,0.80762,0.8074,0.80762,0.80823,0.80762,0.8074,0.80762,0.80823,0.80762,0.8074,0.80762,0.80823,0.80762,0.8074,0.80762,0.80823,0.80762,0.8074,0.80762,0.80823,0.80762,0.8074,0.80762,0.80823,0.80762,0.8074,0.80762,0.80823,0.80762,0.8074,0.80762,0.80823,0.80762,0.8074,0.80762,0.80823,0.80762,0.8074,0.80762,0.80823,0.80762,0.8074,0.80762,0.80823,0.80762,0.8074,0.80762,0.80823,0.80762,0.8074,0.80762,0.80823,0.80762,0.8074,0.80762,0.80823,0.80762,0.8074,0.80762,0.80823,0.80762,0.8074,0.80762,0.80823,0.80762,0.8074,0.80762,0.80823,0.80762,0.8074,0.80762,0.80823,0.80762,0.8074,0.80762,0.80823,0.80762,0.8074,0.80762,0.80823,0.80762,0.8074,0.80762,0.80823,0.80762,0.8074,0.80762,0.80823,0.80762,0.8074,0.80762,0.80823,0.80762,0.8074,0.80854,0.80823,0.80573,0.81295,0.8024,0.80823,0.81905,0.78615,0.82916,0.80823,0.76279,0.91537,0.63096
0.86067,0.92696,0.80111,0.88906,0.86067,0.8456,0.87504,0.85307,0.86067,0.86357,0.85727,0.86165,0.86067,0.86002,0.85977,0.86002,0.86067,0.86002,0.85977,0.86002,0.86067,0.86002,0.85977,0.86002,0.86067,0.86002,0.85977,0.86002,0.86067,0.86002,0.85977,0.86002,0.86067,0.86002,0.85977,0.86002,0.86067,0.86002,0.85977,0.86002,0.86067,0.86002,0.85977,0.86002,0.86067,0.86002,0.85977,0.86002,0.86067,0.86002,0.85977,0.86002,0.86067,0.86002,0.85977,0.86002,0.86067,0.86002,0.85977,0.86002,0.86067,0.86002,0.85977,0.86002,0.86067,0.86002,0.85977,0.86002,0.86067,0.86002,0.85977,0.86002,0.86067,0.86002,0.85977,0.86002,0.86067,0.86002,0.85977,0.86002,0.86067,0.86002,0.85977,0.86002,0.86067,0.86002,0.85977,0.86002,0.86067,0.86002,0.85977,0.86002,0.86067,0.86002,0.85977,0.86002,0.86067,0.86002,0.85977,0.86002,0.86067,0.86002,0.85977,0.86002,0.86067,0.86002,0.85977,0.86002,0.86067,0.86002,0.85977,0.86002,0.86067,0.86002,0.85977,0.86086,0.86067,0.85826,0.86492,0.85517,0.86067,0.8706,0.84008,0.87998,0.86067,0.81845,0.95986,0.69627,0.11151,0.053154,0.16246,0.086138,0.11151,0.12397,0.098107,0.11747,0.11151,0.10833,0.11357,0.11,0.11151,0.11142,0.11139,0.11142,0.11151,0.11142,0.11139,0.11142,0.11151,0.11142,0.11139,0.11142,0.11151,0.11142,0.11139,0.11142,0.11151,0.11142,0.11139,0.11142,0.11151,0.11142,0.11139,0.11142,0.11151,0.11142,0.11139,0.11142,0.11151,0.11142,0.11139,0.11142,0.11151,0.11142,0.11139,0.11142,0.11151,0.11142,0.11139,0.11142,0.11151,0.11142,0.11139,0.11142,0.11151,0.11142,0.11139,0.11142,0.11151,0.11142,0.11139,0.11142,0.11151,0.11142,0.11139,0.11142,0.11151,0.11142,0.11139,0.11142,0.11151,0.11142,0.11139,0.11142,0.11151,0.11142,0.11139,0.11142,0.11151,0.11142,0.11139,0.11142,0.11151,0.11142,0.11139,0.11142,0.11151,0.11142,0.11139,0.11142,0.11151,0.11142,0.11139,0.11142,0.11151,0.11142,0.11139,0.11142,0.11151,0.11142,0.11139,0.11142,0.11151,0.11142,0.11139,0.11142,0.11151,0.11142,0.11139,0.11142,0.11151,0.11142,0.11139,0.11155,0.11151,0.11116,0.11216,0.1107,0.11151,0.113,0.10846,0.11439,0.11151,0.10524,0.12629,0.08705
0.88601,0.95425,0.8247,0.91524,0.88601,0.8705,0.9008,0.87819,0.88601,0.889,0.88251,0.88702,0.88601,0.88534,0.88509,0.88534,0.88601,0.88534,0.88509,0.88534,0.88601,0.88534,0.88509,0.88534,0.88601,0.88534,0.88509,0.88534,0.88601,0.88534,0.88509,0.88534,0.88601,0.88534,0.88509,0.88534,0.88601,0.88534,0.88509,0.88534,0.88601,0.88534,0.88509,0.88534,0.88601,0.88534,0.88509,0.88534,0.88601,0.88534,0.88509,0.88534,0.88601,0.88534,0.88509,0.88534,0.88601,0.88534,0.88509,0.88534,0.88601,0.88534,0.88509,0.88534,0.88601,0.88534,0.88509,0.88534,0.88601,0.88534,0.88509,0.88534,0.88601,0.88534,0.88509,0.88534,0.88601,0.88534,0.88509,0.88534,0.88601,0.88534,0.88509,0.88534,0.88601,0.88534,0.88509,0.88534,0.88601,0.88534,0.88509,0.88534,0.88601,0.88534,0.88509,0.88534,0.88601,0.88534,0.88509,0.88534,0.88601,0.88534,0.88509,0.88534,0.88601,0.88534,0.88509,0.88534,0.88601,0.88534,0.88509,0.88534,0.88601,0.88534,0.88509,0.88557,0.88601,0.88486,0.88649,0.88403,0.88601,0.88821,0.87975,0.89075,0.88601,0.87407,0.91223,0.84094,0.68289,0.66657,0.69603,0.67552,0.68289,0.68577,0.67858,0.68401,0.68289,0.68153,0.68277,0.68199,0.68289,0.68237,0.68218,0.68237,0.68289,0.68237,0.68218,0.68237,0.68289,0.68237,0.68218,0.68237,0.68289,0.68237,0.68218,0.68237,0.68289,0.68237,0.68218,0.68237,0.68289,0.68237,0.68218,0.68237,0.68289,0.68237,0.68218,0.68237,0.68289,0.68237,0.68218,0.68237,0.68289,0.68237,0.68218,0.68237,0.68289,0.68237,0.68218,0.68237,0.68289,0.68237,0.68218,0.68237,0.68289,0.68237,0.68218,0.68237,0.68289,0.68237,0.68218,0.68237,0.68289,0.68237,0.68218,0.68237,0.68289,0.68237,0.68218,0.68237,0.68289,0.68237,0.68218,0.68237,0.68289,0.68237,0.68218,0.68237,0.68289,0.68237,0.68218,0.68237,0.68289,0.68237,0.68218,0.68237,0.68289,0.68237,0.68218,0.68237,0.68289,0.68237,0.68218,0.68237,0.68289,0.68237,0.68218,0.68237,0.68289,0.68237,0.68218,0.68237,0.68289,0.68237,0.68218,0.68237,0.68289,0.68237,0.68218,0.68237,0.68289,0.68237,0.68218,0.68314,0.68289,0.68077,0.68687,0.67796,0.68289,0.69202,0.66423,0.70057,0.68289,0.64449,0.77341,0.53311
0.50704,0.54609,0.47195,0.52377,0.50704,0.49816,0.5155,0.50256,0.50704,0.50875,0.50503,0.50762,0.50704,0.50665,0.50651,0.50665,0.50704,0.50665,0.50651,0.50665,0.50704,0.50665,0.50651,0.50665,0.50704,0.50665,0.50651,0.50665,0.50704,0.50665,0.50651,0.50665,0.50704,0.50665,0.50651,0.50665,0.50704,0.50665,0.50651,0.50665,0.50704,0.50665,0.50651,0.50665,0.50704,0.50665,0.50651,0.50665,0.50704,0.50665,0.50651,0.50665,0.50704,0.50665,0.50651,0.50665,0.50704,0.50665,0.50651,0.50665,0.50704,0.50665,0.50651,0.50665,0.50704,0.50665,0.50651,0.50665,0.50704,0.50665,0.50651,0.50665,0.50704,0.50665,0.50651,0.50665,0.50704,0.50665,0.50651,0.50665,0.50704,0.50665,0.50651,0.50665,0.50704,0.50665,0.50651,0.50665,0.50704,0.50665,0.50651,0.50665,0.50704,0.50665,0.50651,0.50665,0.50704,0.50665,0.50651,0.50665,0.50704,0.50665,0.50651,0.50665,0.50704,0.50665,0.50651,0.50665,0.50704,0.50665,0.50651,0.50665,0.50704,0.50665,0.50651,0.50642,0.50704,0.50715,0.50506,0.50802,0.50704,0.50368,0.51205,0.50104,0.50704,0.51834,0.47837,0.5527,0.7177,0.73354,0.7026,0.72427,0.7177,0.71363,0.72069,0.71546,0.7177,0.71803,0.71635,0.71756,0.7177,0.71716,0.71696,0.71716,0.7177,0.71716,0.71696,0.71716,0.7177,0.71716,0.71696,0.71716,0.7177,0.71716,0.71696,0.71716,0.7177,0.71716,0.71696,0.71716,0.7177,0.71716,0.71696,0.71716,0.7177,0.71716,0.71696,0.71716,0.7177,0.71716,0.71696,0.71716,0.7177,0.71716,0.71696,0.71716,0.7177,0.71716,0.71696,0.71716,0.7177,0.71716,0.71696,0.71716,0.7177,0.71716,0.71696,0.71716,0.7177,0.71716,0.71696,0.71716,0.7177,0.71716,0.71696,0.71716,0.7177,0.71716,0.71696,0.71716,0.7177,0.71716,0.71696,0.71716,0.7177,0.71716,0.71696,0.71716,0.7177,0.71716,0.71696,0.71716,0.7177,0.71716,0.71696,0.71716,0.7177,0.71716,0.71696,0.71716,0.7177,0.71716,0.71696,0.71716,0.7177,0.71716,0.71696,0.71716,0.7177,0.71716,0.71696,0.71716,0.7177,0.71716,0.71696,0.71716,0.7177,0.71716,0.71696,0.71716,0.7177,0.71716,0.71696,0.71797,0.7177,0.71547,0.72189,0.71252,0.7177,0.7273,0.69809,0.73629,0.7177,0.67734,0.81284,0.56029
0.82978,0.8937,0.77236,0.85716,0.82978,0.81526,0.84364,0.82246,0.82978,0.83259,0.82651,0.83073,0.82978,0.82916,0.82893,0.82916,0.82978,0.82916,0.82893,0.82916,0.82978,0.82916,0.82893,0.82916,0.82978,0.82916,0.82893,0.82916,0.82978,0.82916,0.82893,0.82916,0.82978,0.82916,0.82893,0.82916,0.82978,0.82916,0.82893,0.82916,0.82978,0.82916,0.82893,0.82916,0.82978,0.82916,0.82893,0.82916,0.82978,0.82916,0.82893,0.82916,0.82978,0.82916,0.82893,0.82916,0.82978,0.82916,0.82893,0.82916,0.82978,0.82916,0.82893,0.82916,0.82978,0.82916,0.82893,0.82916,0.82978,0.82916,0.82893,0.82916,0.82978,0.82916,0.82893,0.82916,0.82978,0.82916,0.82893,0.82916,0.82978,0.82916,0.82893,0.82916,0.82978,0.82916,0.82893,0.82916,0.82978,0.82916,0.82893,0.82916,0.82978,0.82916,0.82893,0.82916,0.82978,0.82916,0.82893,0.82916,0.82978,0.82916,0.82893,0.82916,0.82978,0.82916,0.82893,0.82916,0.82978,0.82916,0.82893,0.82916,0.82978,0.82916,0.82893,0.82994,0.82978,0.82753,0.8337,0.82467,0.82978,0.83897,0.81067,0.84767,0.82978,0.79063,0.92171,0.67735,0.13527,0.081145,0.18247,0.11172,0.13527,0.14679,0.12281,0.14077,0.13527,0.13229,0.13715,0.13384,0.13527,0.13516,0.13513,0.13516,0.13527,0.13516,0.13513,0.13516,0.13527,0.13516,0.13513,0.13516,0.13527,0.13516,0.13513,0.13516,0.13527,0.13516,0.13513,0.13516,0.13527,0.13516,0.13513,0.13516,0.13527,0.13516,0.13513,0.13516,0.13527,0.13516,0.13513,0.13516,0.13527,0.13516,0.13513,0.13516,0.13527,0.13516,0.13513,0.13516,0.13527,0.13516,0.13513,0.13516,0.13527,0.13516,0.13513,0.13516,0.13527,0.13516,0.13513,0.13516,0.13527,0.13516,0.13513,0.13516,0.13527,0.13516,0.13513,0.13516,0.13527,0.13516,0.13513,0.13516,0.13527,0.13516,0.13513,0.13516,0.13527,0.13516,0.13513,0.13516,0.13527,0.13516,0.13513,0.13516,0.13527,0.13516,0.13513,0.13516,0.13527,0.13516,0.13513,0.13516,0.13527,0.13516,0.13513,0.13516,0.13527,0.13516,0.13513,0.13516,0.13527,0.13516,0.13513,0.13516,0.13527,0.13516,0.13513,0.13516,0.13527,0.13516,0.13513,0.13532,0.13527,0.13485,0.13606,0.13429,0.13527,0.13708,0.13157,0.13877,0.13527,0.12766,0.1532,0.1056
0.78372,0.84409,0.72949,0.80958,0.78372,0.77,0.79681,0.7768,0.78372,0.78637,0.78063,0.78462,0.78372,0.78313,0.78291,0.78313,0.78372,0.78313,0.78291,0.78313,0.78372,0.78313,0.78291,0.78313,0.78372,0.78313,0.78291,0.78313,0.78372,0.78313,0.78291,0.78313,0.78372,0.78313,0.78291,0.78313,0.78372,0.78313,0.78291,0.78313,0.78372,0.78313,0.78291,0.78313,0.78372,0.78313,0.78291,0.78313,0.78372,0.78313,0.78291,0.78313,0.78372,0.78313,0.78291,0.78313,0.78372,0.78313,0.78291,0.78313,0.78372,0.78313,0.78291,0.78313,0.78372,0.78313,0.78291,0.78313,0.78372,0.78313,0.78291,0.78313,0.78372,0.78313,0.78291,0.78313,0.78372,0.78313,0.78291,0.78313,0.78372,0.78313,0.78291,0.78313,0.78372,0.78313,0.78291,0.78313,0.78372,0.78313,0.78291,0.78313,0.78372,0.78313,0.78291,0.78313,0.78372,0.78313,0.78291,0.78313,0.78372,0.78313,0.78291,0.78313,0.78372,0.78313,0.78291,0.78313,0.78372,0.78313,0.78291,0.78313,0.78372,0.78313,0.78291,0.78337,0.78372,0.78263,0.78436,0.78177,0.78372,0.78611,0.77736,0.78875,0.78372,0.77143,0.81109,0.73703,0.57281,0.55597,0.58659,0.56526,0.57281,0.57591,0.56848,0.57408,0.57281,0.57151,0.57283,0.57198,0.57281,0.57238,0.57222,0.57238,0.57281,0.57238,0.57222,0.57238,0.57281,0.57238,0.57222,0.57238,0.57281,0.57238,0.57222,0.57238,0.57281,0.57238,0.57222,0.57238,0.57281,0.57238,0.57222,0.57238,0.57281,0.57238,0.57222,0.57238,0.57281,0.57238,0.57222,0.57238,0.57281,0.57238,0.57222,0.57238,0.57281,0.57238,0.57222,0.57238,0.57281,0.57238,0.57222,0.57238,0.57281,0.57238,0.57222,0.57238,0.57281,0.57238,0.57222,0.57238,0.57281,0.57238,0.57222,0.57238,0.57281,0.57238,0.57222,0.57238,0.57281,0.57238,0.57222,0.57238,0.57281,0.57238,0.57222,0.57238,0.57281,0.57238,0.57222,0.57238,0.57281,0.57238,0.57222,0.57238,0.57281,0.57238,0.57222,0.57238,0.57281,0.57238,0.57222,0.57238,0.57281,0.57238,0.57222,0.57238,0.57281,0.57238,0.57222,0.57238,0.57281,0.57238,0.57222,0.57238,0.57281,0.57238,0.57222,0.57238,0.57281,0.57238,0.57222,0.57302,0.57281,0.57103,0.57615,0.56867,0.57281,0.58047,0.55716,0.58764,0.57281,0.5406,0.64874,0.44718
0.76653,0.82557,0.71349,0.79182,0.76653,0.75312,0.77933,0.75977,0.76653,0.76912,0.76351,0.76741,0.76653,0.76595,0.76574,0.76595,0.76653,0.76595,0.76574,0.76595,0.76653,0.76595,0.76574,0.76595,0.76653,0.76595,0.76574,0.76595,0.76653,0.76595,0.76574,0.76595,0.76653,0.76595,0.76574,0.76595,0.76653,0.76595,0.76574,0.76595,0.76653,0.76595,0.76574,0.76595,0.76653,0.76595,0.76574,0.76595,0.76653,0.76595,0.76574,0.76595,0.76653,0.76595,0.76574,0.76595,0.76653,0.76595,0.76574,0.76595,0.76653,0.76595,0.76574,0.76595,0.76653,0.76595,0.76574,0.76595,0.76653,0.76595,0.76574,0.76595,0.76653,0.76595,0.76574,0.76595,0.76653,0.76595,0.76574,0.76595,0.76653,0.76595,0.76574,0.76595,0.76653,0.76595,0.76574,0.76595,0.76653,0.76595,0.76574,0.76595,0.76653,0.76595,0.76574,0.76595,0.76653,0.76595,0.76574,0.76595,0.76653,0.76595,0.76574,0.76595,0.76653,0.76595,0.76574,0.76595,0.76653,0.76595,0.76574,0.76595,0.76653,0.76595,0.76574,0.76595,0.76653,0.76595,0.76574,0.76595,0.76653,0.76595,0.76574,0.76595,0.76653,0.76595,0.76574,0.76595,0.76653,0.76595,0.76574,0.76595,0.76653,0.76595,0.76574,0.76595,0.76653,0.76595,0.76574,0.76595,0.76653,0.76595,0.76574,0.76595,0.76653,0.76595,0.76574,0.76595,0.76653,0.76595,0.76574,0.76595,0.76653,0.76595,0.76574,0.76595,0.76653,0.76595,0.76574,0.76595,0.76653,0.76595,0.76574,0.76595,0.76653,0.76595,0.76574,0.76595,0.76653,0.76595,0.76574,0.76595,0.76653,0.76595,0.76574,0.76595,0.76653,0.76595,0.76574,0.76595,0.76653,0.76595,0.76574,0.76595,0.76653,0.76595,0.76574,0.76595,0.76653,0.76595,0.76574,0.76595,0.76653,0.76595,0.76574,0.76595,0.76653,0.76595,0.76574,0.76595,0.76653,0.76595,0.76574,0.76595,0.76653,0.76595,0.76574,0.76595,0.76653,0.76595,0.76574,0.76595,0.76653,0.76595,0.76574,0.76595,0.76653,0.76595,0.76574,0.76595,0.76653,0.76595,0.76574,0.76595,0.76653,0.76595,0.76574,0.76595,0.76653,0.76595,0.76574,0.76595,0.76653,0.76595,0.76574,0.76595,0.76653,0.76595,0.76574,0.76595,0.76653,0.76595,0.76574,0.76682,0.76653,0.76415,0.77101,0.761,0.76653,0.77679,0.74559,0.78638,0.76653,0.72343,0.86814,0.59841
0.87023,0.93726,0.81001,0.89895,0.87023,0.855,0.88476,0.86255,0.87023,0.87317,0.8668,0.87123,0.87023,0.86957,0.86933,0.86957,0.87023,0.86957,0.86933,0.86957,0.87023,0.86957,0.86933,0.86957,0.87023,0.86957,0.86933,0.86957,0.87023,0.86957,0.86933,0.86957,0.87023,0.86957,0.86933,0.86957,0.87023,0.86957,0.86933,0.86957,0.87023,0.86957,0.86933,0.86957,0.87023,0.86957,0.86933,0.86957,0.87023,0.86957,0.86933,0.86957,0.87023,0.86957,0.86933,0.86957,0.87023,0.86957,0.86933,0.86957,0.87023,0.86957,0.86933,0.86957,0.87023,0.86957,0.86933,0.86957,0.87023,0.86957,0.86933,0.86957,0.87023,0.86957,0.86933,0.86957,0.87023,0.86957,0.86933,0.86957,0.87023,0.86957,0.86933,0.86957,0.87023,0.86957,0.86933,0.86957,0.87023,0.86957,0.86933,0.86957,0.87023,0.86957,0.86933,0.86957,0.87023,0.86957,0.86933,0.86957,0.87023,0.86957,0.86933,0.86957,0.87023,0.86957,0.86933,0.86957,0.87023,0.86957,0.86933,0.86957,0.87023,0.86957,0.86933,0.87036,0.87023,0.86795,0.87409,0.8651,0.87023,0.87936,0.85114,0.88802,0.87023,0.83118,0.96179,0.7183,0.17813,0.12417,0.22512,0.15464,0.17813,0.18959,0.16567,0.18358,0.17813,0.17514,0.17996,0.17668,0.17813,0.178,0.17795,0.178,0.17813,0.178,0.17795,0.178,0.17813,0.178,0.17795,0.178,0.17813,0.178,0.17795,0.178,0.17813,0.178,0.17795,0.178,0.17813,0.178,0.17795,0.178,0.17813,0.178,0.17795,0.178,0.17813,0.178,0.17795,0.178,0.17813,0.178,0.17795,0.178,0.17813,0.178,0.17795,0.178,0.17813,0.178,0.17795,0.178,0.17813,0.178,0.17795,0.178,0.17813,0.178,0.17795,0.178,0.17813,0.178,0.17795,0.178,0.17813,0.178,0.17795,0.178,0.17813,0.178,0.17795,0.178,0.17813,0.178,0.17795,0.178,0.17813,0.178,0.17795,0.178,0.17813,0.178,0.17795,0.178,0.17813,0.178,0.17795,0.178,0.17813,0.178,0.17795,0.178,0.17813,0.178,0.17795,0.178,0.17813,0.178,0.17795,0.178,0.17813,0.178,0.17795,0.178,0.17813,0.178,0.17795,0.178,0.17813,0.178,0.17795,0.1782,0.17813,0.17758,0.17917,0.17685,0.17813,0.18051,0.17326,0.18274,0.17813,0.16812,0.20174,0.13906
0.60501,0.65161,0.56314,0.62497,0.60501,0.59442,0.61511,0.59967,0.60501,0.60705,0.60262,0.6057,0.60501,0.60455,0.60438,0.60455,0.60501,0.60455,0.60438,0.60455,0.60501,0.60455,0.60438,0.60455,0.60501,0.60455,0.60438,0.60455,0.60501,0.60455,0.60438,0.60455,0.60501,0.60455,0.60438,0.60455,0.60501,0.60455,0.60438,0.60455,0.60501,0.60455,0.60438,0.60455,0.60501,0.60455,0.60438,0.60455,0.60501,0.60455,0.60438,0.60455,0.60501,0.60455,0.60438,0.60455,0.60501,0.60455,0.60438,0.60455,0.60501,0.60455,0.60438,0.60455,0.60501,0.60455,0.60438,0.60455,0.60501,0.60455,0.60438,0.60455,0.60501,0.60455,0.60438,0.60455,0.60501,0.60455,0.60438,0.60455,0.60501,0.60455,0.60438,0.60455,0.60501,0.60455,0.60438,0.60455,0.60501,0.60455,0.60438,0.60455,0.60501,0.60455,0.60438,0.60455,0.60501,0.60455,0.60438,0.60455,0.60501,0.60455,0.60438,0.60455,0.60501,0.60455,0.60438,0.60455,0.60501,0.60455,0.60438,0.60455,0.60501,0.60455,0.60438,0.60439,0.60501,0.60487,0.60343,0.60544,0.60501,0.6026,0.60801,0.60087,0.60501,0.61221,0.58593,0.63473,0.74309,0.75327,0.73291,0.74719,0.74309,0.74022,0.74477,0.74142,0.74309,0.7431,0.74192,0.74279,0.74309,0.74253,0.74232,0.74253,0.74309,0.74253,0.74232,0.74253,0.74309,0.74253,0.74232,0.74253,0.74309,0.74253,0.74232,0.74253,0.74309,0.74253,0.74232,0.74253,0.74309,0.74253,0.74232,0.74253,0.74309,0.74253,0.74232,0.74253,0.74309,0.74253,0.74232,0.74253,0.74309,0.74253,0.74232,0.74253,0.74309,0.74253,0.74232,0.74253,0.74309,0.74253,0.74232,0.74253,0.74309,0.74253,0.74232,0.74253,0.74309,0.74253,0.74232,0.74253,0.74309,0.74253,0.74232,0.74253,0.74309,0.74253,0.74232,0.74253,0.74309,0.74253,0.74232,0.74253,0.74309,0.74253,0.74232,0.74253,0.74309,0.74253,0.74232,0.74253,0.74309,0.74253,0.74232,0.74253,0.74309,0.74253,0.74232,0.74253,0.74309,0.74253,0.74232,0.74253,0.74309,0.74253,0.74232,0.74253,0.74309,0.74253,0.74232,0.74253,0.74309,0.74253,0.74232,0.74253,0.74309,0.74253,0.74232,0.74253,0.74309,0.74253,0.74232,0.74337,0.74309,0.74079,0.74743,0.73773,0.74309,0.75303,0.72279,0.76233,0.74309,0.70131,0.84159,0.58011
0.87854,0.94621,0.81775,0.90753,0.87854,0.86317,0.89321,0.87079,0.87854,0.88151,0.87508,0.87955,0.87854,0.87788,0.87764,0.87788,0.87854,0.87788,0.87764,0.87788,0.87854,0.87788,0.87764,0.87788,0.87854,0.87788,0.87764,0.87788,0.87854,0.87788,0.87764,0.87788,0.87854,0.87788,0.87764,0.87788,0.87854,0.87788,0.87764,0.87788,0.87854,0.87788,0.87764,0.87788,0.87854,0.87788,0.87764,0.87788,0.87854,0.87788,0.87764,0.87788,0.87854,0.87788,0.87764,0.87788,0.87854,0.87788,0.87764,0.87788,0.87854,0.87788,0.87764,0.87788,0.87854,0.87788,0.87764,0.87788,0.87854,0.87788,0.87764,0.87788,0.87854,0.87788,0.87764,0.87788,0.87854,0.87788,0.87764,0.87788,0.87854,0.87788,0.87764,0.87788,0.87854,0.87788,0.87764,0.87788,0.87854,0.87788,0.87764,0.87788,0.87854,0.87788,0.87764,0.87788,0.87854,0.87788,0.87764,0.87788,0.87854,0.87788,0.87764,0.87788,0.87854,0.87788,0.87764,0.87788,0.87854,0.87788,0.87764,0.87788,0.87854,0.87788,0.87764,0.8783,0.87854,0.87701,0.88017,0.87549,0.87854,0.8831,0.86793,0.88772,0.87854,0.85739,0.92698,0.79715,0.50921,0.4801,0.53386,0.49636,0.50921,0.51501,0.50213,0.5118,0.50921,0.5073,0.50976,0.50812,0.50921,0.50882,0.50868,0.50882,0.50921,0.50882,0.50868,0.50882,0.50921,0.50882,0.50868,0.50882,0.50921,0.50882,0.50868,0.50882,0.50921,0.50882,0.50868,0.50882,0.50921,0.50882,0.50868,0.50882,0.50921,0.50882,0.50868,0.50882,0.50921,0.50882,0.50868,0.50882,0.50921,0.50882,0.50868,0.50882,0.50921,0.50882,0.50868,0.50882,0.50921,0.50882,0.50868,0.50882,0.50921,0.50882,0.50868,0.50882,0.50921,0.50882,0.50868,0.50882,0.50921,0.50882,0.50868,0.50882,0.50921,0.50882,0.50868,0.50882,0.50921,0.50882,0.50868,0.50882,0.50921,0.50882,0.50868,0.50882,0.50921,0.50882,0.50868,0.50882,0.50921,0.50882,0.50868,0.50882,0.50921,0.50882,0.50868,0.50882,0.50921,0.50882,0.50868,0.50882,0.50921,0.50882,0.50868,0.50882,0.50921,0.50882,0.50868,0.50882,0.50921,0.50882,0.50868,0.50882,0.50921,0.50882,0.50868,0.50882,0.50921,0.50882,0.50868,0.5094,0.50921,0.50763,0.51218,0.50553,0.50921,0.51602,0.49529,0.52239,0.50921,0.48057,0.57671,0.39752
0.7342,0.79075,0.68339,0.75842,0.7342,0.72135,0.74646,0.72771,0.7342,0.73668,0.7313,0.73504,0.7342,0.73364,0.73344,0.73364,0.7342,0.73364,0.73344,0.73364,0.7342,0.73364,0.73344,0.73364,0.7342,0.73364,0.73344,0.73364,0.7342,0.73364,0.73344,0.73364,0.7342,0.73364,0.73344,0.73364,0.7342,0.73364,0.73344,0.73364,0.7342,0.73364,0.73344,0.73364,0.7342,0.73364,0.73344,0.73364,0.7342,0.73364,0.73344,0.73364,0.7342,0.73364,0.73344,0.73364,0.7342,0.73364,0.73344,0.73364,0.7342,0.73364,0.73344,0.73364,0.7342,0.73364,0.73344,0.73364,0.7342,0.73364,0.73344,0.73364,0.7342,0.73364,0.73344,0.73364,0.7342,0.73364,0.73344,0.73364,0.7342,0.73364,0.73344,0.73364,0.7342,0.73364,0.73344,0.73364,0.7342,0.73364,0.73344,0.73364,0.7342,0.73364,0.73344,0.73364,0.7342,0.73364,0.73344,0.73364,0.7342,0.73364,0.73344,0.73364,0.7342,0.73364,0.73344,0.73364,0.7342,0.73364,0.73344,0.73364,0.7342,0.73364,0.73344,0.73408,0.7342,0.73273,0.73609,0.73114,0.7342,0.73911,0.72327,0.74395,0.7342,0.71219,0.7851,0.64912,0.3475,0.31716,0.3735,0.33419,0.3475,0.35371,0.34028,0.35036,0.3475,0.34564,0.34827,0.3465,0.3475,0.34724,0.34714,0.34724,0.3475,0.34724,0.34714,0.34724,0.3475,0.34724,0.34714,0.34724,0.3475,0.34724,0.34714,0.34724,0.3475,0.34724,0.34714,0.34724,0.3475,0.34724,0.34714,0.34724,0.3475,0.34724,0.34714,0.34724,0.3475,0.34724,0.34714,0.34724,0.3475,0.34724,0.34714,0.34724,0.3475,0.34724,0.34714,0.34724,0.3475,0.34724,0.34714,0.34724,0.3475,0.34724,0.34714,0.34724,0.3475,0.34724,0.34714,0.34724,0.3475,0.34724,0.34714,0.34724,0.3475,0.34724,0.34714,0.34724,0.3475,0.34724,0.34714,0.34724,0.3475,0.34724,0.34714,0.34724,0.3475,0.34724,0.34714,0.34724,0.3475,0.34724,0.34714,0.34724,0.3475,0.34724,0.34714,0.34724,0.3475,0.34724,0.34714,0.34724,0.3475,0.34724,0.34714,0.34724,0.3475,0.34724,0.34714,0.34724,0.3475,0.34724,0.34714,0.34724,0.3475,0.34724,0.34714,0.34724,0.3475,0.34724,0.34714,0.34763,0.3475,0.34642,0.34953,0.34499,0.3475,0.35215,0.33801,0.3565,0.3475,0.32796,0.39356,0.27128
0.8659,0.9326,0.80598,0.89447,0.8659,0.85075,0.88036,0.85826,0.8659,0.86883,0.86249,0.8669,0.8659,0.86525,0.86501,0.86525,0.8659,0.86525,0.86501,0.86525,0.8659,0.86525,0.86501,0.86525,0.8659,0.86525,0.86501,0.86525,0.8659,0.86525,0.86501,0.86525,0.8659,0.86525,0.86501,0.86525,0.8659,0.86525,0.86501,0.86525,0.8659,0.86525,0.86501,0.86525,0.8659,0.86525,0.86501,0.86525,0.8659,0.86525,0.86501,0.86525,0.8659,0.86525,0.86501,0.86525,0.8659,0.86525,0.86501,0.86525,0.8659,0.86525,0.86501,0.86525,0.8659,0.86525,0.86501,0.86525,0.8659,0.86525,0.86501,0.86525,0.8659,0.86525,0.86501,0.86525,0.8659,0.86525,0.86501,0.86525,0.8659,0.86525,0.86501,0.86525,0.8659,0.86525,0.86501,0.86525,0.8659,0.86525,0.86501,0.86525,0.8659,0.86525,0.86501,0.86525,0.8659,0.86525,0.86501,0.86525,0.8659,0.86525,0.86501,0.86525,0.8659,0.86525,0.86501,0.86525,0.8659,0.86525,0.86501,0.86525,0.8659,0.86525,0.86501,0.86561,0.8659,0.86451,0.86717,0.86322,0.8659,0.8697,0.85674,0.87363,0.8659,0.8478,0.90704,0.79648,0.55128,0.5264,0.57216,0.54025,0.55128,0.55614,0.54513,0.55341,0.55128,0.54957,0.55163,0.55027,0.55128,0.55087,0.55071,0.55087,0.55128,0.55087,0.55071,0.55087,0.55128,0.55087,0.55071,0.55087,0.55128,0.55087,0.55071,0.55087,0.55128,0.55087,0.55071,0.55087,0.55128,0.55087,0.55071,0.55087,0.55128,0.55087,0.55071,0.55087,0.55128,0.55087,0.55071,0.55087,0.55128,0.55087,0.55071,0.55087,0.55128,0.55087,0.55071,0.55087,0.55128,0.55087,0.55071,0.55087,0.55128,0.55087,0.55071,0.55087,0.55128,0.55087,0.55071,0.55087,0.55128,0.55087,0.55071,0.55087,0.55128,0.55087,0.55071,0.55087,0.55128,0.55087,0.55071,0.55087,0.55128,0.55087,0.55071,0.55087,0.55128,0.55087,0.55071,0.55087,0.55128,0.55087,0.55071,0.55087,0.55128,0.55087,0.55071,0.55087,0.55128,0.55087,0.55071,0.55087,0.55128,0.55087,0.55071,0.55087,0.55128,0.55087,0.55071,0.55087,0.55128,0.55087,0.55071,0.55087,0.55128,0.55087,0.55071,0.55087,0.55128,0.55087,0.55071,0.55149,0.55128,0.54957,0.5545,0.5473,0.55128,0.55866,0.53622,0.56556,0.55128,0.52028,0.62436,0.43037
0.4718,0.50814,0.43915,0.48737,0.4718,0.46354,0.47968,0.46764,0.4718,0.47339,0.46994,0.47234,0.4718,0.47144,0.47131,0.47144,0.4718,0.47144,0.47131,0.47144,0.4718,0.47144,0.47131,0.47144,0.4718,0.47144,0.47131,0.47144,0.4718,0.47144,0.47131,0.47144,0.4718,0.47144,0.47131,0.47144,0.4718,0.47144,0.47131,0.47144,0.4718,0.47144,0.47131,0.47144,0.4718,0.47144,0.47131,0.47144,0.4718,0.47144,0.47131,0.47144,0.4718,0.47144,0.47131,0.47144,0.4718,0.47144,0.47131,0.47144,0.4718,0.47144,0.47131,0.47144,0.4718,0.47144,0.47131,0.47144,0.4718,0.47144,0.47131,0.47144,0.4718,0.47144,0.47131,0.47144,0.4718,0.47144,0.47131,0.47144,0.4718,0.47144,0.47131,0.47144,0.4718,0.47144,0.47131,0.47144,0.4718,0.47144,0.47131,0.47144,0.4718,0.47144,0.47131,0.47144,0.4718,0.47144,0.47131,0.47144,0.4718,0.47144,0.47131,0.47144,0.4718,0.47144,0.47131,0.47144,0.4718,0.47144,0.47131,0.47144,0.4718,0.47144,0.47131,0.47108,0.4718,0.4722,0.4691,0.47353,0.4718,0.46689,0.47979,0.46286,0.4718,0.48932,0.42826,0.54188,0.79404,0.81851,0.77126,0.80432,0.79404,0.78805,0.79894,0.79084,0.79404,0.79478,0.79228,0.79406,0.79404,0.79345,0.79322,0.79345,0.79404,0.79345,0.79322,0.79345,0.79404,0.79345,0.79322,0.79345,0.79404,0.79345,0.79322,0.79345,0.79404,0.79345,0.79322,0.79345,0.79404,0.79345,0.79322,0.79345,0.79404,0.79345,0.79322,0.79345,0.79404,0.79345,0.79322,0.79345,0.79404,0.79345,0.79322,0.79345,0.79404,0.79345,0.79322,0.79345,0.79404,0.79345,0.79322,0.79345,0.79404,0.79345,0.79322,0.79345,0.79404,0.79345,0.79322,0.79345,0.79404,0.79345,0.79322,0.79345,0.79404,0.79345,0.79322,0.79345,0.79404,0.79345,0.79322,0.79345,0.79404,0.79345,0.79322,0.79345,0.79404,0.79345,0.79322,0.79345,0.79404,0.79345,0.79322,0.79345,0.79404,0.79345,0.79322,0.79345,0.79404,0.79345,0.79322,0.79345,0.79404,0.79345,0.79322,0.79345,0.79404,0.79345,0.79322,0.79345,0.79404,0.79345,0.79322,0.79345,0.79404,0.79345,0.79322,0.79345,0.79404,0.79345,0.79322,0.79434,0.79404,0.79158,0.79868,0.78831,0.79404,0.80467,0.77235,0.81461,0.79404,0.74939,0.8993,0.61989
0.81231,0.87488,0.7561,0.83911,0.81231,0.79809,0.82587,0.80514,0.81231,0.81505,0.8091,0.81324,0.81231,0.8117,0.81147,0.8117,0.81231,0.8117,0.81147,0.8117,0.81231,0.8117,0.81147,0.8117,0.81231,0.8117,0.81147,0.8117,0.81231,0.8117,0.81147,0.8117,0.81231,0.8117,0.81147,0.8117,0.81231,0.8117,0.81147,0.8117,0.81231,0.8117,0.81147,0.8117,0.81231,0.8117,0.81147,0.8117,0.81231,0.8117,0.81147,0.8117,0.81231,0.8117,0.81147,0.8117,0.81231,0.8117,0.81147,0.8117,0.81231,0.8117,0.81147,0.8117,0.81231,0.8117,0.81147,0.8117,0.81231,0.8117,0.81147,0.8117,0.81231,0.8117,0.81147,0.8117,0.81231,0.8117,0.81147,0.8117,0.81231,0.8117,0.81147,0.8117,0.81231,0.8117,0.81147,0.8117,0.81231,0.8117,0.81147,0.8117,0.81231,0.8117,0.81147,0.8117,0.81231,0.8117,0.81147,0.8117,0.81231,0.8117,0.81147,0.8117,0.81231,0.8117,0.81147,0.8117,0.81231,0.8117,0.81147,0.8117,0.81231,0.8117,0.81147,0.81232,0.81231,0.81039,0.81528,0.80811,0.81231,0.81952,0.7969,0.82646,0.81231,0.78096,0.88547,0.69061,0.25835,0.21507,0.29584,0.23946,0.25835,0.26743,0.24826,0.26263,0.25835,0.25586,0.25969,0.2571,0.25835,0.25815,0.25808,0.25815,0.25835,0.25815,0.25808,0.25815,0.25835,0.25815,0.25808,0.25815,0.25835,0.25815,0.25808,0.25815,0.25835,0.25815,0.25808,0.25815,0.25835,0.25815,0.25808,0.25815,0.25835,0.25815,0.25808,0.25815,0.25835,0.25815,0.25808,0.25815,0.25835,0.25815,0.25808,0.25815,0.25835,0.25815,0.25808,0.25815,0.25835,0.25815,0.25808,0.25815,0.25835,0.25815,0.25808,0.25815,0.25835,0.25815,0.25808,0.25815,0.25835,0.25815,0.25808,0.25815,0.25835,0.25815,0.25808,0.25815,0.25835,0.25815,0.25808,0.25815,0.25835,0.25815,0.25808,0.25815,0.25835,0.25815,0.25808,0.25815,0.25835,0.25815,0.25808,0.25815,0.25835,0.25815,0.25808,0.25815,0.25835,0.25815,0.25808,0.25815,0.25835,0.25815,0.25808,0.25815,0.25835,0.25815,0.25808,0.25815,0.25835,0.25815,0.25808,0.25815,0.25835,0.25815,0.25808,0.25815,0.25835,0.25815,0.25808,0.25844,0.25835,0.25755,0.25986,0.25648,0.25835,0.2618,0.25129,0.26504,0.25835,0.24382,0.29259,0.20168
0.75713,0.81545,0.70474,0.78211,0.75713,0.74388,0.76977,0.75045,0.75713,0.75969,0.75414,0.758,0.75713,0.75656,0.75635,0.75656,0.75713,0.75656,0.75635,0.75656,0.75713,0.75656,0.75635,0.75656,0.75713,0.75656,0.75635,0.75656,0.75713,0.75656,0.75635,0.75656,0.75713,0.75656,0.75635,0.75656,0.75713,0.75656,0.75635,0.75656,0.75713,0.75656,0.75635,0.75656,0.75713,0.75656,0.75635,0.75656,0.75713,0.75656,0.75635,0.75656,0.75713,0.75656,0.75635,0.75656,0.75713,0.75656,0.75635,0.75656,0.75713,0.75656,0.75635,0.75656,0.75713,0.75656,0.75635,0.75656,0.75713,0.75656,0.75635,0.75656,0.75713,0.75656,0.75635,0.75656,0.75713,0.75656,0.75635,0.75656,0.75713,0.75656,0.75635,0.75656,0.75713,0.75656,0.75635,0.75656,0.75713,0.75656,0.75635,0.75656,0.75713,0.75656,0.75635,0.75656,0.75713,0.75656,0.75635,0.75656,0.75713,0.75656,0.75635,0.75656,0.75713,0.75656,0.75635,0.75656,0.75713,0.75656,0.75635,0.75656,0.75713,0.75656,0.75635,0.75709,0.75713,0.75545,0.7596,0.7535,0.75713,0.76325,0.74389,0.76918,0.75713,0.73028,0.81963,0.65302,0.28343,0.24637,0.31542,0.26722,0.28343,0.29114,0.27473,0.28704,0.28343,0.28125,0.28451,0.28231,0.28343,0.28321,0.28313,0.28321,0.28343,0.28321,0.28313,0.28321,0.28343,0.28321,0.28313,0.28321,0.28343,0.28321,0.28313,0.28321,0.28343,0.28321,0.28313,0.28321,0.28343,0.28321,0.28313,0.28321,0.28343,0.28321,0.28313,0.28321,0.28343,0.28321,0.28313,0.28321,0.28343,0.28321,0.28313,0.28321,0.28343,0.28321,0.28313,0.28321,0.28343,0.28321,0.28313,0.28321,0.28343,0.28321,0.28313,0.28321,0.28343,0.28321,0.28313,0.28321,0.28343,0.28321,0.28313,0.28321,0.28343,0.28321,0.28313,0.28321,0.28343,0.28321,0.28313,0.28321,0.28343,0.28321,0.28313,0.28321,0.28343,0.28321,0.28313,0.28321,0.28343,0.28321,0.28313,0.28321,0.28343,0.28321,0.28313,0.28321,0.28343,0.28321,0.28313,0.28321,0.28343,0.28321,0.28313,0.28321,0.28343,0.28321,0.28313,0.28321,0.28343,0.28321,0.28313,0.28321,0.28343,0.28321,0.28313,0.28321,0.28343,0.28321,0.28313,0.28353,0.28343,0.28255,0.28508,0.28138,0.28343,0.28722,0.27568,0.29077,0.28343,0.26749,0.321,0.22126
0.78558,0.84609,0.73122,0.8115,0.78558,0.77183,0.7987,0.77864,0.78558,0.78823,0.78248,0.78648,0.78558,0.78499,0.78477,0.78499,0.78558,0.78499,0.78477,0.78499,0.78558,0.78499,0.78477,0.78499,0.78558,0.78499,0.78477,0.78499,0.78558,0.78499,0.78477,0.78499,0.78558,0.78499,0.78477,0.78499,0.78558,0.78499,0.78477,0.78499,0.78558,0.78499,0.78477,0.78499,0.78558,0.78499,0.78477,0.78499,0.78558,0.78499,0.78477,0.78499,0.78558,0.78499,0.78477,0.78499,0.78558,0.78499,0.78477,0.78499,0.78558,0.78499,0.78477,0.78499,0.78558,0.78499,0.78477,0.78499,0.78558,0.78499,0.78477,0.78499,0.78558,0.78499,0.78477,0.78499,0.78558,0.78499,0.78477,0.78499,0.78558,0.78499,0.78477,0.78499,0.78558,0.78499,0.78477,0.78499,0.78558,0.78499,0.78477,0.78499,0.78558,0.78499,0.78477,0.78499,0.78558,0.78499,0.78477,0.78499,0.78558,0.78499,0.78477,0.78499,0.78558,0.78499,0.78477,0.78499,0.78558,0.78499,0.78477,0.78499,0.78558,0.78499,0.78477,0.78511,0.78558,0.78472,0.78554,0.78426,0.78558,0.78658,0.78181,0.78798,0.78558,0.77875,0.7998,0.7604,0.67308,0.66383,0.68006,0.66878,0.67308,0.67446,0.67039,0.67348,0.67308,0.67211,0.67272,0.67236,0.67308,0.67258,0.67239,0.67258,0.67308,0.67258,0.67239,0.67258,0.67308,0.67258,0.67239,0.67258,0.67308,0.67258,0.67239,0.67258,0.67308,0.67258,0.67239,0.67258,0.67308,0.67258,0.67239,0.67258,0.67308,0.67258,0.67239,0.67258,0.67308,0.67258,0.67239,0.67258,0.67308,0.67258,0.67239,0.67258,0.67308,0.67258,0.67239,0.67258,0.67308,0.67258,0.67239,0.67258,0.67308,0.67258,0.67239,0.67258,0.67308,0.67258,0.67239,0.67258,0.67308,0.67258,0.67239,0.67258,0.67308,0.67258,0.67239,0.67258,0.67308,0.67258,0.67239,0.67258,0.67308,0.67258,0.67239,0.67258,0.67308,0.67258,0.67239,0.67258,0.67308,0.67258,0.67239,0.67258,0.67308,0.67258,0.67239,0.67258,0.67308,0.67258,0.67239,0.67258,0.67308,0.67258,0.67239,0.67258,0.67308,0.67258,0.67239,0.67258,0.67308,0.67258,0.67239,0.67258,0.67308,0.67258,0.67239,0.67258,0.67308,0.67258,0.67239,0.67334,0.67308,0.671,0.67701,0.66823,0.67308,0.68209,0.65469,0.69051,0.67308,0.63524,0.76231,0.52546
0.73081,0.7871,0.68024,0.75493,0.73081,0.71802,0.74302,0.72436,0.73081,0.73328,0.72793,0.73165,0.73081,0.73026,0.73006,0.73026,0.73081,0.73026,0.73006,0.73026,0.73081,0.73026,0.73006,0.73026,0.73081,0.73026,0.73006,0.73026,0.73081,0.73026,0.73006,0.73026,0.73081,0.73026,0.73006,0.73026,0.73081,0.73026,0.73006,0.73026,0.73081,0.73026,0.73006,0.73026,0.73081,0.73026,0.73006,0.73026,0.73081,0.73026,0.73006,0.73026,0.73081,0.73026,0.73006,0.73026,0.73081,0.73026,0.73006,0.73026,0.73081,0.73026,0.73006,0.73026,0.73081,0.73026,0.73006,0.73026,0.73081,0.73026,0.73006,0.73026,0.73081,0.73026,0.73006,0.73026,0.73081,0.73026,0.73006,0.73026,0.73081,0.73026,0.73006,0.73026,0.73081,0.73026,0.73006,0.73026,0.73081,0.73026,0.73006,0.73026,0.73081,0.73026,0.73006,0.73026,0.73081,0.73026,0.73006,0.73026,0.73081,0.73026,0.73006,0.73026,0.73081,0.73026,0.73006,0.73026,0.73081,0.73026,0.73006,0.73026,0.73081,0.73026,0.73006,0.73068,0.73081,0.7294,0.73259,0.72788,0.73081,0.73546,0.72039,0.74007,0.73081,0.70985,0.77921,0.64985,0.36292,0.33403,0.38762,0.35023,0.36292,0.3688,0.35602,0.36561,0.36292,0.36112,0.36361,0.36194,0.36292,0.36264,0.36254,0.36264,0.36292,0.36264,0.36254,0.36264,0.36292,0.36264,0.36254,0.36264,0.36292,0.36264,0.36254,0.36264,0.36292,0.36264,0.36254,0.36264,0.36292,0.36264,0.36254,0.36264,0.36292,0.36264,0.36254,0.36264,0.36292,0.36264,0.36254,0.36264,0.36292,0.36264,0.36254,0.36264,0.36292,0.36264,0.36254,0.36264,0.36292,0.36264,0.36254,0.36264,0.36292,0.36264,0.36254,0.36264,0.36292,0.36264,0.36254,0.36264,0.36292,0.36264,0.36254,0.36264,0.36292,0.36264,0.36254,0.36264,0.36292,0.36264,0.36254,0.36264,0.36292,0.36264,0.36254,0.36264,0.36292,0.36264,0.36254,0.36264,0.36292,0.36264,0.36254,0.36264,0.36292,0.36264,0.36254,0.36264,0.36292,0.36264,0.36254,0.36264,0.36292,0.36264,0.36254,0.36264,0.36292,0.36264,0.36254,0.36264,0.36292,0.36264,0.36254,0.36264,0.36292,0.36264,0.36254,0.36264,0.36292,0.36264,0.36254,0.36305,0.36292,0.36179,0.36504,0.3603,0.36292,0.36777,0.353,0.37232,0.36292,0.34251,0.41103,0.28332
0.83591,0.9003,0.77807,0.86349,0.83591,0.82128,0.84987,0.82853,0.83591,0.83874,0.83261,0.83687,0.83591,0.83528,0.83505,0.83528,0.83591,0.83528,0.83505,0.83528,0.83591,0.83528,0.83505,0.83528,0.83591,0.83528,0.83505,0.83528,0.83591,0.83528,0.83505,0.83528,0.83591,0.83528,0.83505,0.83528,0.83591,0.83528,0.83505,0.83528,0.83591,0.83528,0.83505,0.83528,0.83591,0.83528,0.83505,0.83528,0.83591,0.83528,0.83505,0.83528,0.83591,0.83528,0.83505,0.83528,0.83591,0.83528,0.83505,0.83528,0.83591,0.83528,0.83505,0.83528,0.83591,0.83528,0.83505,0.83528,0.83591,0.83528,0.83505,0.83528,0.83591,0.83528,0.83505,0.83528,0.83591,0.83528,0.83505,0.83528,0.83591,0.83528,0.83505,0.83528,0.83591,0.83528,0.83505,0.83528,0.83591,0.83528,0.83505,0.83528,0.83591,0.83528,0.83505,0.83528,0.83591,0.83528,0.83505,0.83528,0.83591,0.83528,0.83505,0.83528,0.83591,0.83528,0.83505,0.83528,0.83591,0.83528,0.83505,0.83528,0.83591,0.83528,0.83505,0.83528,0.83591,0.83528,0.83505,0.83528,0.83591,0.83528,0.83505,0.83528,0.83591,0.83528,0.83505,0.83528,0.83591,0.83528,0.83505,0.83528,0.83591,0.83528,0.83505,0.83528,0.83591,0.83528,0.83505,0.83528,0.83591,0.83528,0.83505,0.83528,0.83591,0.83528,0.83505,0.83528,0.83591,0.83528,0.83505,0.83528,0.83591,0.83528,0.83505,0.83528,0.83591,0.83528,0.83505,0.83528,0.83591,0.83528,0.83505,0.83528,0.83591,0.83528,0.83505,0.83528,0.83591,0.83528,0.83505,0.83528,0.83591,0.83528,0.83505,0.83528,0.83591,0.83528,0.83505,0.83528,0.83591,0.83528,0.83505,0.83528,0.83591,0.83528,0.83505,0.83528,0.83591,0.83528,0.83505,0.83528,0.83591,0.83528,0.83505,0.83528,0.83591,0.83528,0.83505,0.83528,0.83591,0.83528,0.83505,0.83528,0.83591,0.83528,0.83505,0.83528,0.83591,0.83528,0.83505,0.83528,0.83591,0.83528,0.83505,0.83528,0.83591,0.83528,0.83505,0.83528,0.83591,0.83528,0.83505,0.83528,0.83591,0.83528,0.83505,0.83528,0.83591,0.83528,0.83505,0.83528,0.83591,0.83528,0.83505,0.83528,0.83591,0.83528,0.83505,0.83528,0.83591,0.83528,0.83505,0.83623,0.83591,0.83332,0.84079,0.82988,0.83591,0.84709,0.81307,0.85756,0.83591,0.78891,0.94672,0.65257
0.83757,0.90209,0.77961,0.86521,0.83757,0.82292,0.85156,0.83018,0.83757,0.8404,0.83427,0.83853,0.83757,0.83694,0.83671,0.83694,0.83757,0.83694,0.83671,0.83694,0.83757,0.83694,0.83671,0.83694,0.83757,0.83694,0.83671,0.83694,0.83757,0.83694,0.83671,0.83694,0.83757,0.83694,0.83671,0.83694,0.83757,0.83694,0.83671,0.83694,0.83757,0.83694,0.83671,0.83694,0.83757,0.83694,0.83671,0.83694,0.83757,0.83694,0.83671,0.83694,0.83757,0.83694,0.83671,0.83694,0.83757,0.83694,0.83671,0.83694,0.83757,0.83694,0.83671,0.83694,0.83757,0.83694,0.83671,0.83694,0.83757,0.83694,0.83671,0.83694,0.83757,0.83694,0.83671,0.83694,0.83757,0.83694,0.83671,0.83694,0.83757,0.83694,0.83671,0.83694,0.83757,0.83694,0.83671,0.83694,0.83757,0.83694,0.83671,0.83694,0.83757,0.83694,0.83671,0.83694,0.83757,0.83694,0.83671,0.83694,0.83757,0.83694,0.83671,0.83694,0.83757,0.83694,0.83671,0.83694,0.83757,0.83694,0.83671,0.83694,0.83757,0.83694,0.83671,0.83694,0.83757,0.83694,0.83671,0.83694,0.83757,0.83694,0.83671,0.83694,0.83757,0.83694,0.83671,0.83694,0.83757,0.83694,0.83671,0.83694,0.83757,0.83694,0.83671,0.83694,0.83757,0.83694,0.83671,0.83694,0.83757,0.83694,0.83671,0.83694,0.83757,0.83694,0.83671,0.83694,0.83757,0.83694,0.83671,0.83694,0.83757,0.83694,0.83671,0.83694,0.83757,0.83694,0.83671,0.83694,0.83757,0.83694,0.83671,0.83694,0.83757,0.83694,0.83671,0.83694,0.83757,0.83694,0.83671,0.83694,0.83757,0.83694,0.83671,0.83694,0.83757,0.83694,0.83671,0.83694,0.83757,0.83694,0.83671,0.83694,0.83757,0.83694,0.83671,0.83694,0.83757,0.83694,0.83671,0.83694,0.83757,0.83694,0.83671,0.83694,0.83757,0.83694,0.83671,0.83694,0.83757,0.83694,0.83671,0.83694,0.83757,0.83694,0.83671,0.83694,0.83757,0.83694,0.83671,0.83694,0.83757,0.83694,0.83671,0.83694,0.83757,0.83694,0.83671,0.83694,0.83757,0.83694,0.83671,0.83694,0.83757,0.83694,0.83671,0.83694,0.83757,0.83694,0.83671,0.83694,0.83757,0.83694,0.83671,0.83694,0.83757,0.83694,0.83671,0.83694,0.83757,0.83694,0.83671,0.83789,0.83757,0.83497,0.84246,0.83153,0.83757,0.84878,0.81469,0.85926,0.83757,0.79048,0.9486,0.65387
0.86512,0.93176,0.80525,0.89367,0.86512,0.84998,0.87957,0.85748,0.86512,0.86804,0.8617,0.86611,0.86512,0.86447,0.86423,0.86447,0.86512,0.86447,0.86423,0.86447,0.86512,0.86447,0.86423,0.86447,0.86512,0.86447,0.86423,0.86447,0.86512,0.86447,0.86423,0.86447,0.86512,0.86447,0.86423,0.86447,0.86512,0.86447,0.86423,0.86447,0.86512,0.86447,0.86423,0.86447,0.86512,0.86447,0.86423,0.86447,0.86512,0.86447,0.86423,0.86447,0.86512,0.86447,0.86423,0.86447,0.86512,0.86447,0.86423,0.86447,0.86512,0.86447,0.86423,0.86447,0.86512,0.86447,0.86423,0.86447,0.86512,0.86447,0.86423,0.86447,0.86512,0.86447,0.86423,0.86447,0.86512,0.86447,0.86423,0.86447,0.86512,0.86447,0.86423,0.86447,0.86512,0.86447,0.86423,0.86447,0.86512,0.86447,0.86423,0.86447,0.86512,0.86447,0.86423,0.86447,0.86512,0.86447,0.86423,0.86447,0.86512,0.86447,0.86423,0.86447,0.86512,0.86447,0.86423,0.86447,0.86512,0.86447,0.86423,0.86447,0.86512,0.86447,0.86423,0.86447,0.86512,0.86447,0.86423,0.86447,0.86512,0.86447,0.86423,0.86447,0.86512,0.86447,0.86423,0.86447,0.86512,0.86447,0.86423,0.86447,0.86512,0.86447,0.86423,0.86447,0.86512,0.86447,0.86423,0.86447,0.86512,0.86447,0.86423,0.86447,0.86512,0.86447,0.86423,0.86447,0.86512,0.86447,0.86423,0.86447,0.86512,0.86447,0.86423,0.86447,0.86512,0.86447,0.86423,0.86447,0.86512,0.86447,0.86423,0.86447,0.86512,0.86447,0.86423,0.86447,0.86512,0.86447,0.86423,0.86447,0.86512,0.86447,0.86423,0.86447,0.86512,0.86447,0.86423,0.86447,0.86512,0.86447,0.86423,0.86447,0.86512,0.86447,0.86423,0.86447,0.86512,0.86447,0.86423,0.86447,0.86512,0.86447,0.86423,0.86447,0.86512,0.86447,0.86423,0.86447,0.86512,0.86447,0.86423,0.86447,0.86512,0.86447,0.86423,0.86447,0.86512,0.86447,0.86423,0.86447,0.86512,0.86447,0.86423,0.86447,0.86512,0.86447,0.86423,0.86447,0.86512,0.86447,0.86423,0.86447,0.86512,0.86447,0.86423,0.86447,0.86512,0.86447,0.86423,0.86447,0.86512,0.86447,0.86423,0.86447,0.86512,0.86447,0.86423,0.86447,0.86512,0.86447,0.86423,0.86544,0.86512,0.86243,0.87017,0.85887,0.86512,0.87669,0.84148,0.88752,0.86512,0.81647,0.9798,0.67537
0.80656,0.86869,0.75075,0.83318,0.80656,0.79245,0.82003,0.79944,0.80656,0.80929,0.80338,0.80749,0.80656,0.80595,0.80573,0.80595,0.80656,0.80595,0.80573,0.80595,0.80656,0.80595,0.80573,0.80595,0.80656,0.80595,0.80573,0.80595,0.80656,0.80595,0.80573,0.80595,0.80656,0.80595,0.80573,0.80595,0.80656,0.80595,0.80573,0.80595,0.80656,0.80595,0.80573,0.80595,0.80656,0.80595,0.80573,0.80595,0.80656,0.80595,0.80573,0.80595,0.80656,0.80595,0.80573,0.80595,0.80656,0.80595,0.80573,0.80595,0.80656,0.80595,0.80573,0.80595,0.80656,0.80595,0.80573,0.80595,0.80656,0.80595,0.80573,0.80595,0.80656,0.80595,0.80573,0.80595,0.80656,0.80595,0.80573,0.80595,0.80656,0.80595,0.80573,0.80595,0.80656,0.80595,0.80573,0.80595,0.80656,0.80595,0.80573,0.80595,0.80656,0.80595,0.80573,0.80595,0.80656,0.80595,0.80573,0.80595,0.80656,0.80595,0.80573,0.80595,0.80656,0.80595,0.80573,0.80595,0.80656,0.80595,0.80573,0.80595,0.80656,0.80595,0.80573,0.80666,0.80656,0.80449,0.81,0.80193,0.80656,0.81474,0.78938,0.82253,0.80656,0.77145,0.8888,0.67003,0.1847,0.13619,0.2269,0.16357,0.1847,0.19497,0.17348,0.18958,0.1847,0.18199,0.18632,0.18338,0.1847,0.18456,0.18451,0.18456,0.1847,0.18456,0.18451,0.18456,0.1847,0.18456,0.18451,0.18456,0.1847,0.18456,0.18451,0.18456,0.1847,0.18456,0.18451,0.18456,0.1847,0.18456,0.18451,0.18456,0.1847,0.18456,0.18451,0.18456,0.1847,0.18456,0.18451,0.18456,0.1847,0.18456,0.18451,0.18456,0.1847,0.18456,0.18451,0.18456,0.1847,0.18456,0.18451,0.18456,0.1847,0.18456,0.18451,0.18456,0.1847,0.18456,0.18451,0.18456,0.1847,0.18456,0.18451,0.18456,0.1847,0.18456,0.18451,0.18456,0.1847,0.18456,0.18451,0.18456,0.1847,0.18456,0.18451,0.18456,0.1847,0.18456,0.18451,0.18456,0.1847,0.18456,0.18451,0.18456,0.1847,0.18456,0.18451,0.18456,0.1847,0.18456,0.18451,0.18456,0.1847,0.18456,0.18451,0.18456,0.1847,0.18456,0.18451,0.18456,0.1847,0.18456,0.18451,0.18456,0.1847,0.18456,0.18451,0.18456,0.1847,0.18456,0.18451,0.18477,0.1847,0.18412,0.18578,0.18336,0.1847,0.18717,0.17965,0.18948,0.1847,0.17431,0.20918,0.14419
0.79439,0.85557,0.73941,0.8206,0.79439,0.78048,0.80765,0.78737,0.79439,0.79707,0.79125,0.7953,0.79439,0.79379,0.79356,0.79379,0.79439,0.79379,0.79356,0.79379,0.79439,0.79379,0.79356,0.79379,0.79439,0.79379,0.79356,0.79379,0.79439,0.79379,0.79356,0.79379,0.79439,0.79379,0.79356,0.79379,0.79439,0.79379,0.79356,0.79379,0.79439,0.79379,0.79356,0.79379,0.79439,0.79379,0.79356,0.79379,0.79439,0.79379,0.79356,0.79379,0.79439,0.79379,0.79356,0.79379,0.79439,0.79379,0.79356,0.79379,0.79439,0.79379,0.79356,0.79379,0.79439,0.79379,0.79356,0.79379,0.79439,0.79379,0.79356,0.79379,0.79439,0.79379,0.79356,0.79379,0.79439,0.79379,0.79356,0.79379,0.79439,0.79379,0.79356,0.79379,0.79439,0.79379,0.79356,0.79379,0.79439,0.79379,0.79356,0.79379,0.79439,0.79379,0.79356,0.79379,0.79439,0.79379,0.79356,0.79379,0.79439,0.79379,0.79356,0.79379,0.79439,0.79379,0.79356,0.79379,0.79439,0.79379,0.79356,0.79379,0.79439,0.79379,0.79356,0.79407,0.79439,0.79319,0.7953,0.79216,0.79439,0.79735,0.78694,0.8005,0.79439,0.7798,0.82724,0.73869,0.54231,0.52229,0.55893,0.53339,0.54231,0.54612,0.53728,0.54394,0.54231,0.54086,0.54248,0.54142,0.54231,0.5419,0.54175,0.5419,0.54231,0.5419,0.54175,0.5419,0.54231,0.5419,0.54175,0.5419,0.54231,0.5419,0.54175,0.5419,0.54231,0.5419,0.54175,0.5419,0.54231,0.5419,0.54175,0.5419,0.54231,0.5419,0.54175,0.5419,0.54231,0.5419,0.54175,0.5419,0.54231,0.5419,0.54175,0.5419,0.54231,0.5419,0.54175,0.5419,0.54231,0.5419,0.54175,0.5419,0.54231,0.5419,0.54175,0.5419,0.54231,0.5419,0.54175,0.5419,0.54231,0.5419,0.54175,0.5419,0.54231,0.5419,0.54175,0.5419,0.54231,0.5419,0.54175,0.5419,0.54231,0.5419,0.54175,0.5419,0.54231,0.5419,0.54175,0.5419,0.54231,0.5419,0.54175,0.5419,0.54231,0.5419,0.54175,0.5419,0.54231,0.5419,0.54175,0.5419,0.54231,0.5419,0.54175,0.5419,0.54231,0.5419,0.54175,0.5419,0.54231,0.5419,0.54175,0.5419,0.54231,0.5419,0.54175,0.5419,0.54231,0.5419,0.54175,0.54251,0.54231,0.54063,0.54548,0.53839,0.54231,0.54956,0.52749,0.55635,0.54231,0.51182,0.6142,0.42337
0.12736,0.13716,0.11854,0.13156,0.12736,0.12513,0.12948,0.12623,0.12736,0.12779,0.12685,0.1275,0.12736,0.12726,0.12722,0.12726,0.12736,0.12726,0.12722,0.12726,0.12736,0.12726,0.12722,0.12726,0.12736,0.12726,0.12722,0.12726,0.12736,0.12726,0.12722,0.12726,0.12736,0.12726,0.12722,0.12726,0.12736,0.12726,0.12722,0.12726,0.12736,0.12726,0.12722,0.12726,0.12736,0.12726,0.12722,0.12726,0.12736,0.12726,0.12722,0.12726,0.12736,0.12726,0.12722,0.12726,0.12736,0.12726,0.12722,0.12726,0.12736,0.12726,0.12722,0.12726,0.12736,0.12726,0.12722,0.12726,0.12736,0.12726,0.12722,0.12726,0.12736,0.12726,0.12722,0.12726,0.12736,0.12726,0.12722,0.12726,0.12736,0.12726,0.12722,0.12726,0.12736,0.12726,0.12722,0.12726,0.12736,0.12726,0.12722,0.12726,0.12736,0.12726,0.12722,0.12726,0.12736,0.12726,0.12722,0.12726,0.12736,0.12726,0.12722,0.12726,0.12736,0.12726,0.12722,0.12726,0.12736,0.12726,0.12722,0.12726,0.12736,0.12726,0.12722,0.12649,0.12736,0.12886,0.12253,0.13168,0.12736,0.11761,0.14518,0.10905,0.12736,0.16516,0.035968,0.27657,0.81046,0.86298,0.76305,0.8329,0.81046,0.79841,0.82173,0.80433,0.81046,0.81267,0.80763,0.81114,0.81046,0.80985,0.80962,0.80985,0.81046,0.80985,0.80962,0.80985,0.81046,0.80985,0.80962,0.80985,0.81046,0.80985,0.80962,0.80985,0.81046,0.80985,0.80962,0.80985,0.81046,0.80985,0.80962,0.80985,0.81046,0.80985,0.80962,0.80985,0.81046,0.80985,0.80962,0.80985,0.81046,0.80985,0.80962,0.80985,0.81046,0.80985,0.80962,0.80985,0.81046,0.80985,0.80962,0.80985,0.81046,0.80985,0.80962,0.80985,0.81046,0.80985,0.80962,0.80985,0.81046,0.80985,0.80962,0.80985,0.81046,0.80985,0.80962,0.80985,0.81046,0.80985,0.80962,0.80985,0.81046,0.80985,0.80962,0.80985,0.81046,0.80985,0.80962,0.80985,0.81046,0.80985,0.80962,0.80985,0.81046,0.80985,0.80962,0.80985,0.81046,0.80985,0.80962,0.80985,0.81046,0.80985,0.80962,0.80985,0.81046,0.80985,0.80962,0.80985,0.81046,0.80985,0.80962,0.80985,0.81046,0.80985,0.80962,0.80985,0.81046,0.80985,0.80962,0.81076,0.81046,0.80794,0.81519,0.80461,0.81046,0.8213,0.78831,0.83144,0.81046,0.76488,0.91789,0.6327
0.69463,0.74814,0.64657,0.71755,0.69463,0.68248,0.70623,0.6885,0.69463,0.69698,0.69189,0.69543,0.69463,0.69411,0.69392,0.69411,0.69463,0.69411,0.69392,0.69411,0.69463,0.69411,0.69392,0.69411,0.69463,0.69411,0.69392,0.69411,0.69463,0.69411,0.69392,0.69411,0.69463,0.69411,0.69392,0.69411,0.69463,0.69411,0.69392,0.69411,0.69463,0.69411,0.69392,0.69411,0.69463,0.69411,0.69392,0.69411,0.69463,0.69411,0.69392,0.69434,0.69463,0.69364,0.69529,0.69282,0.69463,0.69693,0.68866,0.69943,0.69463,0.68303,0.72061,0.65044,0.49483,0.47892,0.50794,0.48771,0.49483,0.4978,0.49078,0.49607,0.49483,0.49363,0.4949,0.49408,0.49483,0.49446,0.49432,0.49446,0.49483,0.49446,0.49432,0.49446,0.49483,0.49446,0.49432,0.49446,0.49483,0.49446,0.49432,0.49446,0.49483,0.49446,0.49432,0.49446,0.49483,0.49446,0.49432,0.49446,0.49483,0.49446,0.49432,0.49446,0.49483,0.49446,0.49432,0.49446,0.49483,0.49446,0.49432,0.49446,0.49483,0.49446,0.49432,0.49438,0.49483,0.49461,0.49387,0.49488,0.49483,0.49354,0.49603,0.49273,0.49483,0.49806,0.48564,0.50865,0.55978,0.56441,0.55478,0.56155,0.55978,0.55827,0.56035,0.55883,0.55978,0.55963,0.55901,0.55948,0.55978,0.55936,0.5592,0.55936,0.55978,0.55936,0.5592,0.55936,0.55978,0.55936,0.5592,0.55936,0.55978,0.55936,0.5592,0.55936,0.55978,0.55936,0.5592,0.55936,0.55978,0.55936,0.5592,0.55936,0.55978,0.55936,0.5592,0.55936,0.55978,0.55936,0.5592,0.55936,0.55978,0.55936,0.5592,0.55936,0.55978,0.55936,0.5592,0.55929,0.55978,0.55951,0.55876,0.55977,0.55978,0.55846,0.56088,0.55766,0.55978,0.56289,0.55069,0.57329,0.62351,0.62799,0.61852,0.62519,0.62351,0.62197,0.62399,0.62252,0.62351,0.6233,0.62268,0.62316,0.62351,0.62304,0.62286,0.62304,0.62351,0.62304,0.62286,0.62304,0.62351,0.62304,0.62286,0.62304,0.62351,0.62304,0.62286,0.62304,0.62351,0.62304,0.62286,0.62304,0.62351,0.62304,0.62286,0.62304,0.62351,0.62304,0.62286,0.62304,0.62351,0.62304,0.62286,0.62304,0.62351,0.62304,0.62286,0.62304,0.62351,0.62304,0.62286,0.62374,0.62351,0.62157,0.62715,0.619,0.62351,0.63185,0.60647,0.63965,0.62351,0.58845,0.70616,0.48675
0.83801,0.90256,0.78002,0.86566,0.83801,0.82335,0.85201,0.83061,0.83801,0.84084,0.8347,0.83897,0.83801,0.83738,0.83715,0.83738,0.83801,0.83738,0.83715,0.83738,0.83801,0.83738,0.83715,0.83738,0.83801,0.83738,0.83715,0.83738,0.83801,0.83738,0.83715,0.83738,0.83801,0.83738,0.83715,0.83738,0.83801,0.83738,0.83715,0.83738,0.83801,0.83738,0.83715,0.83738,0.83801,0.83738,0.83715,0.83738,0.83801,0.83738,0.83715,0.83738,0.83801,0.83738,0.83715,0.83738,0.83801,0.83738,0.83715,0.83738,0.83801,0.83738,0.83715,0.83738,0.83801,0.83738,0.83715,0.83738,0.83801,0.83738,0.83715,0.83738,0.83801,0.83738,0.83715,0.83738,0.83801,0.83738,0.83715,0.83738,0.83801,0.83738,0.83715,0.83738,0.83801,0.83738,0.83715,0.83738,0.83801,0.83738,0.83715,0.83738,0.83801,0.83738,0.83715,0.83738,0.83801,0.83738,0.83715,0.83738,0.83801,0.83738,0.83715,0.83738,0.83801,0.83738,0.83715,0.83738,0.83801,0.83738,0.83715,0.83738,0.83801,0.83738,0.83715,0.83738,0.83801,0.83738,0.83715,0.83738,0.83801,0.83738,0.83715,0.83738,0.83801,0.83738,0.83715,0.83738,0.83801,0.83738,0.83715,0.83738,0.83801,0.83738,0.83715,0.83738,0.83801,0.83738,0.83715,0.83738,0.83801,0.83738,0.83715,0.83738,0.83801,0.83738,0.83715,0.83738,0.83801,0.83738,0.83715,0.83738,0.83801,0.83738,0.83715,0.83738,0.83801,0.83738,0.83715,0.83738,0.83801,0.83738,0.83715,0.83738,0.83801,0.83738,0.83715,0.83738,0.83801,0.83738,0.83715,0.83738,0.83801,0.83738,0.83715,0.83738,0.83801,0.83738,0.83715,0.83738,0.83801,0.83738,0.83715,0.83738,0.83801,0.83738,0.83715,0.83738,0.83801,0.83738,0.83715,0.83738,0.83801,0.83738,0.83715,0.83738,0.83801,0.83738,0.83715,0.83738,0.83801,0.83738,0.83715,0.83738,0.83801,0.83738,0.83715,0.83738,0.83801,0.83738,0.83715,0.83738,0.83801,0.83738,0.83715,0.83738,0.83801,0.83738,0.83715,0.83738,0.83801,0.83738,0.83715,0.83738,0.83801,0.83738,0.83715,0.83738,0.83801,0.83738,0.83715,0.83738,0.83801,0.83738,0.83715,0.83738,0.83801,0.83738,0.83715,0.83738,0.83801,0.83738,0.83715,0.83833,0.83801,0.83541,0.8429,0.83196,0.83801,0.84922,0.81511,0.85971,0.83801,0.79089,0.9491,0.65421
0.61491,0.66227,0.57236,0.6352,0.61491,0.60415,0.62518,0.60948,0.61491,0.61699,0.61248,0.61561,0.61491,0.61444,0.61427,0.61444,0.61491,0.61444,0.61427,0.61444,0.61491,0.61444,0.61427,0.61444,0.61491,0.61444,0.61427,0.61444,0.61491,0.61444,0.61427,0.61444,0.61491,0.61444,0.61427,0.61444,0.61491,0.61444,0.61427,0.61444,0.61491,0.61444,0.61427,0.61444,0.61491,0.61444,0.61427,0.61444,0.61491,0.61444,0.61427,0.61444,0.61491,0.61444,0.61427,0.61444,0.61491,0.61444,0.61427,0.61444,0.61491,0.61444,0.61427,0.61444,0.61491,0.61444,0.61427,0.61444,0.61491,0.61444,0.61427,0.61444,0.61491,0.61444,0.61427,0.61444,0.61491,0.61444,0.61427,0.61444,0.61491,0.61444,0.61427,0.61444,0.61491,0.61444,0.61427,0.61444,0.61491,0.61444,0.61427,0.61444,0.61491,0.61444,0.61427,0.61444,0.61491,0.61444,0.61427,0.61444,0.61491,0.61444,0.61427,0.61444,0.61491,0.61444,0.61427,0.61444,0.61491,0.61444,0.61427,0.61444,0.61491,0.61444,0.61427,0.61421,0.61491,0.61492,0.61287,0.61576,0.61491,0.61156,0.61964,0.609,0.61491,0.62578,0.58697,0.65911,0.81924,0.83452,0.80447,0.82552,0.81924,0.8152,0.82202,0.81697,0.81924,0.81947,0.8178,0.81901,0.81924,0.81862,0.81839,0.81862,0.81924,0.81862,0.81839,0.81862,0.81924,0.81862,0.81839,0.81862,0.81924,0.81862,0.81839,0.81862,0.81924,0.81862,0.81839,0.81862,0.81924,0.81862,0.81839,0.81862,0.81924,0.81862,0.81839,0.81862,0.81924,0.81862,0.81839,0.81862,0.81924,0.81862,0.81839,0.81862,0.81924,0.81862,0.81839,0.81862,0.81924,0.81862,0.81839,0.81862,0.81924,0.81862,0.81839,0.81862,0.81924,0.81862,0.81839,0.81862,0.81924,0.81862,0.81839,0.81862,0.81924,0.81862,0.81839,0.81862,0.81924,0.81862,0.81839,0.81862,0.81924,0.81862,0.81839,0.81862,0.81924,0.81862,0.81839,0.81862,0.81924,0.81862,0.81839,0.81862,0.81924,0.81862,0.81839,0.81862,0.81924,0.81862,0.81839,0.81862,0.81924,0.81862,0.81839,0.81862,0.81924,0.81862,0.81839,0.81862,0.81924,0.81862,0.81839,0.81862,0.81924,0.81862,0.81839,0.81862,0.81924,0.81862,0.81839,0.81955,0.81924,0.8167,0.82402,0.81333,0.81924,0.8302,0.79686,0.84046,0.81924,0.77318,0.92784,0.63956
0.80283,0.86467,0.74728,0.82932,0.80283,0.78878,0.81624,0.79574,0.80283,0.80554,0.79966,0.80375,0.80283,0.80223,0.802,0.80223,0.80283,0.80223,0.802,0.80223,0.80283,0.80223,0.802,0.80223,0.80283,0.80223,0.802,0.80223,0.80283,0.80223,0.802,0.80223,0.80283,0.80223,0.802,0.80223,0.80283,0.80223,0.802,0.80223,0.80283,0.80223,0.802,0.80223,0.80283,0.80223,0.802,0.80223,0.80283,0.80223,0.802,0.80223,0.80283,0.80223,0.802,0.80223,0.80283,0.80223,0.802,0.80223,0.80283,0.80223,0.802,0.80223,0.80283,0.80223,0.802,0.80223,0.80283,0.80223,0.802,0.80223,0.80283,0.80223,0.802,0.80223,0.80283,0.80223,0.802,0.80223,0.80283,0.80223,0.802,0.80223,0.80283,0.80223,0.802,0.80223,0.80283,0.80223,0.802,0.80223,0.80283,0.80223,0.802,0.80223,0.80283,0.80223,0.802,0.80223,0.80283,0.80223,0.802,0.80223,0.80283,0.80223,0.802,0.80223,0.80283,0.80223,0.802,0.80223,0.80283,0.80223,0.802,0.80223,0.80283,0.80223,0.802,0.80223,0.80283,0.80223,0.802,0.80223,0.80283,0.80223,0.802,0.80223,0.80283,0.80223,0.802,0.80223,0.80283,0.80223,0.802,0.80223,0.80283,0.80223,0.802,0.80223,0.80283,0.80223,0.802,0.80223,0.80283,0.80223,0.802,0.80223,0.80283,0.80223,0.802,0.80223,0.80283,0.80223,0.802,0.80223,0.80283,0.80223,0.802,0.80223,0.80283,0.80223,0.802,0.80223,0.80283,0.80223,0.802,0.80223,0.80283,0.80223,0.802,0.80223,0.80283,0.80223,0.802,0.80223,0.80283,0.80223,0.802,0.80223,0.80283,0.80223,0.802,0.80223,0.80283,0.80223,0.802,0.80223,0.80283,0.80223,0.802,0.80223,0.80283,0.80223,0.802,0.80223,0.80283,0.80223,0.802,0.80223,0.80283,0.80223,0.802,0.80223,0.80283,0.80223,0.802,0.80223,0.80283,0.80223,0.802,0.80223,0.80283,0.80223,0.802,0.80223,0.80283,0.80223,0.802,0.80223,0.80283,0.80223,0.802,0.80223,0.80283,0.80223,0.802,0.80223,0.80283,0.80223,0.802,0.80223,0.80283,0.80223,0.802,0.80223,0.80283,0.80223,0.802,0.80223,0.80283,0.80223,0.802,0.80313,0.80283,0.80034,0.80752,0.79704,0.80283,0.81357,0.78089,0.82362,0.80283,0.75769,0.90925,0.62675
0.82168,0.88497,0.76482,0.84879,0.82168,0.8073,0.8354,0.81443,0.82168,0.82446,0.81844,0.82262,0.82168,0.82106,0.82083,0.82106,0.82168,0.82106,0.82083,0.82106,0.82168,0.82106,0.82083,0.82106,0.82168,0.82106,0.82083,0.82106,0.82168,0.82106,0.82083,0.82106,0.82168,0.82106,0.82083,0.82106,0.82168,0.82106,0.82083,0.82106,0.82168,0.82106,0.82083,0.82106,0.82168,0.82106,0.82083,0.82106,0.82168,0.82106,0.82083,0.82106,0.82168,0.82106,0.82083,0.82106,0.82168,0.82106,0.82083,0.82106,0.82168,0.82106,0.82083,0.82106,0.82168,0.82106,0.82083,0.82106,0.82168,0.82106,0.82083,0.82106,0.82168,0.82106,0.82083,0.82106,0.82168,0.82106,0.82083,0.82106,0.82168,0.82106,0.82083,0.82106,0.82168,0.82106,0.82083,0.82106,0.82168,0.82106,0.82083,0.82106,0.82168,0.82106,0.82083,0.82106,0.82168,0.82106,0.82083,0.82106,0.82168,0.82106,0.82083,0.82106,0.82168,0.82106,0.82083,0.82106,0.82168,0.82106,0.82083,0.82106,0.82168,0.82106,0.82083,0.82106,0.82168,0.82106,0.82083,0.82106,0.82168,0.82106,0.82083,0.82106,0.82168,0.82106,0.82083,0.82106,0.82168,0.82106,0.82083,0.82106,0.82168,0.82106,0.82083,0.82106,0.82168,0.82106,0.82083,0.82106,0.82168,0.82106,0.82083,0.82106,0.82168,0.82106,0.82083,0.82106,0.82168,0.82106,0.82083,0.82106,0.82168,0.82106,0.82083,0.82106,0.82168,0.82106,0.82083,0.82106,0.82168,0.82106,0.82083,0.82106,0.82168,0.82106,0.82083,0.82106,0.82168,0.82106,0.82083,0.82106,0.82168,0.82106,0.82083,0.82106,0.82168,0.82106,0.82083,0.82106,0.82168,0.82106,0.82083,0.82106,0.82168,0.82106,0.82083,0.82106,0.82168,0.82106,0.82083,0.82106,0.82168,0.82106,0.82083,0.82106,0.82168,0.82106,0.82083,0.82106,0.82168,0.82106,0.82083,0.82106,0.82168,0.82106,0.82083,0.82106,0.82168,0.82106,0.82083,0.82106,0.82168,0.82106,0.82083,0.82106,0.82168,0.82106,0.82083,0.82106,0.82168,0.82106,0.82083,0.82106,0.82168,0.82106,0.82083,0.82106,0.82168,0.82106,0.82083,0.82106,0.82168,0.82106,0.82083,0.82106,0.82168,0.82106,0.82083,0.82106,0.82168,0.82106,0.82083,0.82199,0.82168,0.81913,0.82648,0.81575,0.82168,0.83267,0.79923,0.84296,0.82168,0.77548,0.9306,0.64146
0.28441,0.30631,0.26473,0.29379,0.28441,0.27943,0.28916,0.2819,0.28441,0.28537,0.28328,0.28473,0.28441,0.28419,0.28411,0.28419,0.28441,0.28419,0.28411,0.28419,0.28441,0.28419,0.28411,0.28419,0.28441,0.28419,0.28411,0.28419,0.28441,0.28419,0.28411,0.28419,0.28441,0.28419,0.28411,0.28419,0.28441,0.28419,0.28411,0.28419,0.28441,0.28419,0.28411,0.28419,0.28441,0.28419,0.28411,0.28419,0.28441,0.28419,0.28411,0.28419,0.28441,0.28419,0.28411,0.28419,0.28441,0.28419,0.28411,0.28419,0.28441,0.28419,0.28411,0.28419,0.28441,0.28419,0.28411,0.28419,0.28441,0.28419,0.28411,0.28419,0.28441,0.28419,0.28411,0.28419,0.28441,0.28419,0.28411,0.28419,0.28441,0.28419,0.28411,0.28419,0.28441,0.28419,0.28411,0.28419,0.28441,0.28419,0.28411,0.28419,0.28441,0.28419,0.28411,0.28419,0.28441,0.28419,0.28411,0.28419,0.28441,0.28419,0.28411,0.28419,0.28441,0.28419,0.28411,0.28419,0.28441,0.28419,0.28411,0.28419,0.28441,0.28419,0.28411,0.28365,0.28441,0.28531,0.28083,0.28728,0.28441,0.27745,0.29666,0.27147,0.28441,0.31067,0.22035,0.38851,0.76167,0.79822,0.72835,0.77721,0.76167,0.75311,0.76935,0.75725,0.76167,0.76307,0.7595,0.76201,0.76167,0.7611,0.76089,0.7611,0.76167,0.7611,0.76089,0.7611,0.76167,0.7611,0.76089,0.7611,0.76167,0.7611,0.76089,0.7611,0.76167,0.7611,0.76089,0.7611,0.76167,0.7611,0.76089,0.7611,0.76167,0.7611,0.76089,0.7611,0.76167,0.7611,0.76089,0.7611,0.76167,0.7611,0.76089,0.7611,0.76167,0.7611,0.76089,0.7611,0.76167,0.7611,0.76089,0.7611,0.76167,0.7611,0.76089,0.7611,0.76167,0.7611,0.76089,0.7611,0.76167,0.7611,0.76089,0.7611,0.76167,0.7611,0.76089,0.7611,0.76167,0.7611,0.76089,0.7611,0.76167,0.7611,0.76089,0.7611,0.76167,0.7611,0.76089,0.7611,0.76167,0.7611,0.76089,0.7611,0.76167,0.7611,0.76089,0.7611,0.76167,0.7611,0.76089,0.7611,0.76167,0.7611,0.76089,0.7611,0.76167,0.7611,0.76089,0.7611,0.76167,0.7611,0.76089,0.7611,0.76167,0.7611,0.76089,0.7611,0.76167,0.7611,0.76089,0.76196,0.76167,0.75931,0.76612,0.75617,0.76167,0.77186,0.74086,0.7814,0.76167,0.71884,0.86264,0.59462
0.83012,0.89406,0.77267,0.85751,0.83012,0.81559,0.84398,0.82279,0.83012,0.83292,0.82684,0.83107,0.83012,0.82949,0.82926,0.82949,0.83012,0.82949,0.82926,0.82949,0.83012,0.82949,0.82926,0.82949,0.83012,0.82949,0.82926,0.82949,0.83012,0.82949,0.82926,0.82949,0.83012,0.82949,0.82926,0.82949,0.83012,0.82949,0.82926,0.82949,0.83012,0.82949,0.82926,0.82949,0.83012,0.82949,0.82926,0.82949,0.83012,0.82949,0.82926,0.82949,0.83012,0.82949,0.82926,0.82949,0.83012,0.82949,0.82926,0.82949,0.83012,0.82949,0.82926,0.82949,0.83012,0.82949,0.82926,0.82949,0.83012,0.82949,0.82926,0.82949,0.83012,0.82949,0.82926,0.82949,0.83012,0.82949,0.82926,0.82949,0.83012,0.82949,0.82926,0.82949,0.83012,0.82949,0.82926,0.82949,0.83012,0.82949,0.82926,0.82949,0.83012,0.82949,0.82926,0.82949,0.83012,0.82949,0.82926,0.82949,0.83012,0.82949,0.82926,0.82949,0.83012,0.82949,0.82926,0.82949,0.83012,0.82949,0.82926,0.82949,0.83012,0.82949,0.82926,0.82949,0.83012,0.82949,0.82926,0.82949,0.83012,0.82949,0.82926,0.82949,0.83012,0.82949,0.82926,0.82949,0.83012,0.82949,0.82926,0.82949,0.83012,0.82949,0.82926,0.82949,0.83012,0.82949,0.82926,0.82949,0.83012,0.82949,0.82926,0.82949,0.83012,0.82949,0.82926,0.82949,0.83012,0.82949,0.82926,0.82949,0.83012,0.82949,0.82926,0.82949,0.83012,0.82949,0.82926,0.82949,0.83012,0.82949,0.82926,0.82949,0.83012,0.82949,0.82926,0.82949,0.83012,0.82949,0.82926,0.82949,0.83012,0.82949,0.82926,0.82949,0.83012,0.82949,0.82926,0.82949,0.83012,0.82949,0.82926,0.82949,0.83012,0.82949,0.82926,0.82949,0.83012,0.82949,0.82926,0.82949,0.83012,0.82949,0.82926,0.82949,0.83012,0.82949,0.82926,0.82949,0.83012,0.82949,0.82926,0.82949,0.83012,0.82949,0.82926,0.82949,0.83012,0.82949,0.82926,0.82949,0.83012,0.82949,0.82926,0.82949,0.83012,0.82949,0.82926,0.82949,0.83012,0.82949,0.82926,0.82949,0.83012,0.82949,0.82926,0.82949,0.83012,0.82949,0.82926,0.82949,0.83012,0.82949,0.82926,0.82949,0.83012,0.82949,0.82926,0.82949,0.83012,0.82949,0.82926,0.83043,0.83012,0.82754,0.83496,0.82413,0.83012,0.84122,0.80744,0.85161,0.83012,0.78344,0.94016,0.64805
0.79018,0.85105,0.7355,0.81626,0.79018,0.77635,0.80338,0.78321,0.79018,0.79285,0.78706,0.79109,0.79018,0.78959,0.78937,0.78959,0.79018,0.78959,0.78937,0.78959,0.79018,0.78959,0.78937,0.78959,0.79018,0.78959,0.78937,0.78959,0.79018,0.78959,0.78937,0.78959,0.79018,0.78959,0.78937,0.78959,0.79018,0.78959,0.78937,0.78959,0.79018,0.78959,0.78937,0.78959,0.79018,0.78959,0.78937,0.78959,0.79018,0.78959,0.78937,0.78959,0.79018,0.78959,0.78937,0.78959,0.79018,0.78959,0.78937,0.78959,0.79018,0.78959,0.78937,0.78959,0.79018,0.78959,0.78937,0.78959,0.79018,0.78959,0.78937,0.78959,0.79018,0.78959,0.78937,0.78959,0.79018,0.78959,0.78937,0.78959,0.79018,0.78959,0.78937,0.78959,0.79018,0.78959,0.78937,0.78959,0.79018,0.78959,0.78937,0.78959,0.79018,0.78959,0.78937,0.78959,0.79018,0.78959,0.78937,0.78959,0.79018,0.78959,0.78937,0.78959,0.79018,0.78959,0.78937,0.78959,0.79018,0.78959,0.78937,0.78959,0.79018,0.78959,0.78937,0.78986,0.79018,0.78903,0.791,0.78805,0.79018,0.79294,0.78312,0.79592,0.79018,0.77641,0.8211,0.73767,0.55266,0.53377,0.56828,0.54423,0.55266,0.55622,0.54788,0.55416,0.55266,0.55126,0.55278,0.55179,0.55266,0.55224,0.55209,0.55224,0.55266,0.55224,0.55209,0.55224,0.55266,0.55224,0.55209,0.55224,0.55266,0.55224,0.55209,0.55224,0.55266,0.55224,0.55209,0.55224,0.55266,0.55224,0.55209,0.55224,0.55266,0.55224,0.55209,0.55224,0.55266,0.55224,0.55209,0.55224,0.55266,0.55224,0.55209,0.55224,0.55266,0.55224,0.55209,0.55224,0.55266,0.55224,0.55209,0.55224,0.55266,0.55224,0.55209,0.55224,0.55266,0.55224,0.55209,0.55224,0.55266,0.55224,0.55209,0.55224,0.55266,0.55224,0.55209,0.55224,0.55266,0.55224,0.55209,0.55224,0.55266,0.55224,0.55209,0.55224,0.55266,0.55224,0.55209,0.55224,0.55266,0.55224,0.55209,0.55224,0.55266,0.55224,0.55209,0.55224,0.55266,0.55224,0.55209,0.55224,0.55266,0.55224,0.55209,0.55224,0.55266,0.55224,0.55209,0.55224,0.55266,0.55224,0.55209,0.55224,0.55266,0.55224,0.55209,0.55224,0.55266,0.55224,0.55209,0.55287,0.55266,0.55095,0.55589,0.54867,0.55266,0.56006,0.53756,0.56697,0.55266,0.52158,0.62592,0.43145
0.84366,0.90864,0.78528,0.8715,0.84366,0.82889,0.85775,0.83621,0.84366,0.84651,0.84033,0.84462,0.84366,0.84302,0.84279,0.84302,0.84366,0.84302,0.84279,0.84302,0.84366,0.84302,0.84279,0.84302,0.84366,0.84302,0.84279,0.84302,0.84366,0.84302,0.84279,0.84302,0.84366,0.84302,0.84279,0.84302,0.84366,0.84302,0.84279,0.84302,0.84366,0.84302,0.84279,0.84302,0.84366,0.84302,0.84279,0.84302,0.84366,0.84302,0.84279,0.84302,0.84366,0.84302,0.84279,0.84302,0.84366,0.84302,0.84279,0.84302,0.84366,0.84302,0.84279,0.84302,0.84366,0.84302,0.84279,0.84302,0.84366,0.84302,0.84279,0.84302,0.84366,0.84302,0.84279,0.84302,0.84366,0.84302,0.84279,0.84302,0.84366,0.84302,0.84279,0.84302,0.84366,0.84302,0.84279,0.84302,0.84366,0.84302,0.84279,0.84302,0.84366,0.84302,0.84279,0.84302,0.84366,0.84302,0.84279,0.84302,0.84366,0.84302,0.84279,0.84302,0.84366,0.84302,0.84279,0.84302,0.84366,0.84302,0.84279,0.84302,0.84366,0.84302,0.84279,0.84321,0.84366,0.84263,0.84393,0.84194,0.84366,0.84538,0.8384,0.84747,0.84366,0.83376,0.86508,0.80655,0.67678,0.66329,0.68746,0.67064,0.67678,0.67907,0.67313,0.67762,0.67678,0.67558,0.67657,0.67596,0.67678,0.67627,0.67608,0.67627,0.67678,0.67627,0.67608,0.67627,0.67678,0.67627,0.67608,0.67627,0.67678,0.67627,0.67608,0.67627,0.67678,0.67627,0.67608,0.67627,0.67678,0.67627,0.67608,0.67627,0.67678,0.67627,0.67608,0.67627,0.67678,0.67627,0.67608,0.67627,0.67678,0.67627,0.67608,0.67627,0.67678,0.67627,0.67608,0.67627,0.67678,0.67627,0.67608,0.67627,0.67678,0.67627,0.67608,0.67627,0.67678,0.67627,0.67608,0.67627,0.67678,0.67627,0.67608,0.67627,0.67678,0.67627,0.67608,0.67627,0.67678,0.67627,0.67608,0.67627,0.67678,0.67627,0.67608,0.67627,0.67678,0.67627,0.67608,0.67627,0.67678,0.67627,0.67608,0.67627,0.67678,0.67627,0.67608,0.67627,0.67678,0.67627,0.67608,0.67627,0.67678,0.67627,0.67608,0.67627,0.67678,0.67627,0.67608,0.67627,0.67678,0.67627,0.67608,0.67627,0.67678,0.67627,0.67608,0.67627,0.67678,0.67627,0.67608,0.67704,0.67678,0.67468,0.68073,0.6719,0.67678,0.68584,0.65829,0.69431,0.67678,0.63873,0.7665,0.52834
0.17021,0.18332,0.15843,0.17582,0.17021,0.16723,0.17305,0.16871,0.17021,0.17078,0.16954,0.1704,0.17021,0.17008,0.17003,0.17008,0.17021,0.17008,0.17003,0.17008,0.17021,0.17008,0.17003,0.17008,0.17021,0.17008,0.17003,0.17008,0.17021,0.17008,0.17003,0.17008,0.17021,0.17008,0.17003,0.17008,0.17021,0.17008,0.17003,0.17008,0.17021,0.17008,0.17003,0.17008,0.17021,0.17008,0.17003,0.17008,0.17021,0.17008,0.17003,0.17008,0.17021,0.17008,0.17003,0.17008,0.17021,0.17008,0.17003,0.17008,0.17021,0.17008,0.17003,0.17008,0.17021,0.17008,0.17003,0.17008,0.17021,0.17008,0.17003,0.17008,0.17021,0.17008,0.17003,0.17008,0.17021,0.17008,0.17003,0.17008,0.17021,0.17008,0.17003,0.17008,0.17021,0.17008,0.17003,0.17008,0.17021,0.17008,0.17003,0.17008,0.17021,0.17008,0.17003,0.17008,0.17021,0.17008,0.17003,0.17008,0.17021,0.17008,0.17003,0.17008,0.17021,0.17008,0.17003,0.17008,0.17021,0.17008,0.17003,0.17008,0.17021,0.17008,0.17003,0.16931,0.17021,0.17168,0.16535,0.17449,0.17021,0.16044,0.18796,0.15191,0.17021,0.2079,0.078949,0.31911,0.85202,0.90441,0.80467,0.87439,0.85202,0.83996,0.86323,0.84588,0.85202,0.8542,0.84916,0.85268,0.85202,0.85138,0.85114,0.85138,0.85202,0.85138,0.85114,0.85138,0.85202,0.85138,0.85114,0.85138,0.85202,0.85138,0.85114,0.85138,0.85202,0.85138,0.85114,0.85138,0.85202,0.85138,0.85114,0.85138,0.85202,0.85138,0.85114,0.85138,0.85202,0.85138,0.85114,0.85138,0.85202,0.85138,0.85114,0.85138,0.85202,0.85138,0.85114,0.85138,0.85202,0.85138,0.85114,0.85138,0.85202,0.85138,0.85114,0.85138,0.85202,0.85138,0.85114,0.85138,0.85202,0.85138,0.85114,0.85138,0.85202,0.85138,0.85114,0.85138,0.85202,0.85138,0.85114,0.85138,0.85202,0.85138,0.85114,0.85138,0.85202,0.85138,0.85114,0.85138,0.85202,0.85138,0.85114,0.85138,0.85202,0.85138,0.85114,0.85138,0.85202,0.85138,0.85114,0.85138,0.85202,0.85138,0.85114,0.85138,0.85202,0.85138,0.85114,0.85138,0.85202,0.85138,0.85114,0.85138,0.85202,0.85138,0.85114,0.85138,0.85202,0.85138,0.85114,0.85234,0.85202,0.84938,0.857,0.84587,0.85202,0.86342,0.82874,0.87409,0.85202,0.80411,0.96496,0.66515
0.1079,0.11621,0.10043,0.11146,0.1079,0.10601,0.1097,0.10694,0.1079,0.10826,0.10747,0.10802,0.1079,0.10781,0.10778,0.10781,0.1079,0.10781,0.10778,0.10781,0.1079,0.10781,0.10778,0.10781,0.1079,0.10781,0.10778,0.10781,0.1079,0.10781,0.10778,0.10781,0.1079,0.10781,0.10778,0.10781,0.1079,0.10781,0.10778,0.10781,0.1079,0.10781,0.10778,0.10781,0.1079,0.10781,0.10778,0.10781,0.1079,0.10781,0.10778,0.10781,0.1079,0.10781,0.10778,0.10781,0.1079,0.10781,0.10778,0.10781,0.1079,0.10781,0.10778,0.10781,0.1079,0.10781,0.10778,0.10781,0.1079,0.10781,0.10778,0.10781,0.1079,0.10781,0.10778,0.10781,0.1079,0.10781,0.10778,0.10781,0.1079,0.10781,0.10778,0.10781,0.1079,0.10781,0.10778,0.10781,0.1079,0.10781,0.10778,0.10781,0.1079,0.10781,0.10778,0.10781,0.1079,0.10781,0.10778,0.10781,0.1079,0.10781,0.10778,0.10781,0.1079,0.10781,0.10778,0.10781,0.1079,0.10781,0.10778,0.10781,0.1079,0.10781,0.10778,0.10697,0.1079,0.10958,0.10262,0.11267,0.1079,0.097201,0.12753,0.0878,0.1079,0.14948,0.0074555,0.27197,0.85892,0.91668,0.80683,0.88361,0.85892,0.84569,0.87134,0.8522,0.85892,0.86137,0.85584,0.85969,0.85892,0.85827,0.85803,0.85827,0.85892,0.85827,0.85803,0.85827,0.85892,0.85827,0.85803,0.85827,0.85892,0.85827,0.85803,0.85827,0.85892,0.85827,0.85803,0.85827,0.85892,0.85827,0.85803,0.85827,0.85892,0.85827,0.85803,0.85827,0.85892,0.85827,0.85803,0.85827,0.85892,0.85827,0.85803,0.85827,0.85892,0.85827,0.85803,0.85827,0.85892,0.85827,0.85803,0.85827,0.85892,0.85827,0.85803,0.85827,0.85892,0.85827,0.85803,0.85827,0.85892,0.85827,0.85803,0.85827,0.85892,0.85827,0.85803,0.85827,0.85892,0.85827,0.85803,0.85827,0.85892,0.85827,0.85803,0.85827,0.85892,0.85827,0.85803,0.85827,0.85892,0.85827,0.85803,0.85827,0.85892,0.85827,0.85803,0.85827,0.85892,0.85827,0.85803,0.85827,0.85892,0.85827,0.85803,0.85827,0.85892,0.85827,0.85803,0.85827,0.85892,0.85827,0.85803,0.85827,0.85892,0.85827,0.85803,0.85827,0.85892,0.85827,0.85803,0.85924,0.85892,0.85625,0.86393,0.85271,0.85892,0.87041,0.83545,0.88116,0.85892,0.81062,0.97277,0.67053
0.83289,0.89704,0.77525,0.86037,0.83289,0.81831,0.84679,0.82553,0.83289,0.8357,0.8296,0.83384,0.83289,0.83226,0.83203,0.83226,0.83289,0.83226,0.83203,0.83226,0.83289,0.83226,0.83203,0.83226,0.83289,0.83226,0.83203,0.83226,0.83289,0.83226,0.83203,0.83226,0.83289,0.83226,0.83203,0.83226,0.83289,0.83226,0.83203,0.83226,0.83289,0.83226,0.83203,0.83226,0.83289,0.83226,0.83203,0.83226,0.83289,0.83226,0.83203,0.83226,0.83289,0.83226,0.83203,0.83226,0.83289,0.83226,0.83203,0.83226,0.83289,0.83226,0.83203,0.83226,0.83289,0.83226,0.83203,0.83226,0.83289,0.83226,0.83203,0.83226,0.83289,0.83226,0.83203,0.83226,0.83289,0.83226,0.83203,0.83226,0.83289,0.83226,0.83203,0.83226,0.83289,0.83226,0.83203,0.83226,0.83289,0.83226,0.83203,0.83226,0.83289,0.83226,0.83203,0.83226,0.83289,0.83226,0.83203,0.83226,0.83289,0.83226,0.83203,0.83226,0.83289,0.83226,0.83203,0.83226,0.83289,0.83226,0.83203,0.83226,0.83289,0.83226,0.83203,0.83226,0.83289,0.83226,0.83203,0.83226,0.83289,0.83226,0.83203,0.83226,0.83289,0.83226,0.83203,0.83226,0.83289,0.83226,0.83203,0.83226,0.83289,0.83226,0.83203,0.83226,0.83289,0.83226,0.83203,0.83226,0.83289,0.83226,0.83203,0.83226,0.83289,0.83226,0.83203,0.83226,0.83289,0.83226,0.83203,0.83226,0.83289,0.83226,0.83203,0.83226,0.83289,0.83226,0.83203,0.83226,0.83289,0.83226,0.83203,0.83226,0.83289,0.83226,0.83203,0.83226,0.83289,0.83226,0.83203,0.83226,0.83289,0.83226,0.83203,0.83226,0.83289,0.83226,0.83203,0.83226,0.83289,0.83226,0.83203,0.83226,0.83289,0.83226,0.83203,0.83226,0.83289,0.83226,0.83203,0.83226,0.83289,0.83226,0.83203,0.83226,0.83289,0.83226,0.83203,0.83226,0.83289,0.83226,0.83203,0.83226,0.83289,0.83226,0.83203,0.83226,0.83289,0.83226,0.83203,0.83226,0.83289,0.83226,0.83203,0.83226,0.83289,0.83226,0.83203,0.83226,0.83289,0.83226,0.83203,0.83226,0.83289,0.83226,0.83203,0.83226,0.83289,0.83226,0.83203,0.83226,0.83289,0.83226,0.83203,0.83226,0.83289,0.83226,0.83203,0.83226,0.83289,0.83226,0.83203,0.8332,0.83289,0.8303,0.83775,0.82687,0.83289,0.84403,0.81013,0.85445,0.83289,0.78605,0.94329,0.65021
0.73669,0.79343,0.68571,0.761,0.73669,0.7238,0.74899,0.73019,0.73669,0.73918,0.73378,0.73754,0.73669,0.73614,0.73593,0.73614,0.73669,0.73614,0.73593,0.73614,0.73669,0.73614,0.73593,0.73614,0.73669,0.73614,0.73593,0.73614,0.73669,0.73614,0.73593,0.73614,0.73669,0.73614,0.73593,0.73614,0.73669,0.73614,0.73593,0.73614,0.73669,0.73614,0.73593,0.73614,0.73669,0.73614,0.73593,0.73614,0.73669,0.73614,0.73593,0.73614,0.73669,0.73614,0.73593,0.73614,0.73669,0.73614,0.73593,0.73614,0.73669,0.73614,0.73593,0.73614,0.73669,0.73614,0.73593,0.73614,0.73669,0.73614,0.73593,0.73614,0.73669,0.73614,0.73593,0.73614,0.73669,0.73614,0.73593,0.73614,0.73669,0.73614,0.73593,0.73614,0.73669,0.73614,0.73593,0.73614,0.73669,0.73614,0.73593,0.73614,0.73669,0.73614,0.73593,0.73614,0.73669,0.73614,0.73593,0.73614,0.73669,0.73614,0.73593,0.73614,0.73669,0.73614,0.73593,0.73614,0.73669,0.73614,0.73593,0.73614,0.73669,0.73614,0.73593,0.73668,0.73669,0.735,0.73924,0.73302,0.73669,0.74294,0.72328,0.74896,0.73669,0.70943,0.80023,0.63093,0.25537,0.21774,0.28792,0.23893,0.25537,0.26324,0.24657,0.25906,0.25537,0.25319,0.25651,0.25426,0.25537,0.25518,0.25511,0.25518,0.25537,0.25518,0.25511,0.25518,0.25537,0.25518,0.25511,0.25518,0.25537,0.25518,0.25511,0.25518,0.25537,0.25518,0.25511,0.25518,0.25537,0.25518,0.25511,0.25518,0.25537,0.25518,0.25511,0.25518,0.25537,0.25518,0.25511,0.25518,0.25537,0.25518,0.25511,0.25518,0.25537,0.25518,0.25511,0.25518,0.25537,0.25518,0.25511,0.25518,0.25537,0.25518,0.25511,0.25518,0.25537,0.25518,0.25511,0.25518,0.25537,0.25518,0.25511,0.25518,0.25537,0.25518,0.25511,0.25518,0.25537,0.25518,0.25511,0.25518,0.25537,0.25518,0.25511,0.25518,0.25537,0.25518,0.25511,0.25518,0.25537,0.25518,0.25511,0.25518,0.25537,0.25518,0.25511,0.25518,0.25537,0.25518,0.25511,0.25518,0.25537,0.25518,0.25511,0.25518,0.25537,0.25518,0.25511,0.25518,0.25537,0.25518,0.25511,0.25518,0.25537,0.25518,0.25511,0.25518,0.25537,0.25518,0.25511,0.25547,0.25537,0.25458,0.25686,0.25353,0.25537,0.25879,0.24839,0.26198,0.25537,0.24101,0.28922,0.19936
0.19943,0.21479,0.18563,0.20601,0.19943,0.19594,0.20276,0.19767,0.19943,0.2001,0.19864,0.19966,0.19943,0.19928,0.19922,0.19928,0.19943,0.19928,0.19922,0.19928,0.19943,0.19928,0.19922,0.19928,0.19943,0.19928,0.19922,0.19928,0.19943,0.19928,0.19922,0.19928,0.19943,0.19928,0.19922,0.19928,0.19943,0.19928,0.19922,0.19928,0.19943,0.19928,0.19922,0.19928,0.19943,0.19928,0.19922,0.19928,0.19943,0.19928,0.19922,0.19928,0.19943,0.19928,0.19922,0.19928,0.19943,0.19928,0.19922,0.19928,0.19943,0.19928,0.19922,0.19928,0.19943,0.19928,0.19922,0.19928,0.19943,0.19928,0.19922,0.19928,0.19943,0.19928,0.19922,0.19928,0.19943,0.19928,0.19922,0.19928,0.19943,0.19928,0.19922,0.19928,0.19943,0.19928,0.19922,0.19928,0.19943,0.19928,0.19922,0.19928,0.19943,0.19928,0.19922,0.19928,0.19943,0.19928,0.19922,0.19928,0.19943,0.19928,0.19922,0.19928,0.19943,0.19928,0.19922,0.19928,0.19943,0.19928,0.19922,0.19928,0.19943,0.19928,0.19922,0.19858,0.19943,0.20073,0.19497,0.20328,0.19943,0.19052,0.2155,0.18277,0.19943,0.23363,0.1165,0.33463,0.81866,0.86621,0.7756,0.83894,0.81866,0.80767,0.8288,0.81304,0.81866,0.8206,0.81601,0.81922,0.81866,0.81804,0.81782,0.81804,0.81866,0.81804,0.81782,0.81804,0.81866,0.81804,0.81782,0.81804,0.81866,0.81804,0.81782,0.81804,0.81866,0.81804,0.81782,0.81804,0.81866,0.81804,0.81782,0.81804,0.81866,0.81804,0.81782,0.81804,0.81866,0.81804,0.81782,0.81804,0.81866,0.81804,0.81782,0.81804,0.81866,0.81804,0.81782,0.81804,0.81866,0.81804,0.81782,0.81804,0.81866,0.81804,0.81782,0.81804,0.81866,0.81804,0.81782,0.81804,0.81866,0.81804,0.81782,0.81804,0.81866,0.81804,0.81782,0.81804,0.81866,0.81804,0.81782,0.81804,0.81866,0.81804,0.81782,0.81804,0.81866,0.81804,0.81782,0.81804,0.81866,0.81804,0.81782,0.81804,0.81866,0.81804,0.81782,0.81804,0.81866,0.81804,0.81782,0.81804,0.81866,0.81804,0.81782,0.81804,0.81866,0.81804,0.81782,0.81804,0.81866,0.81804,0.81782,0.81804,0.81866,0.81804,0.81782,0.81804,0.81866,0.81804,0.81782,0.81897,0.81866,0.81612,0.82344,0.81275,0.81866,0.82961,0.79629,0.83986,0.81866,0.77263,0.92718,0.6391
0.82467,0.88819,0.76761,0.85188,0.82467,0.81024,0.83844,0.81739,0.82467,0.82746,0.82142,0.82562,0.82467,0.82405,0.82382,0.82405,0.82467,0.82405,0.82382,0.82405,0.82467,0.82405,0.82382,0.82405,0.82467,0.82405,0.82382,0.82405,0.82467,0.82405,0.82382,0.82405,0.82467,0.82405,0.82382,0.82405,0.82467,0.82405,0.82382,0.82405,0.82467,0.82405,0.82382,0.82405,0.82467,0.82405,0.82382,0.82405,0.82467,0.82405,0.82382,0.82405,0.82467,0.82405,0.82382,0.82405,0.82467,0.82405,0.82382,0.82405,0.82467,0.82405,0.82382,0.82405,0.82467,0.82405,0.82382,0.82405,0.82467,0.82405,0.82382,0.82405,0.82467,0.82405,0.82382,0.82405,0.82467,0.82405,0.82382,0.82405,0.82467,0.82405,0.82382,0.82405,0.82467,0.82405,0.82382,0.82405,0.82467,0.82405,0.82382,0.82405,0.82467,0.82405,0.82382,0.82405,0.82467,0.82405,0.82382,0.82405,0.82467,0.82405,0.82382,0.82405,0.82467,0.82405,0.82382,0.82405,0.82467,0.82405,0.82382,0.82405,0.82467,0.82405,0.82382,0.82422,0.82467,0.8237,0.82485,0.82309,0.82467,0.82616,0.81989,0.82804,0.82467,0.81576,0.84379,0.79138,0.67519,0.66305,0.68468,0.66963,0.67519,0.67718,0.67184,0.67588,0.67519,0.67406,0.67492,0.67439,0.67519,0.67468,0.67449,0.67468,0.67519,0.67468,0.67449,0.67468,0.67519,0.67468,0.67449,0.67468,0.67519,0.67468,0.67449,0.67468,0.67519,0.67468,0.67449,0.67468,0.67519,0.67468,0.67449,0.67468,0.67519,0.67468,0.67449,0.67468,0.67519,0.67468,0.67449,0.67468,0.67519,0.67468,0.67449,0.67468,0.67519,0.67468,0.67449,0.67468,0.67519,0.67468,0.67449,0.67468,0.67519,0.67468,0.67449,0.67468,0.67519,0.67468,0.67449,0.67468,0.67519,0.67468,0.67449,0.67468,0.67519,0.67468,0.67449,0.67468,0.67519,0.67468,0.67449,0.67468,0.67519,0.67468,0.67449,0.67468,0.67519,0.67468,0.67449,0.67468,0.67519,0.67468,0.67449,0.67468,0.67519,0.67468,0.67449,0.67468,0.67519,0.67468,0.67449,0.67468,0.67519,0.67468,0.67449,0.67468,0.67519,0.67468,0.67449,0.67468,0.67519,0.67468,0.67449,0.67468,0.67519,0.67468,0.67449,0.67468,0.67519,0.67468,0.67449,0.67544,0.67519,0.67309,0.67913,0.67031,0.67519,0.68422,0.65674,0.69267,0.67519,0.63722,0.76469,0.5271
0.8281,0.89189,0.7708,0.85543,0.8281,0.81361,0.84193,0.82079,0.8281,0.8309,0.82483,0.82905,0.8281,0.82748,0.82725,0.82748,0.8281,0.82748,0.82725,0.82748,0.8281,0.82748,0.82725,0.82748,0.8281,0.82748,0.82725,0.82748,0.8281,0.82748,0.82725,0.82748,0.8281,0.82748,0.82725,0.82748,0.8281,0.82748,0.82725,0.82748,0.8281,0.82748,0.82725,0.82748,0.8281,0.82748,0.82725,0.82748,0.8281,0.82748,0.82725,0.82748,0.8281,0.82748,0.82725,0.82748,0.8281,0.82748,0.82725,0.82748,0.8281,0.82748,0.82725,0.82748,0.8281,0.82748,0.82725,0.82748,0.8281,0.82748,0.82725,0.82748,0.8281,0.82748,0.82725,0.82748,0.8281,0.82748,0.82725,0.82748,0.8281,0.82748,0.82725,0.82748,0.8281,0.82748,0.82725,0.82748,0.8281,0.82748,0.82725,0.82748,0.8281,0.82748,0.82725,0.82748,0.8281,0.82748,0.82725,0.82748,0.8281,0.82748,0.82725,0.82748,0.8281,0.82748,0.82725,0.82748,0.8281,0.82748,0.82725,0.82748,0.8281,0.82748,0.82725,0.82748,0.8281,0.82748,0.82725,0.82748,0.8281,0.82748,0.82725,0.82748,0.8281,0.82748,0.82725,0.82748,0.8281,0.82748,0.82725,0.82748,0.8281,0.82748,0.82725,0.82748,0.8281,0.82748,0.82725,0.82748,0.8281,0.82748,0.82725,0.82748,0.8281,0.82748,0.82725,0.82748,0.8281,0.82748,0.82725,0.82748,0.8281,0.82748,0.82725,0.82748,0.8281,0.82748,0.82725,0.82748,0.8281,0.82748,0.82725,0.82748,0.8281,0.82748,0.82725,0.82748,0.8281,0.82748,0.82725,0.82748,0.8281,0.82748,0.82725,0.82748,0.8281,0.82748,0.82725,0.82748,0.8281,0.82748,0.82725,0.82748,0.8281,0.82748,0.82725,0.82748,0.8281,0.82748,0.82725,0.82748,0.8281,0.82748,0.82725,0.82748,0.8281,0.82748,0.82725,0.82748,0.8281,0.82748,0.82725,0.82748,0.8281,0.82748,0.82725,0.82748,0.8281,0.82748,0.82725,0.82748,0.8281,0.82748,0.82725,0.82748,0.8281,0.82748,0.82725,0.82748,0.8281,0.82748,0.82725,0.82748,0.8281,0.82748,0.82725,0.82748,0.8281,0.82748,0.82725,0.82748,0.8281,0.82748,0.82725,0.82748,0.8281,0.82748,0.82725,0.82748,0.8281,0.82748,0.82725,0.82841,0.8281,0.82553,0.83294,0.82212,0.8281,0.83918,0.80547,0.84955,0.8281,0.78154,0.93787,0.64647
0.71043,0.76515,0.66127,0.73387,0.71043,0.698,0.72229,0.70416,0.71043,0.71283,0.70763,0.71124,0.71043,0.70989,0.70969,0.70989,0.71043,0.70989,0.70969,0.70989,0.71043,0.70989,0.70969,0.70989,0.71043,0.70989,0.70969,0.70989,0.71043,0.70989,0.70974,0.70985,0.71043,0.71002,0.70948,0.71013,0.71043,0.70945,0.7106,0.70899,0.71043,0.71243,0.69898,0.68591,0.68897,0.68936,0.68735,0.68889,0.68897,0.68821,0.68848,0.68833,0.68897,0.68849,0.68821,0.68845,0.68897,0.68845,0.68826,0.68845,0.68897,0.68845,0.68826,0.68845,0.68897,0.68845,0.68826,0.68845,0.68897,0.68845,0.68826,0.68845,0.68897,0.68849,0.68819,0.68854,0.68897,0.68827,0.68864,0.68809,0.68897,0.68918,0.68677,0.69014,0.68897,0.67147,0.66362,0.66792,0.66722,0.66613,0.6671,0.66641,0.66722,0.66686,0.66638,0.66677,0.66722,0.66669,0.66653,0.66671,0.66722,0.66671,0.66653,0.66671,0.66722,0.66671,0.66653,0.66671,0.66722,0.66671,0.66653,0.66671,0.66722,0.66671,0.66653,0.66684,0.66722,0.66646,0.66727,0.66601,0.66722,0.66825,0.66367,0.66961,0.66722,0.66069,0.68103,0.64299,0.55869,0.54982,0.56551,0.5546,0.55869,0.56008,0.55618,0.55914,0.55869,0.55782,0.55843,0.55806,0.55869,0.55827,0.55811,0.55827,0.55869,0.55827,0.55811,0.55827,0.55869,0.55827,0.55811,0.55827,0.55869,0.55827,0.55811,0.55827,0.55869,0.55827,0.55799,0.55836,0.55869,0.55795,0.55867,0.55765,0.55869,0.5594,0.55577,0.5606,0.55869,0.55174,0.58565,0.61989,0.61383,0.61103,0.61553,0.61223,0.61383,0.61398,0.61263,0.61368,0.61383,0.61326,0.61331,0.61336,0.61383,0.61336,0.61319,0.61336,0.61383,0.61336,0.61319,0.61336,0.61383,0.61336,0.61319,0.61336,0.61383,0.61336,0.61319,0.61336,0.61383,0.61334,0.61323,0.61331,0.61383,0.61347,0.61296,0.61358,0.61383,0.61292,0.61409,0.61234,0.61383,0.62362,0.62807,0.62576,0.62696,0.62684,0.62597,0.62668,0.62696,0.62641,0.62641,0.62646,0.62696,0.62651,0.62632,0.62649,0.62696,0.62649,0.62632,0.62649,0.62696,0.62649,0.62632,0.62649,0.62696,0.62649,0.62632,0.62649,0.62696,0.62649,0.62632,0.6272,0.62696,0.62502,0.63062,0.62244,0.62696,0.63535,0.60983,0.6432,0.62696,0.59171,0.71007,0.48945
0.82702,0.89072,0.76979,0.8543,0.82702,0.81254,0.84082,0.81971,0.82702,0.82981,0.82375,0.82796,0.82702,0.82639,0.82616,0.82639,0.82702,0.82639,0.82616,0.82639,0.82702,0.82639,0.82616,0.82639,0.82702,0.82639,0.82616,0.82639,0.82702,0.82639,0.82616,0.82639,0.82702,0.82639,0.82616,0.82639,0.82702,0.82639,0.82616,0.82639,0.82702,0.82639,0.82616,0.82639,0.82702,0.82639,0.82616,0.82639,0.82702,0.82639,0.82616,0.82639,0.82702,0.82639,0.82616,0.82639,0.82702,0.82639,0.82616,0.82639,0.82702,0.82639,0.82616,0.82639,0.82702,0.82639,0.82616,0.82639,0.82702,0.82639,0.82616,0.82639,0.82702,0.82639,0.82616,0.82639,0.82702,0.82639,0.82616,0.82639,0.82702,0.82639,0.82616,0.82639,0.82702,0.82639,0.82616,0.82639,0.82702,0.82639,0.82616,0.82639,0.82702,0.82639,0.82616,0.82639,0.82702,0.82639,0.82616,0.82639,0.82702,0.82639,0.82616,0.82639,0.82702,0.82639,0.82616,0.82639,0.82702,0.82639,0.82616,0.82639,0.82702,0.82639,0.82616,0.82639,0.82702,0.82639,0.82616,0.82639,0.82702,0.82639,0.82616,0.82639,0.82702,0.82639,0.82616,0.82639,0.82702,0.82639,0.82616,0.82639,0.82702,0.82639,0.82616,0.82639,0.82702,0.82639,0.82616,0.82639,0.82702,0.82639,0.82616,0.82639,0.82702,0.82639,0.82616,0.82639,0.82702,0.82639,0.82616,0.82639,0.82702,0.82639,0.82616,0.82639,0.82702,0.82639,0.82616,0.82639,0.82702,0.82639,0.82616,0.82639,0.82702,0.82639,0.82616,0.82639,0.82702,0.82639,0.82616,0.82639,0.82702,0.82639,0.82616,0.82639,0.82702,0.82639,0.82616,0.82639,0.82702,0.82639,0.82616,0.82639,0.82702,0.82639,0.82616,0.82639,0.82702,0.82639,0.82616,0.82639,0.82702,0.82639,0.82616,0.82639,0.82702,0.82639,0.82616,0.82639,0.82702,0.82639,0.82616,0.82639,0.82702,0.82639,0.82616,0.82639,0.82702,0.82639,0.82616,0.82639,0.82702,0.82639,0.82616,0.82639,0.82702,0.82639,0.82616,0.82639,0.82702,0.82639,0.82616,0.82639,0.82702,0.82639,0.82616,0.82639,0.82702,0.82639,0.82616,0.82639,0.82702,0.82639,0.82616,0.82639,0.82702,0.82639,0.82616,0.82639,0.82702,0.82639,0.82616,0.82733,0.82702,0.82445,0.83184,0.82104,0.82702,0.83808,0.80442,0.84843,0.82702,0.78051,0.93664,0.64563
0.80904,0.87135,0.75305,0.83573,0.80904,0.79488,0.82255,0.80189,0.80904,0.81177,0.80584,0.80996,0.80904,0.80842,0.8082,0.80842,0.80904,0.80842,0.8082,0.80842,0.80904,0.80842,0.8082,0.80842,0.80904,0.80842,0.8082,0.80842,0.80904,0.80842,0.8082,0.80842,0.80904,0.80842,0.8082,0.80842,0.80904,0.80842,0.8082,0.80842,0.80904,0.80842,0.8082,0.80842,0.80904,0.80842,0.8082,0.80842,0.80904,0.80842,0.8082,0.80842,0.80904,0.80842,0.8082,0.80842,0.80904,0.80842,0.8082,0.80842,0.80904,0.80842,0.8082,0.80842,0.80904,0.80842,0.8082,0.80842,0.80904,0.80842,0.8082,0.80842,0.80904,0.80842,0.8082,0.80842,0.80904,0.80842,0.8082,0.80842,0.80904,0.80842,0.8082,0.80842,0.80904,0.80842,0.8082,0.80842,0.80904,0.80842,0.8082,0.80842,0.80904,0.80842,0.8082,0.80842,0.80904,0.80842,0.8082,0.80842,0.80904,0.80842,0.8082,0.80842,0.80904,0.80842,0.8082,0.80842,0.80904,0.80842,0.8082,0.80842,0.80904,0.80842,0.8082,0.80842,0.80904,0.80842,0.8082,0.80842,0.80904,0.80842,0.8082,0.80842,0.80904,0.80842,0.8082,0.80842,0.80904,0.80842,0.8082,0.80842,0.80904,0.80842,0.8082,0.80842,0.80904,0.80842,0.8082,0.80842,0.80904,0.80842,0.8082,0.80842,0.80904,0.80842,0.8082,0.80842,0.80904,0.80842,0.8082,0.80842,0.80904,0.80842,0.8082,0.80842,0.80904,0.80842,0.8082,0.80842,0.80904,0.80842,0.8082,0.80842,0.80904,0.80842,0.8082,0.80842,0.80904,0.80842,0.8082,0.80842,0.80904,0.80842,0.8082,0.80842,0.80904,0.80842,0.8082,0.80842,0.80904,0.80842,0.8082,0.80842,0.80904,0.80842,0.8082,0.80842,0.80904,0.80842,0.8082,0.80842,0.80904,0.80842,0.8082,0.80842,0.80904,0.80842,0.8082,0.80842,0.80904,0.80842,0.8082,0.80842,0.80904,0.80842,0.8082,0.80842,0.80904,0.80842,0.8082,0.80842,0.80904,0.80842,0.8082,0.80842,0.80904,0.80842,0.8082,0.80842,0.80904,0.80842,0.8082,0.80842,0.80904,0.80842,0.8082,0.80842,0.80904,0.80842,0.8082,0.80842,0.80904,0.80842,0.8082,0.80842,0.80904,0.80842,0.8082,0.80842,0.80904,0.80842,0.8082,0.80934,0.80904,0.80652,0.81376,0.80319,0.80904,0.81986,0.78693,0.82999,0.80904,0.76354,0.91628,0.63159
0.25639,0.27614,0.23865,0.26485,0.25639,0.2519,0.26067,0.25412,0.25639,0.25725,0.25538,0.25668,0.25639,0.25619,0.25612,0.25619,0.25639,0.25619,0.25612,0.25619,0.25639,0.25619,0.25612,0.25619,0.25639,0.25619,0.25612,0.25619,0.25639,0.25619,0.25612,0.25619,0.25639,0.25619,0.25612,0.25619,0.25639,0.25619,0.25612,0.25619,0.25639,0.25619,0.25612,0.25619,0.25639,0.25619,0.25612,0.25619,0.25639,0.25619,0.25612,0.25619,0.25639,0.25619,0.25612,0.25619,0.25639,0.25619,0.25612,0.25619,0.25639,0.25619,0.25612,0.25619,0.25639,0.25619,0.25612,0.25619,0.25639,0.25619,0.25612,0.25619,0.25639,0.25619,0.25612,0.25619,0.25639,0.25619,0.25612,0.25619,0.25639,0.25619,0.25612,0.25619,0.25639,0.25619,0.25612,0.25619,0.25639,0.25619,0.25612,0.25619,0.25639,0.25619,0.25612,0.25619,0.25639,0.25619,0.25612,0.25619,0.25639,0.25619,0.25612,0.25619,0.25639,0.25619,0.25612,0.25619,0.25639,0.25619,0.25612,0.25619,0.25639,0.25619,0.25612,0.2556,0.25639,0.25743,0.2525,0.2596,0.25639,0.24875,0.26998,0.24215,0.25639,0.28543,0.18572,0.37138,0.78339,0.82379,0.74665,0.80058,0.78339,0.77397,0.79192,0.77854,0.78339,0.78497,0.78104,0.7838,0.78339,0.7828,0.78258,0.7828,0.78339,0.7828,0.78258,0.7828,0.78339,0.7828,0.78258,0.7828,0.78339,0.7828,0.78258,0.7828,0.78339,0.7828,0.78258,0.7828,0.78339,0.7828,0.78258,0.7828,0.78339,0.7828,0.78258,0.7828,0.78339,0.7828,0.78258,0.7828,0.78339,0.7828,0.78258,0.7828,0.78339,0.7828,0.78258,0.7828,0.78339,0.7828,0.78258,0.7828,0.78339,0.7828,0.78258,0.7828,0.78339,0.7828,0.78258,0.7828,0.78339,0.7828,0.78258,0.7828,0.78339,0.7828,0.78258,0.7828,0.78339,0.7828,0.78258,0.7828,0.78339,0.7828,0.78258,0.7828,0.78339,0.7828,0.78258,0.7828,0.78339,0.7828,0.78258,0.7828,0.78339,0.7828,0.78258,0.7828,0.78339,0.7828,0.78258,0.7828,0.78339,0.7828,0.78258,0.7828,0.78339,0.7828,0.78258,0.7828,0.78339,0.7828,0.78258,0.7828,0.78339,0.7828,0.78258,0.7828,0.78339,0.7828,0.78258,0.78368,0.78339,0.78096,0.78796,0.77773,0.78339,0.79387,0.76198,0.80367,0.78339,0.73934,0.88723,0.61157
0.42362,0.45625,0.3943,0.4376,0.42362,0.4162,0.43069,0.41988,0.42362,0.42505,0.42195,0.4241,0.42362,0.4233,0.42318,0.4233,0.42362,0.4233,0.42318,0.4233,0.42362,0.4233,0.42318,0.4233,0.42362,0.4233,0.42318,0.4233,0.42362,0.4233,0.42318,0.4233,0.42362,0.4233,0.42318,0.4233,0.42362,0.4233,0.42318,0.4233,0.42362,0.4233,0.42318,0.4233,0.42362,0.4233,0.42318,0.4233,0.42362,0.4233,0.42318,0.42328,0.42362,0.42334,0.42305,0.42342,0.42362,0.42303,0.42368,0.42279,0.42362,0.42435,0.42065,0.42744,0.44255,0.44369,0.4408,0.44285,0.44255,0.4419,0.44243,0.44206,0.44255,0.44229,0.44204,0.44225,0.44255,0.44221,0.44209,0.44221,0.44255,0.44221,0.44209,0.44221,0.44255,0.44221,0.44209,0.44221,0.44255,0.44221,0.44209,0.44221,0.44255,0.44221,0.44209,0.44221,0.44255,0.44221,0.44209,0.44221,0.44255,0.44221,0.44209,0.44221,0.44255,0.44221,0.44209,0.44221,0.44255,0.44221,0.44209,0.44221,0.44255,0.44221,0.44209,0.44184,0.44255,0.443,0.43978,0.44439,0.44255,0.43747,0.45092,0.43327,0.44255,0.46084,0.39725,0.51559,0.77824,0.80377,0.75456,0.78899,0.77824,0.77204,0.78339,0.77495,0.77824,0.77904,0.77646,0.77829,0.77824,0.77766,0.77744,0.77766,0.77824,0.77766,0.77744,0.77766,0.77824,0.77766,0.77744,0.77766,0.77824,0.77766,0.77744,0.77766,0.77824,0.77766,0.77744,0.77766,0.77824,0.77766,0.77744,0.77766,0.77824,0.77766,0.77744,0.77766,0.77824,0.77766,0.77744,0.77766,0.77824,0.77766,0.77744,0.77766,0.77824,0.77766,0.77744,0.77827,0.77824,0.77638,0.78117,0.77414,0.77824,0.78533,0.76316,0.79214,0.77824,0.74752,0.85002,0.65891,0.23495,0.19251,0.27174,0.21643,0.23495,0.24387,0.22507,0.23915,0.23495,0.23252,0.23629,0.23374,0.23495,0.23477,0.2347,0.23477,0.23495,0.23477,0.2347,0.23477,0.23495,0.23477,0.2347,0.23477,0.23495,0.23477,0.2347,0.23477,0.23495,0.23477,0.2347,0.23477,0.23495,0.23477,0.2347,0.23477,0.23495,0.23477,0.2347,0.23477,0.23495,0.23477,0.2347,0.23477,0.23495,0.23477,0.2347,0.23477,0.23495,0.23477,0.2347,0.23503,0.23495,0.23422,0.23632,0.23325,0.23495,0.23809,0.22853,0.24103,0.23495,0.22173,0.26609,0.18341
0.17991,0.19377,0.16746,0.18584,0.17991,0.17676,0.18291,0.17832,0.17991,0.18052,0.1792,0.18011,0.17991,0.17977,0.17972,0.17977,0.17991,0.17977,0.17972,0.17977,0.17991,0.17977,0.17972,0.17977,0.17991,0.17977,0.17972,0.17977,0.17991,0.17977,0.17972,0.17977,0.17991,0.17977,0.17972,0.17977,0.17991,0.17977,0.17972,0.17977,0.17991,0.17977,0.17972,0.17977,0.17991,0.17977,0.17972,0.17977,0.17991,0.17977,0.17972,0.17977,0.17991,0.17977,0.17972,0.17977,0.17991,0.17977,0.17972,0.17977,0.17991,0.17977,0.17972,0.17977,0.17991,0.17977,0.17972,0.17977,0.17991,0.17977,0.17972,0.17977,0.17991,0.17977,0.17972,0.17977,0.17991,0.17977,0.17972,0.17977,0.17991,0.17977,0.17972,0.17977,0.17991,0.17977,0.17972,0.17977,0.17991,0.17977,0.17972,0.17977,0.17991,0.17977,0.17972,0.17977,0.17991,0.17977,0.17972,0.17977,0.17991,0.17977,0.17972,0.17977,0.17991,0.17977,0.17972,0.17977,0.17991,0.17977,0.17972,0.17977,0.17991,0.17977,0.17972,0.17898,0.17991,0.18141,0.17493,0.18428,0.17991,0.16992,0.19805,0.16119,0.17991,0.21845,0.086581,0.33217,0.87712,0.93068,0.82869,0.89999,0.87712,0.86478,0.88857,0.87083,0.87712,0.87934,0.87418,0.87778,0.87712,0.87646,0.87621,0.87646,0.87712,0.87646,0.87621,0.87646,0.87712,0.87646,0.87621,0.87646,0.87712,0.87646,0.87621,0.87646,0.87712,0.87646,0.87621,0.87646,0.87712,0.87646,0.87621,0.87646,0.87712,0.87646,0.87621,0.87646,0.87712,0.87646,0.87621,0.87646,0.87712,0.87646,0.87621,0.87646,0.87712,0.87646,0.87621,0.87646,0.87712,0.87646,0.87621,0.87646,0.87712,0.87646,0.87621,0.87646,0.87712,0.87646,0.87621,0.87646,0.87712,0.87646,0.87621,0.87646,0.87712,0.87646,0.87621,0.87646,0.87712,0.87646,0.87621,0.87646,0.87712,0.87646,0.87621,0.87646,0.87712,0.87646,0.87621,0.87646,0.87712,0.87646,0.87621,0.87646,0.87712,0.87646,0.87621,0.87646,0.87712,0.87646,0.87621,0.87646,0.87712,0.87646,0.87621,0.87646,0.87712,0.87646,0.87621,0.87646,0.87712,0.87646,0.87621,0.87646,0.87712,0.87646,0.87621,0.87646,0.87712,0.87646,0.87621,0.87745,0.87712,0.8744,0.88224,0.87079,0.87712,0.88885,0.85315,0.89983,0.87712,0.8278,0.99339,0.68474
0.75214,0.81007,0.70009,0.77695,0.75214,0.73897,0.76469,0.7455,0.75214,0.75468,0.74917,0.753,0.75214,0.75157,0.75136,0.75157,0.75214,0.75157,0.75136,0.75157,0.75214,0.75157,0.75136,0.75157,0.75214,0.75157,0.75136,0.75157,0.75214,0.75157,0.75136,0.75157,0.75214,0.75157,0.75136,0.75157,0.75214,0.75157,0.75136,0.75157,0.75214,0.75157,0.75136,0.75157,0.75214,0.75157,0.75136,0.75157,0.75214,0.75157,0.75136,0.75157,0.75214,0.75157,0.75136,0.75157,0.75214,0.75157,0.75136,0.75157,0.75214,0.75157,0.75136,0.75157,0.75214,0.75157,0.75136,0.75157,0.75214,0.75157,0.75136,0.75157,0.75214,0.75157,0.75136,0.75157,0.75214,0.75157,0.75136,0.75157,0.75214,0.75157,0.75136,0.75157,0.75214,0.75157,0.75136,0.75157,0.75214,0.75157,0.75136,0.75157,0.75214,0.75157,0.75136,0.75157,0.75214,0.75157,0.75136,0.75157,0.75214,0.75157,0.75136,0.75157,0.75214,0.75157,0.75136,0.75157,0.75214,0.75157,0.75136,0.75157,0.75214,0.75157,0.75136,0.7519,0.75214,0.75087,0.75339,0.74965,0.75214,0.75575,0.74357,0.75946,0.75214,0.73513,0.79093,0.68682,0.45592,0.43253,0.47564,0.44558,0.45592,0.46053,0.45019,0.45797,0.45592,0.45435,0.45631,0.45501,0.45592,0.45557,0.45545,0.45557,0.45592,0.45557,0.45545,0.45557,0.45592,0.45557,0.45545,0.45557,0.45592,0.45557,0.45545,0.45557,0.45592,0.45557,0.45545,0.45557,0.45592,0.45557,0.45545,0.45557,0.45592,0.45557,0.45545,0.45557,0.45592,0.45557,0.45545,0.45557,0.45592,0.45557,0.45545,0.45557,0.45592,0.45557,0.45545,0.45557,0.45592,0.45557,0.45545,0.45557,0.45592,0.45557,0.45545,0.45557,0.45592,0.45557,0.45545,0.45557,0.45592,0.45557,0.45545,0.45557,0.45592,0.45557,0.45545,0.45557,0.45592,0.45557,0.45545,0.45557,0.45592,0.45557,0.45545,0.45557,0.45592,0.45557,0.45545,0.45557,0.45592,0.45557,0.45545,0.45557,0.45592,0.45557,0.45545,0.45557,0.45592,0.45557,0.45545,0.45557,0.45592,0.45557,0.45545,0.45557,0.45592,0.45557,0.45545,0.45557,0.45592,0.45557,0.45545,0.45557,0.45592,0.45557,0.45545,0.45557,0.45592,0.45557,0.45545,0.45609,0.45592,0.4545,0.45858,0.45263,0.45592,0.46202,0.44346,0.46772,0.45592,0.43028,0.51635,0.35592
0.86254,0.92898,0.80285,0.891,0.86254,0.84745,0.87694,0.85493,0.86254,0.86546,0.85914,0.86353,0.86254,0.86189,0.86165,0.86189,0.86254,0.86189,0.86165,0.86189,0.86254,0.86189,0.86165,0.86189,0.86254,0.86189,0.86165,0.86189,0.86254,0.86189,0.86165,0.86189,0.86254,0.86189,0.86165,0.86189,0.86254,0.86189,0.86165,0.86189,0.86254,0.86189,0.86165,0.86189,0.86254,0.86189,0.86165,0.86189,0.86254,0.86189,0.86165,0.86189,0.86254,0.86189,0.86165,0.86189,0.86254,0.86189,0.86165,0.86189,0.86254,0.86189,0.86165,0.86189,0.86254,0.86189,0.86165,0.86189,0.86254,0.86189,0.86165,0.86189,0.86254,0.86189,0.86165,0.86189,0.86254,0.86189,0.86165,0.86189,0.86254,0.86189,0.86165,0.86189,0.86254,0.86189,0.86165,0.86189,0.86254,0.86189,0.86165,0.86189,0.86254,0.86189,0.86165,0.86189,0.86254,0.86189,0.86165,0.86189,0.86254,0.86189,0.86165,0.86189,0.86254,0.86189,0.86165,0.86189,0.86254,0.86189,0.86165,0.86189,0.86254,0.86189,0.86165,0.86189,0.86254,0.86189,0.86165,0.86189,0.86254,0.86189,0.86165,0.86189,0.86254,0.86189,0.86165,0.86189,0.86254,0.86189,0.86165,0.86189,0.86254,0.86189,0.86165,0.86189,0.86254,0.86189,0.86165,0.86189,0.86254,0.86189,0.86165,0.86189,0.86254,0.86189,0.86165,0.86189,0.86254,0.86189,0.86165,0.86189,0.86254,0.86189,0.86165,0.86189,0.86254,0.86189,0.86165,0.86189,0.86254,0.86189,0.86165,0.86189,0.86254,0.86189,0.86165,0.86189,0.86254,0.86189,0.86165,0.86189,0.86254,0.86189,0.86165,0.86189,0.86254,0.86189,0.86165,0.86189,0.86254,0.86189,0.86165,0.86189,0.86254,0.86189,0.86165,0.86189,0.86254,0.86189,0.86165,0.86189,0.86254,0.86189,0.86165,0.86189,0.86254,0.86189,0.86165,0.86189,0.86254,0.86189,0.86165,0.86189,0.86254,0.86189,0.86165,0.86189,0.86254,0.86189,0.86165,0.86189,0.86254,0.86189,0.86165,0.86189,0.86254,0.86189,0.86165,0.86189,0.86254,0.86189,0.86165,0.86189,0.86254,0.86189,0.86165,0.86189,0.86254,0.86189,0.86165,0.86189,0.86254,0.86189,0.86165,0.86189,0.86254,0.86189,0.86165,0.86189,0.86254,0.86189,0.86165,0.86287,0.86254,0.85986,0.86758,0.85631,0.86254,0.87408,0.83897,0.88488,0.86254,0.81404,0.97688,0.67336
0.10812,0.11645,0.10064,0.11169,0.10812,0.10623,0.10993,0.10717,0.10812,0.10849,0.10769,0.10825,0.10812,0.10804,0.10801,0.10804,0.10812,0.10804,0.10801,0.10804,0.10812,0.10804,0.10801,0.10804,0.10812,0.10804,0.10801,0.10804,0.10812,0.10804,0.10801,0.10804,0.10812,0.10804,0.10801,0.10804,0.10812,0.10804,0.10801,0.10804,0.10812,0.10804,0.10801,0.10804,0.10812,0.10804,0.10801,0.10804,0.10812,0.10804,0.10801,0.10804,0.10812,0.10804,0.10801,0.10804,0.10812,0.10804,0.10801,0.10804,0.10812,0.10804,0.10801,0.10804,0.10812,0.10804,0.10801,0.10804,0.10812,0.10804,0.10801,0.10804,0.10812,0.10804,0.10801,0.10804,0.10812,0.10804,0.10801,0.10804,0.10812,0.10804,0.10801,0.10804,0.10812,0.10804,0.10801,0.10804,0.10812,0.10804,0.10801,0.10804,0.10812,0.10804,0.10801,0.10804,0.10812,0.10804,0.10801,0.10804,0.10812,0.10804,0.10801,0.10804,0.10812,0.10804,0.10801,0.10804,0.10812,0.10804,0.10801,0.10804,0.10812,0.10804,0.10801,0.10714,0.10812,0.10991,0.10255,0.11318,0.10812,0.096803,0.12891,0.08685,0.10812,0.15215,0.0017867,0.28184,0.90326,0.96442,0.84813,0.92942,0.90326,0.88926,0.91643,0.89616,0.90326,0.90587,0.90001,0.90409,0.90326,0.90258,0.90233,0.90258,0.90326,0.90258,0.90233,0.90258,0.90326,0.90258,0.90233,0.90258,0.90326,0.90258,0.90233,0.90258,0.90326,0.90258,0.90233,0.90258,0.90326,0.90258,0.90233,0.90258,0.90326,0.90258,0.90233,0.90258,0.90326,0.90258,0.90233,0.90258,0.90326,0.90258,0.90233,0.90258,0.90326,0.90258,0.90233,0.90258,0.90326,0.90258,0.90233,0.90258,0.90326,0.90258,0.90233,0.90258,0.90326,0.90258,0.90233,0.90258,0.90326,0.90258,0.90233,0.90258,0.90326,0.90258,0.90233,0.90258,0.90326,0.90258,0.90233,0.90258,0.90326,0.90258,0.90233,0.90258,0.90326,0.90258,0.90233,0.90258,0.90326,0.90258,0.90233,0.90258,0.90326,0.90258,0.90233,0.90258,0.90326,0.90258,0.90233,0.90258,0.90326,0.90258,0.90233,0.90258,0.90326,0.90258,0.90233,0.90258,0.90326,0.90258,0.90233,0.90258,0.90326,0.90258,0.90233,0.90258,0.90326,0.90258,0.90233,0.9036,0.90326,0.90046,0.90853,0.89674,0.90326,0.91534,0.87858,0.92665,0.90326,0.85247,1.023,0.70515
0.80139,0.86312,0.74593,0.82783,0.80139,0.78737,0.81477,0.79432,0.80139,0.8041,0.79823,0.80231,0.80139,0.80079,0.80056,0.80079,0.80139,0.80079,0.80056,0.80079,0.80139,0.80079,0.80056,0.80079,0.80139,0.80079,0.80056,0.80079,0.80139,0.80079,0.80056,0.80079,0.80139,0.80079,0.80056,0.80079,0.80139,0.80079,0.80056,0.80079,0.80139,0.80079,0.80056,0.80079,0.80139,0.80079,0.80056,0.80079,0.80139,0.80079,0.80056,0.80079,0.80139,0.80079,0.80056,0.80079,0.80139,0.80079,0.80056,0.80079,0.80139,0.80079,0.80056,0.80079,0.80139,0.80079,0.80056,0.80079,0.80139,0.80079,0.80056,0.80079,0.80139,0.80079,0.80056,0.80079,0.80139,0.80079,0.80056,0.80079,0.80139,0.80079,0.80056,0.80079,0.80139,0.80079,0.80056,0.80079,0.80139,0.80079,0.80056,0.80079,0.80139,0.80079,0.80056,0.80079,0.80139,0.80079,0.80056,0.80079,0.80139,0.80079,0.80056,0.80079,0.80139,0.80079,0.80056,0.80079,0.80139,0.80079,0.80056,0.80079,0.80139,0.80079,0.80056,0.80079,0.80139,0.80079,0.80056,0.80079,0.80139,0.80079,0.80056,0.80079,0.80139,0.80079,0.80056,0.80079,0.80139,0.80079,0.80056,0.80079,0.80139,0.80079,0.80056,0.80079,0.80139,0.80079,0.80056,0.80079,0.80139,0.80079,0.80056,0.80079,0.80139,0.80079,0.80056,0.80079,0.80139,0.80079,0.80056,0.80079,0.80139,0.80079,0.80056,0.80079,0.80139,0.80079,0.80056,0.80079,0.80139,0.80079,0.80056,0.80079,0.80139,0.80079,0.80056,0.80079,0.80139,0.80079,0.80056,0.80079,0.80139,0.80079,0.80056,0.80079,0.80139,0.80079,0.80056,0.80079,0.80139,0.80079,0.80056,0.80079,0.80139,0.80079,0.80056,0.80079,0.80139,0.80079,0.80056,0.80079,0.80139,0.80079,0.80056,0.80079,0.80139,0.80079,0.80056,0.80079,0.80139,0.80079,0.80056,0.80079,0.80139,0.80079,0.80056,0.80079,0.80139,0.80079,0.80056,0.80079,0.80139,0.80079,0.80056,0.80079,0.80139,0.80079,0.80056,0.80079,0.80139,0.80079,0.80056,0.80079,0.80139,0.80079,0.80056,0.80079,0.80139,0.80079,0.80056,0.80079,0.80139,0.80079,0.80056,0.80079,0.80139,0.80079,0.80056,0.80079,0.80139,0.80079,0.80056,0.80169,0.80139,0.7989,0.80607,0.7956,0.80139,0.81211,0.77949,0.82214,0.80139,0.75633,0.90762,0.62562
0.82422,0.88771,0.76719,0.85142,0.82422,0.8098,0.83798,0.81695,0.82422,0.82701,0.82097,0.82517,0.82422,0.8236,0.82337,0.8236,0.82422,0.8236,0.82337,0.8236,0.82422,0.8236,0.82337,0.8236,0.82422,0.8236,0.82337,0.8236,0.82422,0.8236,0.82337,0.8236,0.82422,0.8236,0.82337,0.8236,0.82422,0.8236,0.82337,0.8236,0.82422,0.8236,0.82337,0.8236,0.82422,0.8236,0.82337,0.8236,0.82422,0.8236,0.82337,0.8236,0.82422,0.8236,0.82337,0.8236,0.82422,0.8236,0.82337,0.8236,0.82422,0.8236,0.82337,0.8236,0.82422,0.8236,0.82337,0.8236,0.82422,0.8236,0.82337,0.8236,0.82422,0.8236,0.82337,0.8236,0.82422,0.8236,0.82337,0.8236,0.82422,0.8236,0.82337,0.8236,0.82422,0.8236,0.82337,0.8236,0.82422,0.8236,0.82337,0.8236,0.82422,0.8236,0.82337,0.8236,0.82422,0.8236,0.82337,0.8236,0.82422,0.8236,0.82337,0.8236,0.82422,0.8236,0.82337,0.8236,0.82422,0.8236,0.82337,0.8236,0.82422,0.8236,0.82337,0.8236,0.82422,0.8236,0.82337,0.8236,0.82422,0.8236,0.82337,0.8236,0.82422,0.8236,0.82337,0.8236,0.82422,0.8236,0.82337,0.8236,0.82422,0.8236,0.82337,0.8236,0.82422,0.8236,0.82337,0.8236,0.82422,0.8236,0.82337,0.8236,0.82422,0.8236,0.82337,0.8236,0.82422,0.8236,0.82337,0.8236,0.82422,0.8236,0.82337,0.8236,0.82422,0.8236,0.82337,0.8236,0.82422,0.8236,0.82337,0.8236,0.82422,0.8236,0.82337,0.8236,0.82422,0.8236,0.82337,0.8236,0.82422,0.8236,0.82337,0.8236,0.82422,0.8236,0.82337,0.8236,0.82422,0.8236,0.82337,0.8236,0.82422,0.8236,0.82337,0.8236,0.82422,0.8236,0.82337,0.8236,0.82422,0.8236,0.82337,0.8236,0.82422,0.8236,0.82337,0.8236,0.82422,0.8236,0.82337,0.8236,0.82422,0.8236,0.82337,0.8236,0.82422,0.8236,0.82337,0.8236,0.82422,0.8236,0.82337,0.8236,0.82422,0.8236,0.82337,0.8236,0.82422,0.8236,0.82337,0.8236,0.82422,0.8236,0.82337,0.8236,0.82422,0.8236,0.82337,0.8236,0.82422,0.8236,0.82337,0.8236,0.82422,0.8236,0.82337,0.8236,0.82422,0.8236,0.82337,0.82453,0.82422,0.82166,0.82903,0.81827,0.82422,0.83525,0.8017,0.84556,0.82422,0.77787,0.93348,0.64345
0.79104,0.85197,0.7363,0.81715,0.79104,0.7772,0.80425,0.78406,0.79104,0.79372,0.78792,0.79195,0.79104,0.79045,0.79023,0.79045,0.79104,0.79045,0.79023,0.79045,0.79104,0.79045,0.79023,0.79045,0.79104,0.79045,0.79023,0.79045,0.79104,0.79045,0.79023,0.79045,0.79104,0.79045,0.79023,0.79045,0.79104,0.79045,0.79023,0.79045,0.79104,0.79045,0.79023,0.79045,0.79104,0.79045,0.79023,0.79045,0.79104,0.79045,0.79023,0.79045,0.79104,0.79045,0.79023,0.79045,0.79104,0.79045,0.79023,0.79045,0.79104,0.79045,0.79023,0.79045,0.79104,0.79045,0.79023,0.79045,0.79104,0.79045,0.79023,0.79045,0.79104,0.79045,0.79023,0.79045,0.79104,0.79045,0.79023,0.79045,0.79104,0.79045,0.79023,0.79045,0.79104,0.79045,0.79023,0.79045,0.79104,0.79045,0.79023,0.79045,0.79104,0.79045,0.79023,0.79045,0.79104,0.79045,0.79023,0.79045,0.79104,0.79045,0.79023,0.79045,0.79104,0.79045,0.79023,0.79045,0.79104,0.79045,0.79023,0.79045,0.79104,0.79045,0.79023,0.79045,0.79104,0.79045,0.79023,0.79045,0.79104,0.79045,0.79023,0.79045,0.79104,0.79045,0.79023,0.79045,0.79104,0.79045,0.79023,0.79045,0.79104,0.79045,0.79023,0.79045,0.79104,0.79045,0.79023,0.79045,0.79104,0.79045,0.79023,0.79045,0.79104,0.79045,0.79023,0.79045,0.79104,0.79045,0.79023,0.79045,0.79104,0.79045,0.79023,0.79045,0.79104,0.79045,0.79023,0.79045,0.79104,0.79045,0.79023,0.79045,0.79104,0.79045,0.79023,0.79045,0.79104,0.79045,0.79023,0.79045,0.79104,0.79045,0.79023,0.79045,0.79104,0.79045,0.79023,0.79045,0.79104,0.79045,0.79023,0.79045,0.79104,0.79045,0.79023,0.79045,0.79104,0.79045,0.79023,0.79045,0.79104,0.79045,0.79023,0.79045,0.79104,0.79045,0.79023,0.79045,0.79104,0.79045,0.79023,0.79045,0.79104,0.79045,0.79023,0.79045,0.79104,0.79045,0.79023,0.79045,0.79104,0.79045,0.79023,0.79045,0.79104,0.79045,0.79023,0.79045,0.79104,0.79045,0.79023,0.79045,0.79104,0.79045,0.79023,0.79045,0.79104,0.79045,0.79023,0.79045,0.79104,0.79045,0.79023,0.79045,0.79104,0.79045,0.79023,0.79045,0.79104,0.79045,0.79023,0.79134,0.79104,0.78859,0.79566,0.78533,0.79104,0.80163,0.76943,0.81153,0.79104,0.74656,0.8959,0.61754
0.31082,0.33476,0.28931,0.32107,0.31082,0.30538,0.31601,0.30807,0.31082,0.31187,0.30959,0.31117,0.31082,0.31058,0.31049,0.31058,0.31082,0.31058,0.31049,0.31058,0.31082,0.31058,0.31049,0.31058,0.31082,0.31058,0.31049,0.31058,0.31082,0.31058,0.31049,0.31058,0.31082,0.31058,0.31049,0.31058,0.31082,0.31058,0.31049,0.31058,0.31082,0.31058,0.31049,0.31058,0.31082,0.31058,0.31049,0.31058,0.31082,0.31058,0.31049,0.31058,0.31082,0.31058,0.31049,0.31058,0.31082,0.31058,0.31049,0.31058,0.31082,0.31058,0.31049,0.31058,0.31082,0.31058,0.31049,0.31058,0.31082,0.31058,0.31049,0.31058,0.31082,0.31058,0.31049,0.31058,0.31082,0.31058,0.31049,0.31058,0.31082,0.31058,0.31049,0.31058,0.31082,0.31058,0.31049,0.31058,0.31082,0.31058,0.31049,0.31058,0.31082,0.31058,0.31049,0.31058,0.31082,0.31058,0.31049,0.31058,0.31082,0.31058,0.31049,0.31058,0.31082,0.31058,0.31049,0.31058,0.31082,0.31058,0.31049,0.31058,0.31082,0.31058,0.31049,0.31006,0.31082,0.31166,0.30735,0.31354,0.31082,0.30412,0.32252,0.29839,0.31082,0.33596,0.24939,0.41056,0.76822,0.80322,0.73625,0.78308,0.76822,0.75998,0.77554,0.76395,0.76822,0.76953,0.76609,0.76851,0.76822,0.76764,0.76743,0.76764,0.76822,0.76764,0.76743,0.76764,0.76822,0.76764,0.76743,0.76764,0.76822,0.76764,0.76743,0.76764,0.76822,0.76764,0.76743,0.76764,0.76822,0.76764,0.76743,0.76764,0.76822,0.76764,0.76743,0.76764,0.76822,0.76764,0.76743,0.76764,0.76822,0.76764,0.76743,0.76764,0.76822,0.76764,0.76743,0.76764,0.76822,0.76764,0.76743,0.76764,0.76822,0.76764,0.76743,0.76764,0.76822,0.76764,0.76743,0.76764,0.76822,0.76764,0.76743,0.76764,0.76822,0.76764,0.76743,0.76764,0.76822,0.76764,0.76743,0.76764,0.76822,0.76764,0.76743,0.76764,0.76822,0.76764,0.76743,0.76764,0.76822,0.76764,0.76743,0.76764,0.76822,0.76764,0.76743,0.76764,0.76822,0.76764,0.76743,0.76764,0.76822,0.76764,0.76743,0.76764,0.76822,0.76764,0.76743,0.76764,0.76822,0.76764,0.76743,0.76764,0.76822,0.76764,0.76743,0.76764,0.76822,0.76764,0.76743,0.76851,0.76822,0.76584,0.7727,0.76267,0.76822,0.7785,0.74723,0.78811,0.76822,0.72502,0.87005,0.59973
0.20498,0.22076,0.19079,0.21174,0.20498,0.20139,0.2084,0.20317,0.20498,0.20567,0.20417,0.20521,0.20498,0.20482,0.20476,0.20482,0.20498,0.20482,0.20476,0.20482,0.20498,0.20482,0.20476,0.20482,0.20498,0.20482,0.20476,0.20482,0.20498,0.20482,0.20476,0.20482,0.20498,0.20482,0.20476,0.20482,0.20498,0.20482,0.20476,0.20482,0.20498,0.20482,0.20476,0.20482,0.20498,0.20482,0.20476,0.20482,0.20498,0.20482,0.20476,0.20482,0.20498,0.20482,0.20476,0.20482,0.20498,0.20482,0.20476,0.20482,0.20498,0.20482,0.20476,0.20482,0.20498,0.20482,0.20476,0.20482,0.20498,0.20482,0.20476,0.20482,0.20498,0.20482,0.20476,0.20482,0.20498,0.20482,0.20476,0.20482,0.20498,0.20482,0.20476,0.20482,0.20498,0.20482,0.20476,0.20482,0.20498,0.20482,0.20476,0.20482,0.20498,0.20482,0.20476,0.20482,0.20498,0.20482,0.20476,0.20482,0.20498,0.20482,0.20476,0.20482,0.20498,0.20482,0.20476,0.20482,0.20498,0.20482,0.20476,0.20482,0.20498,0.20482,0.20476,0.20414,0.20498,0.20623,0.20063,0.20871,0.20498,0.19632,0.22057,0.1888,0.20498,0.23817,0.12445,0.33622,0.80616,0.85231,0.76434,0.82584,0.80616,0.79548,0.81598,0.80069,0.80616,0.80803,0.80357,0.80669,0.80616,0.80555,0.80532,0.80555,0.80616,0.80555,0.80532,0.80555,0.80616,0.80555,0.80532,0.80555,0.80616,0.80555,0.80532,0.80555,0.80616,0.80555,0.80532,0.80555,0.80616,0.80555,0.80532,0.80555,0.80616,0.80555,0.80532,0.80555,0.80616,0.80555,0.80532,0.80555,0.80616,0.80555,0.80532,0.80555,0.80616,0.80555,0.80532,0.80555,0.80616,0.80555,0.80532,0.80555,0.80616,0.80555,0.80532,0.80555,0.80616,0.80555,0.80532,0.80555,0.80616,0.80555,0.80532,0.80555,0.80616,0.80555,0.80532,0.80555,0.80616,0.80555,0.80532,0.80555,0.80616,0.80555,0.80532,0.80555,0.80616,0.80555,0.80532,0.80555,0.80616,0.80555,0.80532,0.80555,0.80616,0.80555,0.80532,0.80555,0.80616,0.80555,0.80532,0.80555,0.80616,0.80555,0.80532,0.80555,0.80616,0.80555,0.80532,0.80555,0.80616,0.80555,0.80532,0.80555,0.80616,0.80555,0.80532,0.80555,0.80616,0.80555,0.80532,0.80646,0.80616,0.80365,0.81086,0.80034,0.80616,0.81694,0.78413,0.82703,0.80616,0.76083,0.91302,0.62934
0.22155,0.23862,0.20622,0.22886,0.22155,0.21767,0.22525,0.2196,0.22155,0.2223,0.22068,0.2218,0.22155,0.22138,0.22132,0.22138,0.22155,0.22138,0.22132,0.22138,0.22155,0.22138,0.22132,0.22138,0.22155,0.22138,0.22132,0.22138,0.22155,0.22138,0.22132,0.22138,0.22155,0.22138,0.22132,0.22138,0.22155,0.22138,0.22132,0.22138,0.22155,0.22138,0.22132,0.22138,0.22155,0.22138,0.22132,0.22138,0.22155,0.22138,0.22132,0.22138,0.22155,0.22138,0.22132,0.22138,0.22155,0.22138,0.22132,0.22138,0.22155,0.22138,0.22132,0.22138,0.22155,0.22138,0.22132,0.22138,0.22155,0.22138,0.22132,0.22138,0.22155,0.22138,0.22132,0.22138,0.22155,0.22138,0.22132,0.22138,0.22155,0.22138,0.22132,0.22138,0.22155,0.22138,0.22132,0.22138,0.22155,0.22138,0.22132,0.22138,0.22155,0.22138,0.22132,0.22138,0.22155,0.22138,0.22132,0.22138,0.22155,0.22138,0.22132,0.22138,0.22155,0.22138,0.22132,0.22138,0.22155,0.22138,0.22132,0.22138,0.22155,0.22138,0.22132,0.22069,0.22155,0.22284,0.21707,0.22538,0.22155,0.21264,0.23758,0.2049,0.22155,0.25569,0.1387,0.35657,0.84003,0.8875,0.797,0.86027,0.84003,0.82904,0.85013,0.8344,0.84003,0.84195,0.83736,0.84057,0.84003,0.8394,0.83916,0.8394,0.84003,0.8394,0.83916,0.8394,0.84003,0.8394,0.83916,0.8394,0.84003,0.8394,0.83916,0.8394,0.84003,0.8394,0.83916,0.8394,0.84003,0.8394,0.83916,0.8394,0.84003,0.8394,0.83916,0.8394,0.84003,0.8394,0.83916,0.8394,0.84003,0.8394,0.83916,0.8394,0.84003,0.8394,0.83916,0.8394,0.84003,0.8394,0.83916,0.8394,0.84003,0.8394,0.83916,0.8394,0.84003,0.8394,0.83916,0.8394,0.84003,0.8394,0.83916,0.8394,0.84003,0.8394,0.83916,0.8394,0.84003,0.8394,0.83916,0.8394,0.84003,0.8394,0.83916,0.8394,0.84003,0.8394,0.83916,0.8394,0.84003,0.8394,0.83916,0.8394,0.84003,0.8394,0.83916,0.8394,0.84003,0.8394,0.83916,0.8394,0.84003,0.8394,0.83916,0.8394,0.84003,0.8394,0.83916,0.8394,0.84003,0.8394,0.83916,0.8394,0.84003,0.8394,0.83916,0.8394,0.84003,0.8394,0.83916,0.84035,0.84003,0.83742,0.84493,0.83397,0.84003,0.85127,0.81708,0.86178,0.84003,0.79279,0.95138,0.65579
0.74716,0.80471,0.69545,0.77181,0.74716,0.73408,0.75963,0.74056,0.74716,0.74968,0.74421,0.74801,0.74716,0.74659,0.74639,0.74659,0.74716,0.74659,0.74639,0.74659,0.74716,0.74659,0.74639,0.74659,0.74716,0.74659,0.74639,0.74659,0.74716,0.74659,0.74639,0.74659,0.74716,0.74659,0.74639,0.74659,0.74716,0.74659,0.74639,0.74659,0.74716,0.74659,0.74639,0.74659,0.74716,0.74659,0.74639,0.74659,0.74716,0.74659,0.74639,0.74659,0.74716,0.74659,0.74639,0.74659,0.74716,0.74659,0.74639,0.74659,0.74716,0.74659,0.74639,0.74659,0.74716,0.74659,0.74639,0.74659,0.74716,0.74659,0.74639,0.74659,0.74716,0.74659,0.74639,0.74659,0.74716,0.74659,0.74639,0.74659,0.74716,0.74659,0.74639,0.74659,0.74716,0.74659,0.74639,0.74659,0.74716,0.74659,0.74639,0.74659,0.74716,0.74659,0.74639,0.74659,0.74716,0.74659,0.74639,0.74659,0.74716,0.74659,0.74639,0.74659,0.74716,0.74659,0.74639,0.74659,0.74716,0.74659,0.74639,0.74659,0.74716,0.74659,0.74639,0.74659,0.74716,0.74659,0.74639,0.74659,0.74716,0.74659,0.74639,0.74659,0.74716,0.74659,0.74639,0.74659,0.74716,0.74659,0.74639,0.74659,0.74716,0.74659,0.74639,0.74659,0.74716,0.74659,0.74639,0.74659,0.74716,0.74659,0.74639,0.74659,0.74716,0.74659,0.74639,0.74659,0.74716,0.74659,0.74639,0.74659,0.74716,0.74659,0.74639,0.74659,0.74716,0.74659,0.74639,0.74659,0.74716,0.74659,0.74639,0.74659,0.74716,0.74659,0.74639,0.74659,0.74716,0.74659,0.74639,0.74659,0.74716,0.74659,0.74639,0.74659,0.74716,0.74659,0.74639,0.74659,0.74716,0.74659,0.74639,0.74659,0.74716,0.74659,0.74639,0.74659,0.74716,0.74659,0.74639,0.74659,0.74716,0.74659,0.74639,0.74659,0.74716,0.74659,0.74639,0.74659,0.74716,0.74659,0.74639,0.74659,0.74716,0.74659,0.74639,0.74659,0.74716,0.74659,0.74639,0.74659,0.74716,0.74659,0.74639,0.74659,0.74716,0.74659,0.74639,0.74659,0.74716,0.74659,0.74639,0.74659,0.74716,0.74659,0.74639,0.74659,0.74716,0.74659,0.74639,0.74659,0.74716,0.74659,0.74639,0.74659,0.74716,0.74659,0.74639,0.74659,0.74716,0.74659,0.74639,0.74744,0.74716,0.74484,0.75152,0.74176,0.74716,0.75715,0.72674,0.76651,0.74716,0.70514,0.8462,0.58328
0.77974,0.8398,0.72578,0.80547,0.77974,0.76609,0.79276,0.77286,0.77974,0.78237,0.77666,0.78063,0.77974,0.77915,0.77893,0.77915,0.77974,0.77915,0.77893,0.77915,0.77974,0.77915,0.77893,0.77915,0.77974,0.77915,0.77893,0.77915,0.77974,0.77915,0.77893,0.77915,0.77974,0.77915,0.77893,0.77915,0.77974,0.77915,0.77893,0.77915,0.77974,0.77915,0.77893,0.77915,0.77974,0.77915,0.77893,0.77915,0.77974,0.77915,0.77893,0.77915,0.77974,0.77915,0.77893,0.77915,0.77974,0.77915,0.77893,0.77915,0.77974,0.77915,0.77893,0.77915,0.77974,0.77915,0.77893,0.77915,0.77974,0.77915,0.77893,0.77915,0.77974,0.77915,0.77893,0.77915,0.77974,0.77915,0.77893,0.77915,0.77974,0.77915,0.77893,0.77915,0.77974,0.77915,0.77893,0.77915,0.77974,0.77915,0.77893,0.77915,0.77974,0.77915,0.77893,0.77915,0.77974,0.77915,0.77893,0.77915,0.77974,0.77915,0.77893,0.77915,0.77974,0.77915,0.77893,0.77915,0.77974,0.77915,0.77893,0.77915,0.77974,0.77915,0.77893,0.77915,0.77974,0.77915,0.77893,0.77915,0.77974,0.77915,0.77893,0.77915,0.77974,0.77915,0.77893,0.77915,0.77974,0.77915,0.77893,0.77915,0.77974,0.77915,0.77893,0.77915,0.77974,0.77915,0.77893,0.77915,0.77974,0.77915,0.77893,0.77915,0.77974,0.77915,0.77893,0.77915,0.77974,0.77915,0.77893,0.77915,0.77974,0.77915,0.77893,0.77915,0.77974,0.77915,0.77893,0.77915,0.77974,0.77915,0.77893,0.77915,0.77974,0.77915,0.77893,0.77915,0.77974,0.77915,0.77893,0.77915,0.77974,0.77915,0.77893,0.77915,0.77974,0.77915,0.77893,0.77915,0.77974,0.77915,0.77893,0.77915,0.77974,0.77915,0.77893,0.77915,0.77974,0.77915,0.77893,0.77915,0.77974,0.77915,0.77893,0.77915,0.77974,0.77915,0.77893,0.77915,0.77974,0.77915,0.77893,0.77915,0.77974,0.77915,0.77893,0.77915,0.77974,0.77915,0.77893,0.77915,0.77974,0.77915,0.77893,0.77915,0.77974,0.77915,0.77893,0.77915,0.77974,0.77915,0.77893,0.77915,0.77974,0.77915,0.77893,0.77915,0.77974,0.77915,0.77893,0.77915,0.77974,0.77915,0.77893,0.77915,0.77974,0.77915,0.77893,0.77915,0.77974,0.77915,0.77893,0.78003,0.77974,0.77732,0.78429,0.77411,0.77974,0.79017,0.75843,0.79993,0.77974,0.73589,0.8831,0.60872
0.8422,0.90706,0.78392,0.86998,0.8422,0.82746,0.85626,0.83476,0.8422,0.84504,0.83887,0.84316,0.8422,0.84156,0.84132,0.84156,0.8422,0.84156,0.84132,0.84156,0.8422,0.84156,0.84132,0.84156,0.8422,0.84156,0.84132,0.84156,0.8422,0.84156,0.84132,0.84156,0.8422,0.84156,0.84132,0.84156,0.8422,0.84156,0.84132,0.84156,0.8422,0.84156,0.84132,0.84156,0.8422,0.84156,0.84132,0.84156,0.8422,0.84156,0.84132,0.84156,0.8422,0.84156,0.84132,0.84156,0.8422,0.84156,0.84132,0.84156,0.8422,0.84156,0.84132,0.84156,0.8422,0.84156,0.84132,0.84156,0.8422,0.84156,0.84132,0.84156,0.8422,0.84156,0.84132,0.84156,0.8422,0.84156,0.84132,0.84156,0.8422,0.84156,0.84132,0.84156,0.8422,0.84156,0.84132,0.84156,0.8422,0.84156,0.84132,0.84156,0.8422,0.84156,0.84132,0.84156,0.8422,0.84156,0.84132,0.84156,0.8422,0.84156,0.84132,0.84156,0.8422,0.84156,0.84132,0.84156,0.8422,0.84156,0.84132,0.84156,0.8422,0.84156,0.84132,0.84156,0.8422,0.84156,0.84132,0.84156,0.8422,0.84156,0.84132,0.84156,0.8422,0.84156,0.84132,0.84156,0.8422,0.84156,0.84132,0.84156,0.8422,0.84156,0.84132,0.84156,0.8422,0.84156,0.84132,0.84156,0.8422,0.84156,0.84132,0.84156,0.8422,0.84156,0.84132,0.84156,0.8422,0.84156,0.84132,0.84156,0.8422,0.84156,0.84132,0.84156,0.8422,0.84156,0.84132,0.84156,0.8422,0.84156,0.84132,0.84156,0.8422,0.84156,0.84132,0.84156,0.8422,0.84156,0.84132,0.84156,0.8422,0.84156,0.84132,0.84156,0.8422,0.84156,0.84132,0.84156,0.8422,0.84156,0.84132,0.84156,0.8422,0.84156,0.84132,0.84156,0.8422,0.84156,0.84132,0.84156,0.8422,0.84156,0.84132,0.84156,0.8422,0.84156,0.84132,0.84156,0.8422,0.84156,0.84132,0.84156,0.8422,0.84156,0.84132,0.84156,0.8422,0.84156,0.84132,0.84156,0.8422,0.84156,0.84132,0.84156,0.8422,0.84156,0.84132,0.84156,0.8422,0.84156,0.84132,0.84156,0.8422,0.84156,0.84132,0.84156,0.8422,0.84156,0.84132,0.84156,0.8422,0.84156,0.84132,0.84156,0.8422,0.84156,0.84132,0.84156,0.8422,0.84156,0.84132,0.84251,0.8422,0.83958,0.84711,0.83611,0.8422,0.85346,0.81918,0.864,0.8422,0.79484,0.95383,0.65748
0.16786,0.18079,0.15624,0.1734,0.16786,0.16492,0.17066,0.16638,0.16786,0.16843,0.1672,0.16805,0.16786,0.16773,0.16769,0.16773,0.16786,0.16773,0.16769,0.16773,0.16786,0.16773,0.16769,0.16773,0.16786,0.16773,0.16769,0.16773,0.16786,0.16773,0.16769,0.16773,0.16786,0.16773,0.16769,0.16773,0.16786,0.16773,0.16769,0.16773,0.16786,0.16773,0.16769,0.16773,0.16786,0.16773,0.16769,0.16773,0.16786,0.16773,0.16769,0.16773,0.16786,0.16773,0.16769,0.16773,0.16786,0.16773,0.16769,0.16773,0.16786,0.16773,0.16769,0.16773,0.16786,0.16773,0.16769,0.16773,0.16786,0.16773,0.16769,0.16773,0.16786,0.16773,0.16769,0.16773,0.16786,0.16773,0.16769,0.16773,0.16786,0.16773,0.16769,0.16773,0.16786,0.16773,0.16769,0.16773,0.16786,0.16773,0.16769,0.16773,0.16786,0.16773,0.16769,0.16773,0.16786,0.16773,0.16769,0.16773,0.16786,0.16773,0.16769,0.16773,0.16786,0.16773,0.16769,0.16773,0.16786,0.16773,0.16769,0.16773,0.16786,0.16773,0.16769,0.16704,0.16786,0.16918,0.16345,0.17172,0.16786,0.15902,0.1839,0.1513,0.16786,0.20194,0.08533,0.30248,0.78436,0.83171,0.74152,0.80457,0.78436,0.77344,0.79448,0.77879,0.78436,0.78631,0.78175,0.78493,0.78436,0.78376,0.78354,0.78376,0.78436,0.78376,0.78354,0.78376,0.78436,0.78376,0.78354,0.78376,0.78436,0.78376,0.78354,0.78376,0.78436,0.78376,0.78354,0.78376,0.78436,0.78376,0.78354,0.78376,0.78436,0.78376,0.78354,0.78376,0.78436,0.78376,0.78354,0.78376,0.78436,0.78376,0.78354,0.78376,0.78436,0.78376,0.78354,0.78376,0.78436,0.78376,0.78354,0.78376,0.78436,0.78376,0.78354,0.78376,0.78436,0.78376,0.78354,0.78376,0.78436,0.78376,0.78354,0.78376,0.78436,0.78376,0.78354,0.78376,0.78436,0.78376,0.78354,0.78376,0.78436,0.78376,0.78354,0.78376,0.78436,0.78376,0.78354,0.78376,0.78436,0.78376,0.78354,0.78376,0.78436,0.78376,0.78354,0.78376,0.78436,0.78376,0.78354,0.78376,0.78436,0.78376,0.78354,0.78376,0.78436,0.78376,0.78354,0.78376,0.78436,0.78376,0.78354,0.78376,0.78436,0.78376,0.78354,0.78376,0.78436,0.78376,0.78354,0.78465,0.78436,0.78192,0.78893,0.77869,0.78436,0.79485,0.76292,0.80467,0.78436,0.74025,0.88833,0.61232
0.86763,0.93446,0.80759,0.89626,0.86763,0.85245,0.88212,0.85997,0.86763,0.87057,0.86421,0.86863,0.86763,0.86698,0.86674,0.86698,0.86763,0.86698,0.86674,0.86698,0.86763,0.86698,0.86674,0.86698,0.86763,0.86698,0.86674,0.86698,0.86763,0.86698,0.86674,0.86698,0.86763,0.86698,0.86674,0.86698,0.86763,0.86698,0.86674,0.86698,0.86763,0.86698,0.86674,0.86698,0.86763,0.86698,0.86674,0.86698,0.86763,0.86698,0.86674,0.86698,0.86763,0.86698,0.86674,0.86698,0.86763,0.86698,0.86674,0.86698,0.86763,0.86698,0.86674,0.86698,0.86763,0.86698,0.86674,0.86698,0.86763,0.86698,0.86674,0.86698,0.86763,0.86698,0.86674,0.86698,0.86763,0.86698,0.86674,0.86698,0.86763,0.86698,0.86674,0.86698,0.86763,0.86698,0.86674,0.86698,0.86763,0.86698,0.86674,0.86698,0.86763,0.86698,0.86674,0.86698,0.86763,0.86698,0.86674,0.86698,0.86763,0.86698,0.86674,0.86698,0.86763,0.86698,0.86674,0.86698,0.86763,0.86698,0.86674,0.86698,0.86763,0.86698,0.86674,0.86764,0.86763,0.8656,0.87076,0.86319,0.86763,0.87526,0.85133,0.88259,0.86763,0.83448,0.945,0.73893,0.28182,0.23604,0.32146,0.26183,0.28182,0.29141,0.27114,0.28633,0.28182,0.27918,0.28323,0.28049,0.28182,0.2816,0.28152,0.2816,0.28182,0.2816,0.28152,0.2816,0.28182,0.2816,0.28152,0.2816,0.28182,0.2816,0.28152,0.2816,0.28182,0.2816,0.28152,0.2816,0.28182,0.2816,0.28152,0.2816,0.28182,0.2816,0.28152,0.2816,0.28182,0.2816,0.28152,0.2816,0.28182,0.2816,0.28152,0.2816,0.28182,0.2816,0.28152,0.2816,0.28182,0.2816,0.28152,0.2816,0.28182,0.2816,0.28152,0.2816,0.28182,0.2816,0.28152,0.2816,0.28182,0.2816,0.28152,0.2816,0.28182,0.2816,0.28152,0.2816,0.28182,0.2816,0.28152,0.2816,0.28182,0.2816,0.28152,0.2816,0.28182,0.2816,0.28152,0.2816,0.28182,0.2816,0.28152,0.2816,0.28182,0.2816,0.28152,0.2816,0.28182,0.2816,0.28152,0.2816,0.28182,0.2816,0.28152,0.2816,0.28182,0.2816,0.28152,0.2816,0.28182,0.2816,0.28152,0.2816,0.28182,0.2816,0.28152,0.2816,0.28182,0.2816,0.28152,0.28192,0.28182,0.28094,0.28346,0.27978,0.28182,0.28559,0.27411,0.28911,0.28182,0.26597,0.31917,0.22
0.52583,0.56633,0.48944,0.54318,0.52583,0.51662,0.53461,0.52118,0.52583,0.5276,0.52375,0.52643,0.52583,0.52543,0.52528,0.52543,0.52583,0.52543,0.52528,0.52543,0.52583,0.52543,0.52528,0.52543,0.52583,0.52543,0.52528,0.52543,0.52583,0.52543,0.52528,0.52543,0.52583,0.52543,0.52528,0.52543,0.52583,0.52543,0.52528,0.52543,0.52583,0.52543,0.52528,0.52543,0.52583,0.52543,0.52528,0.52543,0.52583,0.52543,0.52528,0.52531,0.52583,0.52568,0.52456,0.52611,0.52583,0.52394,0.52805,0.52263,0.52583,0.53127,0.51123,0.54842,0.63102,0.63873,0.6232,0.6341,0.63102,0.62878,0.63223,0.6297,0.63102,0.63098,0.63006,0.63074,0.63102,0.63055,0.63037,0.63055,0.63102,0.63055,0.63037,0.63055,0.63102,0.63055,0.63037,0.63055,0.63102,0.63055,0.63037,0.63055,0.63102,0.63055,0.63037,0.63055,0.63102,0.63055,0.63037,0.63055,0.63102,0.63055,0.63037,0.63055,0.63102,0.63055,0.63037,0.63055,0.63102,0.63055,0.63037,0.63055,0.63102,0.63055,0.63037,0.63045,0.63102,0.63075,0.62977,0.63111,0.63102,0.62931,0.63266,0.62822,0.63102,0.63539,0.61871,0.64962,0.71827,0.72452,0.71158,0.72068,0.71827,0.71627,0.71908,0.71703,0.71827,0.71809,0.71728,0.7179,0.71827,0.71773,0.71753,0.71773,0.71827,0.71773,0.71753,0.71773,0.71827,0.71773,0.71753,0.71773,0.71827,0.71773,0.71753,0.71773,0.71827,0.71773,0.71753,0.71773,0.71827,0.71773,0.71753,0.71773,0.71827,0.71773,0.71753,0.71773,0.71827,0.71773,0.71753,0.71773,0.71827,0.71773,0.71753,0.71773,0.71827,0.71773,0.71753,0.71797,0.71827,0.71723,0.71899,0.71636,0.71827,0.72074,0.71194,0.7234,0.71827,0.70593,0.74595,0.67123,0.50553,0.4886,0.51951,0.49797,0.50553,0.50871,0.50124,0.50687,0.50553,0.50427,0.50563,0.50475,0.50553,0.50515,0.50501,0.50515,0.50553,0.50515,0.50501,0.50515,0.50553,0.50515,0.50501,0.50515,0.50553,0.50515,0.50501,0.50515,0.50553,0.50515,0.50501,0.50515,0.50553,0.50515,0.50501,0.50515,0.50553,0.50515,0.50501,0.50515,0.50553,0.50515,0.50501,0.50515,0.50553,0.50515,0.50501,0.50515,0.50553,0.50515,0.50501,0.50572,0.50553,0.50396,0.50848,0.50188,0.50553,0.51229,0.49172,0.51862,0.50553,0.4771,0.57254,0.39465
0.73419,0.79074,0.68338,0.75841,0.73419,0.72134,0.74645,0.7277,0.73419,0.73667,0.73129,0.73503,0.73419,0.73363,0.73343,0.73363,0.73419,0.73363,0.73343,0.73363,0.73419,0.73363,0.73343,0.73363,0.73419,0.73363,0.73343,0.73363,0.73419,0.73363,0.73343,0.73363,0.73419,0.73363,0.73343,0.73363,0.73419,0.73363,0.73343,0.73363,0.73419,0.73363,0.73343,0.73363,0.73419,0.73363,0.73343,0.73363,0.73419,0.73363,0.73343,0.73363,0.73419,0.73363,0.73343,0.73363,0.73419,0.73363,0.73343,0.73363,0.73419,0.73363,0.73343,0.73363,0.73419,0.73363,0.73343,0.73363,0.73419,0.73363,0.73343,0.73363,0.73419,0.73363,0.73343,0.73363,0.73419,0.73363,0.73343,0.73363,0.73419,0.73363,0.73343,0.73363,0.73419,0.73363,0.73343,0.73363,0.73419,0.73363,0.73343,0.73363,0.73419,0.73363,0.73343,0.73363,0.73419,0.73363,0.73343,0.73363,0.73419,0.73363,0.73343,0.73363,0.73419,0.73363,0.73343,0.73363,0.73419,0.73363,0.73343,0.73363,0.73419,0.73363,0.73343,0.73363,0.73419,0.73363,0.73343,0.73363,0.73419,0.73363,0.73343,0.73363,0.73419,0.73363,0.73343,0.73363,0.73419,0.73363,0.73343,0.73363,0.73419,0.73363,0.73343,0.73363,0.73419,0.73363,0.73343,0.73363,0.73419,0.73363,0.73343,0.73363,0.73419,0.73363,0.73343,0.73363,0.73419,0.73363,0.73343,0.73363,0.73419,0.73363,0.73343,0.73363,0.73419,0.73363,0.73343,0.73363,0.73419,0.73363,0.73343,0.73363,0.73419,0.73363,0.73343,0.73363,0.73419,0.73363,0.73343,0.73363,0.73419,0.73363,0.73343,0.73363,0.73419,0.73363,0.73343,0.73363,0.73419,0.73363,0.73343,0.73363,0.73419,0.73363,0.73343,0.73363,0.73419,0.73363,0.73343,0.73363,0.73419,0.73363,0.73343,0.73363,0.73419,0.73363,0.73343,0.73363,0.73419,0.73363,0.73343,0.73363,0.73419,0.73363,0.73343,0.73363,0.73419,0.73363,0.73343,0.73363,0.73419,0.73363,0.73343,0.73363,0.73419,0.73363,0.73343,0.73363,0.73419,0.73363,0.73343,0.73363,0.73419,0.73363,0.73343,0.73363,0.73419,0.73363,0.73343,0.73363,0.73419,0.73363,0.73343,0.73363,0.73419,0.73363,0.73343,0.73363,0.73419,0.73363,0.73343,0.73446,0.73419,0.73191,0.73847,0.72888,0.73419,0.74401,0.71412,0.7532,0.73419,0.6929,0.83151,0.57316
0.79362,0.85474,0.7387,0.8198,0.79362,0.77973,0.80687,0.78661,0.79362,0.7963,0.79048,0.79453,0.79362,0.79302,0.7928,0.79302,0.79362,0.79302,0.7928,0.79302,0.79362,0.79302,0.7928,0.79302,0.79362,0.79302,0.7928,0.79302,0.79362,0.79302,0.7928,0.79302,0.79362,0.79302,0.7928,0.79302,0.79362,0.79302,0.7928,0.79302,0.79362,0.79302,0.7928,0.79302,0.79362,0.79302,0.7928,0.79302,0.79362,0.79302,0.7928,0.79302,0.79362,0.79302,0.7928,0.79302,0.79362,0.79302,0.7928,0.79302,0.79362,0.79302,0.7928,0.79302,0.79362,0.79302,0.7928,0.79302,0.79362,0.79302,0.7928,0.79302,0.79362,0.79302,0.7928,0.79302,0.79362,0.79302,0.7928,0.79302,0.79362,0.79302,0.7928,0.79302,0.79362,0.79302,0.7928,0.79302,0.79362,0.79302,0.7928,0.79302,0.79362,0.79302,0.7928,0.79302,0.79362,0.79302,0.7928,0.79302,0.79362,0.79302,0.7928,0.79302,0.79362,0.79302,0.7928,0.79302,0.79362,0.79302,0.7928,0.79302,0.79362,0.79302,0.7928,0.79302,0.79362,0.79302,0.7928,0.79302,0.79362,0.79302,0.7928,0.79302,0.79362,0.79302,0.7928,0.79302,0.79362,0.79302,0.7928,0.79302,0.79362,0.79302,0.7928,0.79302,0.79362,0.79302,0.7928,0.79302,0.79362,0.79302,0.7928,0.79302,0.79362,0.79302,0.7928,0.79302,0.79362,0.79302,0.7928,0.79302,0.79362,0.79302,0.7928,0.79302,0.79362,0.79302,0.7928,0.79302,0.79362,0.79302,0.7928,0.79302,0.79362,0.79302,0.7928,0.79302,0.79362,0.79302,0.7928,0.79302,0.79362,0.79302,0.7928,0.79302,0.79362,0.79302,0.7928,0.79302,0.79362,0.79302,0.7928,0.79302,0.79362,0.79302,0.7928,0.79302,0.79362,0.79302,0.7928,0.79302,0.79362,0.79302,0.7928,0.79302,0.79362,0.79302,0.7928,0.79302,0.79362,0.79302,0.7928,0.79302,0.79362,0.79302,0.7928,0.79302,0.79362,0.79302,0.7928,0.79302,0.79362,0.79302,0.7928,0.79302,0.79362,0.79302,0.7928,0.79302,0.79362,0.79302,0.7928,0.79302,0.79362,0.79302,0.7928,0.79302,0.79362,0.79302,0.7928,0.79302,0.79362,0.79302,0.7928,0.79302,0.79362,0.79302,0.7928,0.79302,0.79362,0.79302,0.7928,0.79391,0.79362,0.79115,0.79825,0.78789,0.79362,0.80423,0.77193,0.81417,0.79362,0.74899,0.89882,0.61955
0.6447,0.69436,0.60009,0.66597,0.6447,0.63342,0.65547,0.63901,0.6447,0.64688,0.64216,0.64544,0.6447,0.64422,0.64404,0.64422,0.6447,0.64422,0.64404,0.64422,0.6447,0.64422,0.64404,0.64422,0.6447,0.64422,0.64404,0.64422,0.6447,0.64422,0.64404,0.64422,0.6447,0.64422,0.64404,0.64422,0.6447,0.64422,0.64404,0.64422,0.6447,0.64422,0.64404,0.64422,0.6447,0.64422,0.64404,0.64422,0.6447,0.64422,0.64404,0.64422,0.6447,0.64422,0.64404,0.64422,0.6447,0.64422,0.64404,0.64422,0.6447,0.64422,0.64404,0.64422,0.6447,0.64422,0.64404,0.64422,0.6447,0.64422,0.64404,0.64422,0.6447,0.64422,0.64404,0.64422,0.6447,0.64422,0.64404,0.64422,0.6447,0.64422,0.64404,0.64422,0.6447,0.64422,0.64404,0.64422,0.6447,0.64422,0.64404,0.64422,0.6447,0.64422,0.64404,0.64422,0.6447,0.64422,0.64404,0.64422,0.6447,0.64422,0.64404,0.64422,0.6447,0.64422,0.64404,0.64422,0.6447,0.64422,0.64404,0.64422,0.6447,0.64422,0.64404,0.6441,0.6447,0.64445,0.64334,0.64487,0.6447,0.64278,0.6467,0.64152,0.6447,0.64984,0.6305,0.66636,0.746,0.75331,0.73832,0.74885,0.746,0.74374,0.74702,0.74462,0.746,0.74585,0.74493,0.74563,0.746,0.74544,0.74523,0.74544,0.746,0.74544,0.74523,0.74544,0.746,0.74544,0.74523,0.74544,0.746,0.74544,0.74523,0.74544,0.746,0.74544,0.74523,0.74544,0.746,0.74544,0.74523,0.74544,0.746,0.74544,0.74523,0.74544,0.746,0.74544,0.74523,0.74544,0.746,0.74544,0.74523,0.74544,0.746,0.74544,0.74523,0.74544,0.746,0.74544,0.74523,0.74544,0.746,0.74544,0.74523,0.74544,0.746,0.74544,0.74523,0.74544,0.746,0.74544,0.74523,0.74544,0.746,0.74544,0.74523,0.74544,0.746,0.74544,0.74523,0.74544,0.746,0.74544,0.74523,0.74544,0.746,0.74544,0.74523,0.74544,0.746,0.74544,0.74523,0.74544,0.746,0.74544,0.74523,0.74544,0.746,0.74544,0.74523,0.74544,0.746,0.74544,0.74523,0.74544,0.746,0.74544,0.74523,0.74544,0.746,0.74544,0.74523,0.74544,0.746,0.74544,0.74523,0.74544,0.746,0.74544,0.74523,0.74628,0.746,0.74368,0.75035,0.74061,0.746,0.75598,0.72561,0.76532,0.746,0.70405,0.84488,0.58238
0.6246,0.67271,0.58138,0.64521,0.6246,0.61367,0.63503,0.61909,0.6246,0.62671,0.62213,0.62532,0.6246,0.62413,0.62395,0.62413,0.6246,0.62413,0.62395,0.62413,0.6246,0.62413,0.62395,0.62413,0.6246,0.62413,0.62395,0.62413,0.6246,0.62413,0.62395,0.62413,0.6246,0.62413,0.62395,0.62413,0.6246,0.62413,0.62395,0.62413,0.6246,0.62413,0.62395,0.62413,0.6246,0.62413,0.62395,0.62413,0.6246,0.62413,0.62395,0.62413,0.6246,0.62413,0.62395,0.62413,0.6246,0.62413,0.62395,0.62413,0.6246,0.62413,0.62395,0.62413,0.6246,0.62413,0.62395,0.62413,0.6246,0.62413,0.62395,0.62413,0.6246,0.62413,0.62395,0.62413,0.6246,0.62413,0.62395,0.62413,0.6246,0.62413,0.62395,0.62413,0.6246,0.62413,0.62395,0.62413,0.6246,0.62413,0.62395,0.62413,0.6246,0.62413,0.62395,0.62413,0.6246,0.62413,0.62395,0.62413,0.6246,0.62413,0.62395,0.62413,0.6246,0.62413,0.62395,0.62413,0.6246,0.62413,0.62395,0.62413,0.6246,0.62413,0.62395,0.62398,0.6246,0.62445,0.62303,0.625,0.6246,0.62222,0.6275,0.62053,0.6246,0.63162,0.60592,0.65363,0.75957,0.76949,0.74958,0.76355,0.75957,0.75673,0.76118,0.7579,0.75957,0.75955,0.75839,0.75925,0.75957,0.75899,0.75878,0.75899,0.75957,0.75899,0.75878,0.75899,0.75957,0.75899,0.75878,0.75899,0.75957,0.75899,0.75878,0.75899,0.75957,0.75899,0.75878,0.75899,0.75957,0.75899,0.75878,0.75899,0.75957,0.75899,0.75878,0.75899,0.75957,0.75899,0.75878,0.75899,0.75957,0.75899,0.75878,0.75899,0.75957,0.75899,0.75878,0.75899,0.75957,0.75899,0.75878,0.75899,0.75957,0.75899,0.75878,0.75899,0.75957,0.75899,0.75878,0.75899,0.75957,0.75899,0.75878,0.75899,0.75957,0.75899,0.75878,0.75899,0.75957,0.75899,0.75878,0.75899,0.75957,0.75899,0.75878,0.75899,0.75957,0.75899,0.75878,0.75899,0.75957,0.75899,0.75878,0.75899,0.75957,0.75899,0.75878,0.75899,0.75957,0.75899,0.75878,0.75899,0.75957,0.75899,0.75878,0.75899,0.75957,0.75899,0.75878,0.75899,0.75957,0.75899,0.75878,0.75899,0.75957,0.75899,0.75878,0.75899,0.75957,0.75899,0.75878,0.75985,0.75957,0.75721,0.764,0.75408,0.75957,0.76973,0.73881,0.77924,0.75957,0.71686,0.86025,0.59297
0.29078,0.31318,0.27066,0.30037,0.29078,0.28569,0.29563,0.28821,0.29078,0.29176,0.28963,0.29111,0.29078,0.29056,0.29048,0.29056,0.29078,0.29056,0.29048,0.29056,0.29078,0.29056,0.29048,0.29056,0.29078,0.29056,0.29048,0.29056,0.29078,0.29056,0.29048,0.29056,0.29078,0.29056,0.29048,0.29056,0.29078,0.29056,0.29048,0.29056,0.29078,0.29056,0.29048,0.29056,0.29078,0.29056,0.29048,0.29056,0.29078,0.29056,0.29048,0.29056,0.29078,0.29056,0.29048,0.29056,0.29078,0.29056,0.29048,0.29056,0.29078,0.29056,0.29048,0.29056,0.29078,0.29056,0.29048,0.29056,0.29078,0.29056,0.29048,0.29056,0.29078,0.29056,0.29048,0.29056,0.29078,0.29056,0.29048,0.29056,0.29078,0.29056,0.29048,0.29056,0.29078,0.29056,0.29048,0.29056,0.29078,0.29056,0.29048,0.29056,0.29078,0.29056,0.29048,0.29056,0.29078,0.29056,0.29048,0.29056,0.29078,0.29056,0.29048,0.29056,0.29078,0.29056,0.29048,0.29056,0.29078,0.29056,0.29048,0.29056,0.29078,0.29056,0.29048,0.29011,0.29078,0.29149,0.28774,0.29313,0.29078,0.28493,0.30095,0.27995,0.29078,0.31265,0.23729,0.37759,0.68894,0.71939,0.66109,0.70186,0.68894,0.68175,0.69529,0.68521,0.68894,0.69007,0.68707,0.68918,0.68894,0.68842,0.68823,0.68842,0.68894,0.68842,0.68823,0.68842,0.68894,0.68842,0.68823,0.68842,0.68894,0.68842,0.68823,0.68842,0.68894,0.68842,0.68823,0.68842,0.68894,0.68842,0.68823,0.68842,0.68894,0.68842,0.68823,0.68842,0.68894,0.68842,0.68823,0.68842,0.68894,0.68842,0.68823,0.68842,0.68894,0.68842,0.68823,0.68842,0.68894,0.68842,0.68823,0.68842,0.68894,0.68842,0.68823,0.68842,0.68894,0.68842,0.68823,0.68842,0.68894,0.68842,0.68823,0.68842,0.68894,0.68842,0.68823,0.68842,0.68894,0.68842,0.68823,0.68842,0.68894,0.68842,0.68823,0.68842,0.68894,0.68842,0.68823,0.68842,0.68894,0.68842,0.68823,0.68842,0.68894,0.68842,0.68823,0.68842,0.68894,0.68842,0.68823,0.68842,0.68894,0.68842,0.68823,0.68842,0.68894,0.68842,0.68823,0.68842,0.68894,0.68842,0.68823,0.68842,0.68894,0.68842,0.68823,0.68842,0.68894,0.68842,0.68823,0.6892,0.68894,0.6868,0.69296,0.68397,0.68894,0.69816,0.67012,0.70678,0.68894,0.6502,0.78026,0.53784
0.83938,0.90403,0.78129,0.86707,0.83938,0.82469,0.85339,0.83197,0.83938,0.84221,0.83606,0.84034,0.83938,0.83874,0.83851,0.83874,0.83938,0.83874,0.83851,0.83874,0.83938,0.83874,0.83851,0.83874,0.83938,0.83874,0.83851,0.83874,0.83938,0.83874,0.83851,0.83874,0.83938,0.83874,0.83851,0.83874,0.83938,0.83874,0.83851,0.83874,0.83938,0.83874,0.83851,0.83874,0.83938,0.83874,0.83851,0.83874,0.83938,0.83874,0.83851,0.83874,0.83938,0.83874,0.83851,0.83874,0.83938,0.83874,0.83851,0.83874,0.83938,0.83874,0.83851,0.83874,0.83938,0.83874,0.83851,0.83874,0.83938,0.83874,0.83851,0.83874,0.83938,0.83874,0.83851,0.83874,0.83938,0.83874,0.83851,0.83874,0.83938,0.83874,0.83851,0.83874,0.83938,0.83874,0.83851,0.83874,0.83938,0.83874,0.83851,0.83874,0.83938,0.83874,0.83851,0.83874,0.83938,0.83874,0.83851,0.83874,0.83938,0.83874,0.83851,0.83874,0.83938,0.83874,0.83851,0.83874,0.83938,0.83874,0.83851,0.83874,0.83938,0.83874,0.83851,0.83923,0.83938,0.83774,0.84146,0.83597,0.83938,0.84482,0.82721,0.8502,0.83938,0.81491,0.89591,0.74482,0.40968,0.37595,0.43854,0.39486,0.40968,0.41656,0.40163,0.41284,0.40968,0.40759,0.4105,0.40855,0.40968,0.40937,0.40925,0.40937,0.40968,0.40937,0.40925,0.40937,0.40968,0.40937,0.40925,0.40937,0.40968,0.40937,0.40925,0.40937,0.40968,0.40937,0.40925,0.40937,0.40968,0.40937,0.40925,0.40937,0.40968,0.40937,0.40925,0.40937,0.40968,0.40937,0.40925,0.40937,0.40968,0.40937,0.40925,0.40937,0.40968,0.40937,0.40925,0.40937,0.40968,0.40937,0.40925,0.40937,0.40968,0.40937,0.40925,0.40937,0.40968,0.40937,0.40925,0.40937,0.40968,0.40937,0.40925,0.40937,0.40968,0.40937,0.40925,0.40937,0.40968,0.40937,0.40925,0.40937,0.40968,0.40937,0.40925,0.40937,0.40968,0.40937,0.40925,0.40937,0.40968,0.40937,0.40925,0.40937,0.40968,0.40937,0.40925,0.40937,0.40968,0.40937,0.40925,0.40937,0.40968,0.40937,0.40925,0.40937,0.40968,0.40937,0.40925,0.40937,0.40968,0.40937,0.40925,0.40937,0.40968,0.40937,0.40925,0.40937,0.40968,0.40937,0.40925,0.40983,0.40968,0.4084,0.41207,0.40672,0.40968,0.41516,0.39848,0.42028,0.40968,0.38664,0.46398,0.31982
0.80008,0.8617,0.74471,0.82648,0.80008,0.78608,0.81344,0.79302,0.80008,0.80278,0.79692,0.801,0.80008,0.79947,0.79925,0.79947,0.80008,0.79947,0.79925,0.79947,0.80008,0.79947,0.79925,0.79947,0.80008,0.79947,0.79925,0.79947,0.80008,0.79947,0.79925,0.79947,0.80008,0.79947,0.79925,0.79947,0.80008,0.79947,0.79925,0.79947,0.80008,0.79947,0.79925,0.79947,0.80008,0.79947,0.79925,0.79947,0.80008,0.79947,0.79925,0.79947,0.80008,0.79947,0.79925,0.79947,0.80008,0.79947,0.79925,0.79947,0.80008,0.79947,0.79925,0.79947,0.80008,0.79947,0.79925,0.79947,0.80008,0.79947,0.79925,0.79947,0.80008,0.79947,0.79925,0.79947,0.80008,0.79947,0.79925,0.79947,0.80008,0.79947,0.79925,0.79947,0.80008,0.79947,0.79925,0.79947,0.80008,0.79947,0.79925,0.79947,0.80008,0.79947,0.79925,0.79947,0.80008,0.79947,0.79925,0.79947,0.80008,0.79947,0.79925,0.79947,0.80008,0.79947,0.79925,0.79947,0.80008,0.79947,0.79925,0.79947,0.80008,0.79947,0.79925,0.80014,0.80008,0.79808,0.80332,0.79565,0.80008,0.80784,0.78368,0.81526,0.80008,0.76662,0.87836,0.67004,0.2079,0.16168,0.24805,0.18776,0.2079,0.21766,0.19719,0.21252,0.2079,0.2053,0.20941,0.20662,0.2079,0.20774,0.20769,0.20774,0.2079,0.20774,0.20769,0.20774,0.2079,0.20774,0.20769,0.20774,0.2079,0.20774,0.20769,0.20774,0.2079,0.20774,0.20769,0.20774,0.2079,0.20774,0.20769,0.20774,0.2079,0.20774,0.20769,0.20774,0.2079,0.20774,0.20769,0.20774,0.2079,0.20774,0.20769,0.20774,0.2079,0.20774,0.20769,0.20774,0.2079,0.20774,0.20769,0.20774,0.2079,0.20774,0.20769,0.20774,0.2079,0.20774,0.20769,0.20774,0.2079,0.20774,0.20769,0.20774,0.2079,0.20774,0.20769,0.20774,0.2079,0.20774,0.20769,0.20774,0.2079,0.20774,0.20769,0.20774,0.2079,0.20774,0.20769,0.20774,0.2079,0.20774,0.20769,0.20774,0.2079,0.20774,0.20769,0.20774,0.2079,0.20774,0.20769,0.20774,0.2079,0.20774,0.20769,0.20774,0.2079,0.20774,0.20769,0.20774,0.2079,0.20774,0.20769,0.20774,0.2079,0.20774,0.20769,0.20774,0.2079,0.20774,0.20769,0.20798,0.2079,0.20726,0.20911,0.2064,0.2079,0.21068,0.20222,0.21328,0.2079,0.19621,0.23546,0.1623
0.79232,0.85335,0.73749,0.81846,0.79232,0.77845,0.80555,0.78532,0.79232,0.795,0.78919,0.79323,0.79232,0.79172,0.7915,0.79172,0.79232,0.79172,0.7915,0.79172,0.79232,0.79172,0.7915,0.79172,0.79232,0.79172,0.7915,0.79172,0.79232,0.79172,0.7915,0.79172,0.79232,0.79172,0.7915,0.79172,0.79232,0.79172,0.7915,0.79172,0.79232,0.79172,0.7915,0.79172,0.79232,0.79172,0.7915,0.79172,0.79232,0.79172,0.7915,0.79172,0.79232,0.79172,0.7915,0.79172,0.79232,0.79172,0.7915,0.79172,0.79232,0.79172,0.7915,0.79172,0.79232,0.79172,0.7915,0.79172,0.79232,0.79172,0.7915,0.79172,0.79232,0.79172,0.7915,0.79172,0.79232,0.79172,0.7915,0.79172,0.79232,0.79172,0.7915,0.79172,0.79232,0.79172,0.7915,0.79172,0.79232,0.79172,0.7915,0.79172,0.79232,0.79172,0.7915,0.79172,0.79232,0.79172,0.7915,0.79172,0.79232,0.79172,0.7915,0.79172,0.79232,0.79172,0.7915,0.79172,0.79232,0.79172,0.7915,0.79172,0.79232,0.79172,0.7915,0.79246,0.79232,0.79017,0.79602,0.78746,0.79232,0.80103,0.77418,0.80927,0.79232,0.75518,0.87948,0.64776,0.1337,0.082368,0.17845,0.11137,0.1337,0.14462,0.12188,0.13891,0.1337,0.13087,0.13548,0.13234,0.1337,0.13359,0.13356,0.13359,0.1337,0.13359,0.13356,0.13359,0.1337,0.13359,0.13356,0.13359,0.1337,0.13359,0.13356,0.13359,0.1337,0.13359,0.13356,0.13359,0.1337,0.13359,0.13356,0.13359,0.1337,0.13359,0.13356,0.13359,0.1337,0.13359,0.13356,0.13359,0.1337,0.13359,0.13356,0.13359,0.1337,0.13359,0.13356,0.13359,0.1337,0.13359,0.13356,0.13359,0.1337,0.13359,0.13356,0.13359,0.1337,0.13359,0.13356,0.13359,0.1337,0.13359,0.13356,0.13359,0.1337,0.13359,0.13356,0.13359,0.1337,0.13359,0.13356,0.13359,0.1337,0.13359,0.13356,0.13359,0.1337,0.13359,0.13356,0.13359,0.1337,0.13359,0.13356,0.13359,0.1337,0.13359,0.13356,0.13359,0.1337,0.13359,0.13356,0.13359,0.1337,0.13359,0.13356,0.13359,0.1337,0.13359,0.13356,0.13359,0.1337,0.13359,0.13356,0.13359,0.1337,0.13359,0.13356,0.13359,0.1337,0.13359,0.13356,0.13375,0.1337,0.13328,0.13448,0.13273,0.1337,0.13548,0.13004,0.13716,0.1337,0.12618,0.15142,0.10437
0.39372,0.42404,0.36647,0.40671,0.39372,0.38683,0.40029,0.39024,0.39372,0.39505,0.39216,0.39417,0.39372,0.39342,0.39331,0.39342,0.39372,0.39342,0.39331,0.39342,0.39372,0.39342,0.39331,0.39342,0.39372,0.39342,0.39331,0.39342,0.39372,0.39342,0.39331,0.39342,0.39372,0.39342,0.39331,0.39342,0.39372,0.39342,0.39331,0.39342,0.39372,0.39342,0.39331,0.39342,0.39372,0.39342,0.39331,0.39342,0.39372,0.39342,0.39331,0.39342,0.39372,0.39342,0.39331,0.39342,0.39372,0.39342,0.39331,0.39342,0.39372,0.39342,0.39331,0.39342,0.39372,0.39342,0.39331,0.39342,0.39372,0.39342,0.39331,0.39342,0.39372,0.39342,0.39331,0.39342,0.39372,0.39342,0.39331,0.39342,0.39372,0.39342,0.39331,0.39342,0.39372,0.39342,0.39331,0.39342,0.39372,0.39342,0.39331,0.39342,0.39372,0.39342,0.39331,0.39342,0.39372,0.39342,0.39331,0.39342,0.39372,0.39342,0.39331,0.39342,0.39372,0.39342,0.39331,0.39342,0.39372,0.39342,0.39331,0.39342,0.39372,0.39342,0.39331,0.39304,0.39372,0.3942,0.39103,0.39556,0.39372,0.38873,0.40202,0.38459,0.39372,0.41181,0.34903,0.46587,0.72519,0.75042,0.70184,0.73583,0.72519,0.71909,0.73031,0.72196,0.72519,0.72601,0.72347,0.72527,0.72519,0.72464,0.72444,0.72464,0.72519,0.72464,0.72444,0.72464,0.72519,0.72464,0.72444,0.72464,0.72519,0.72464,0.72444,0.72464,0.72519,0.72464,0.72444,0.72464,0.72519,0.72464,0.72444,0.72464,0.72519,0.72464,0.72444,0.72464,0.72519,0.72464,0.72444,0.72464,0.72519,0.72464,0.72444,0.72464,0.72519,0.72464,0.72444,0.72464,0.72519,0.72464,0.72444,0.72464,0.72519,0.72464,0.72444,0.72464,0.72519,0.72464,0.72444,0.72464,0.72519,0.72464,0.72444,0.72464,0.72519,0.72464,0.72444,0.72464,0.72519,0.72464,0.72444,0.72464,0.72519,0.72464,0.72444,0.72464,0.72519,0.72464,0.72444,0.72464,0.72519,0.72464,0.72444,0.72464,0.72519,0.72464,0.72444,0.72464,0.72519,0.72464,0.72444,0.72464,0.72519,0.72464,0.72444,0.72464,0.72519,0.72464,0.72444,0.72464,0.72519,0.72464,0.72444,0.72464,0.72519,0.72464,0.72444,0.72464,0.72519,0.72464,0.72444,0.72546,0.72519,0.72293,0.72942,0.71995,0.72519,0.73489,0.70537,0.74396,0.72519,0.68441,0.82131,0.56613
0.58182,0.62663,0.54155,0.60101,0.58182,0.57163,0.59153,0.57668,0.58182,0.58378,0.57952,0.58248,0.58182,0.58138,0.58121,0.58138,0.58182,0.58138,0.58121,0.58138,0.58182,0.58138,0.58121,0.58138,0.58182,0.58138,0.58121,0.58138,0.58182,0.58138,0.58121,0.58138,0.58182,0.58138,0.58121,0.58138,0.58182,0.58138,0.58121,0.58138,0.58182,0.58138,0.58121,0.58138,0.58182,0.58138,0.58121,0.58138,0.58182,0.58138,0.58121,0.58138,0.58182,0.58138,0.58121,0.58138,0.58182,0.58138,0.58121,0.58138,0.58182,0.58138,0.58121,0.58138,0.58182,0.58138,0.58121,0.58138,0.58182,0.58138,0.58121,0.58138,0.58182,0.58138,0.58121,0.58138,0.58182,0.58138,0.58121,0.58138,0.58182,0.58138,0.58121,0.58138,0.58182,0.58138,0.58121,0.58138,0.58182,0.58138,0.58121,0.58138,0.58182,0.58138,0.58121,0.58138,0.58182,0.58138,0.58121,0.58138,0.58182,0.58138,0.58121,0.58138,0.58182,0.58138,0.58121,0.58138,0.58182,0.58138,0.58121,0.58138,0.58182,0.58138,0.58121,0.58114,0.58182,0.58188,0.57975,0.58276,0.58182,0.57836,0.58682,0.57569,0.58182,0.59321,0.55273,0.62798,0.79504,0.81103,0.77969,0.80164,0.79504,0.79087,0.798,0.79272,0.79504,0.79532,0.7936,0.79485,0.79504,0.79444,0.79422,0.79444,0.79504,0.79444,0.79422,0.79444,0.79504,0.79444,0.79422,0.79444,0.79504,0.79444,0.79422,0.79444,0.79504,0.79444,0.79422,0.79444,0.79504,0.79444,0.79422,0.79444,0.79504,0.79444,0.79422,0.79444,0.79504,0.79444,0.79422,0.79444,0.79504,0.79444,0.79422,0.79444,0.79504,0.79444,0.79422,0.79444,0.79504,0.79444,0.79422,0.79444,0.79504,0.79444,0.79422,0.79444,0.79504,0.79444,0.79422,0.79444,0.79504,0.79444,0.79422,0.79444,0.79504,0.79444,0.79422,0.79444,0.79504,0.79444,0.79422,0.79444,0.79504,0.79444,0.79422,0.79444,0.79504,0.79444,0.79422,0.79444,0.79504,0.79444,0.79422,0.79444,0.79504,0.79444,0.79422,0.79444,0.79504,0.79444,0.79422,0.79444,0.79504,0.79444,0.79422,0.79444,0.79504,0.79444,0.79422,0.79444,0.79504,0.79444,0.79422,0.79444,0.79504,0.79444,0.79422,0.79444,0.79504,0.79444,0.79422,0.79534,0.79504,0.79257,0.79968,0.7893,0.79504,0.80568,0.77332,0.81563,0.79504,0.75034,0.90043,0.62067
0.82228,0.88561,0.76538,0.84941,0.82228,0.80789,0.83601,0.81502,0.82228,0.82506,0.81903,0.82322,0.82228,0.82166,0.82143,0.82166,0.82228,0.82166,0.82143,0.82166,0.82228,0.82166,0.82143,0.82166,0.82228,0.82166,0.82143,0.82166,0.82228,0.82166,0.82143,0.82166,0.82228,0.82166,0.82143,0.82166,0.82228,0.82166,0.82143,0.82166,0.82228,0.82166,0.82143,0.82166,0.82228,0.82166,0.82143,0.82166,0.82228,0.82166,0.82143,0.82166,0.82228,0.82166,0.82143,0.82166,0.82228,0.82166,0.82143,0.82166,0.82228,0.82166,0.82143,0.82166,0.82228,0.82166,0.82143,0.82166,0.82228,0.82166,0.82143,0.82166,0.82228,0.82166,0.82143,0.82166,0.82228,0.82166,0.82143,0.82166,0.82228,0.82166,0.82143,0.82166,0.82228,0.82166,0.82143,0.82166,0.82228,0.82166,0.82143,0.82166,0.82228,0.82166,0.82143,0.82166,0.82228,0.82166,0.82143,0.82166,0.82228,0.82166,0.82143,0.82166,0.82228,0.82166,0.82143,0.82166,0.82228,0.82166,0.82143,0.82166,0.82228,0.82166,0.82143,0.82166,0.82228,0.82166,0.82143,0.82166,0.82228,0.82166,0.82143,0.82166,0.82228,0.82166,0.82143,0.82166,0.82228,0.82166,0.82143,0.82166,0.82228,0.82166,0.82143,0.82166,0.82228,0.82166,0.82143,0.82166,0.82228,0.82166,0.82143,0.82166,0.82228,0.82166,0.82143,0.82166,0.82228,0.82166,0.82143,0.82166,0.82228,0.82166,0.82143,0.82166,0.82228,0.82166,0.82143,0.82166,0.82228,0.82166,0.82143,0.82166,0.82228,0.82166,0.82143,0.82166,0.82228,0.82166,0.82143,0.82166,0.82228,0.82166,0.82143,0.82166,0.82228,0.82166,0.82143,0.82166,0.82228,0.82166,0.82143,0.82166,0.82228,0.82166,0.82143,0.82166,0.82228,0.82166,0.82143,0.82166,0.82228,0.82166,0.82143,0.82166,0.82228,0.82166,0.82143,0.82166,0.82228,0.82166,0.82143,0.82166,0.82228,0.82166,0.82143,0.82166,0.82228,0.82166,0.82143,0.82166,0.82228,0.82166,0.82143,0.82166,0.82228,0.82166,0.82143,0.82166,0.82228,0.82166,0.82143,0.82166,0.82228,0.82166,0.82143,0.82166,0.82228,0.82166,0.82143,0.82166,0.82228,0.82166,0.82143,0.82166,0.82228,0.82166,0.82143,0.82166,0.82228,0.82166,0.82143,0.82259,0.82228,0.81973,0.82708,0.81634,0.82228,0.83328,0.79981,0.84357,0.82228,0.77604,0.93128,0.64193
0.77392,0.83353,0.72037,0.79946,0.77392,0.76038,0.78684,0.76709,0.77392,0.77654,0.77087,0.77481,0.77392,0.77334,0.77312,0.77334,0.77392,0.77334,0.77312,0.77334,0.77392,0.77334,0.77312,0.77334,0.77392,0.77334,0.77312,0.77334,0.77392,0.77334,0.77312,0.77334,0.77392,0.77334,0.77312,0.77334,0.77392,0.77334,0.77312,0.77334,0.77392,0.77334,0.77312,0.77334,0.77392,0.77334,0.77312,0.77334,0.77392,0.77334,0.77312,0.77334,0.77392,0.77334,0.77312,0.77334,0.77392,0.77334,0.77312,0.77334,0.77392,0.77334,0.77312,0.77334,0.77392,0.77334,0.77312,0.77334,0.77392,0.77334,0.77312,0.77334,0.77392,0.77334,0.77312,0.77334,0.77392,0.77334,0.77312,0.77334,0.77392,0.77334,0.77312,0.77334,0.77392,0.77334,0.77312,0.77334,0.77392,0.77334,0.77312,0.77334,0.77392,0.77334,0.77312,0.77334,0.77392,0.77334,0.77312,0.77334,0.77392,0.77334,0.77312,0.77334,0.77392,0.77334,0.77312,0.77334,0.77392,0.77334,0.77312,0.77334,0.77392,0.77334,0.77312,0.77381,0.77392,0.77235,0.776,0.77063,0.77392,0.77926,0.7621,0.78451,0.77392,0.75008,0.82913,0.68169,0.35463,0.32175,0.38284,0.34021,0.35463,0.36138,0.34683,0.35775,0.35463,0.35263,0.35548,0.35356,0.35463,0.35436,0.35426,0.35436,0.35463,0.35436,0.35426,0.35436,0.35463,0.35436,0.35426,0.35436,0.35463,0.35436,0.35426,0.35436,0.35463,0.35436,0.35426,0.35436,0.35463,0.35436,0.35426,0.35436,0.35463,0.35436,0.35426,0.35436,0.35463,0.35436,0.35426,0.35436,0.35463,0.35436,0.35426,0.35436,0.35463,0.35436,0.35426,0.35436,0.35463,0.35436,0.35426,0.35436,0.35463,0.35436,0.35426,0.35436,0.35463,0.35436,0.35426,0.35436,0.35463,0.35436,0.35426,0.35436,0.35463,0.35436,0.35426,0.35436,0.35463,0.35436,0.35426,0.35436,0.35463,0.35436,0.35426,0.35436,0.35463,0.35436,0.35426,0.35436,0.35463,0.35436,0.35426,0.35436,0.35463,0.35436,0.35426,0.35436,0.35463,0.35436,0.35426,0.35436,0.35463,0.35436,0.35426,0.35436,0.35463,0.35436,0.35426,0.35436,0.35463,0.35436,0.35426,0.35436,0.35463,0.35436,0.35426,0.35436,0.35463,0.35436,0.35426,0.35476,0.35463,0.35353,0.3567,0.35207,0.35463,0.35937,0.34494,0.36381,0.35463,0.33469,0.40164,0.27685
0.62481,0.67294,0.58157,0.64543,0.62481,0.61388,0.63524,0.61929,0.62481,0.62692,0.62234,0.62553,0.62481,0.62434,0.62416,0.62434,0.62481,0.62434,0.62416,0.62434,0.62481,0.62434,0.62416,0.62434,0.62481,0.62434,0.62416,0.62434,0.62481,0.62434,0.62416,0.62434,0.62481,0.62434,0.62416,0.62434,0.62481,0.62434,0.62416,0.62434,0.62481,0.62434,0.62416,0.62434,0.62481,0.62434,0.62416,0.62434,0.62481,0.62434,0.62416,0.62436,0.62481,0.62429,0.62431,0.6242,0.62481,0.62464,0.6236,0.62491,0.62481,0.62316,0.62701,0.61969,0.60352,0.60141,0.60435,0.60235,0.60352,0.60342,0.60252,0.60324,0.60352,0.60298,0.60296,0.60302,0.60352,0.60306,0.6029,0.60306,0.60352,0.60306,0.6029,0.60306,0.60352,0.60306,0.6029,0.60306,0.60352,0.60306,0.6029,0.60306,0.60352,0.60306,0.6029,0.60306,0.60352,0.60306,0.6029,0.60306,0.60352,0.60306,0.6029,0.60306,0.60352,0.60306,0.6029,0.60306,0.60352,0.60306,0.6029,0.60306,0.60352,0.60306,0.6029,0.60317,0.60352,0.60285,0.60352,0.60248,0.60352,0.60435,0.60051,0.60548,0.60352,0.59803,0.61502,0.58323,0.51279,0.50534,0.51844,0.50934,0.51279,0.51392,0.51065,0.51313,0.51279,0.51203,0.51252,0.51223,0.51279,0.5124,0.51226,0.5124,0.51279,0.5124,0.51226,0.5124,0.51279,0.5124,0.51226,0.5124,0.51279,0.5124,0.51226,0.5124,0.51279,0.5124,0.51226,0.5124,0.51279,0.5124,0.51226,0.5124,0.51279,0.5124,0.51226,0.5124,0.51279,0.5124,0.51226,0.5124,0.51279,0.5124,0.51226,0.5124,0.51279,0.5124,0.51226,0.51215,0.51279,0.51292,0.51074,0.51383,0.51279,0.50928,0.51805,0.50652,0.51279,0.52463,0.4828,0.5606,0.7333,0.7499,0.71751,0.74019,0.7333,0.72906,0.73645,0.73097,0.7333,0.73366,0.7319,0.73317,0.7333,0.73275,0.73254,0.73275,0.7333,0.73275,0.73254,0.73275,0.7333,0.73275,0.73254,0.73275,0.7333,0.73275,0.73254,0.73275,0.7333,0.73275,0.73254,0.73275,0.7333,0.73275,0.73254,0.73275,0.7333,0.73275,0.73254,0.73275,0.7333,0.73275,0.73254,0.73275,0.7333,0.73275,0.73254,0.73275,0.7333,0.73275,0.73254,0.73358,0.7333,0.73103,0.73758,0.72801,0.7333,0.74311,0.71326,0.75229,0.7333,0.69207,0.8305,0.57247
0.81718,0.88012,0.76063,0.84414,0.81718,0.80288,0.83083,0.80997,0.81718,0.81994,0.81395,0.81812,0.81718,0.81656,0.81634,0.81656,0.81718,0.81656,0.81634,0.81656,0.81718,0.81656,0.81634,0.81656,0.81718,0.81656,0.81634,0.81656,0.81718,0.81656,0.81634,0.81656,0.81718,0.81656,0.81634,0.81656,0.81718,0.81656,0.81634,0.81656,0.81718,0.81656,0.81634,0.81656,0.81718,0.81656,0.81634,0.81656,0.81718,0.81656,0.81634,0.81656,0.81718,0.81656,0.81634,0.81656,0.81718,0.81656,0.81634,0.81656,0.81718,0.81656,0.81634,0.81656,0.81718,0.81656,0.81634,0.81656,0.81718,0.81656,0.81634,0.81656,0.81718,0.81656,0.81634,0.81656,0.81718,0.81656,0.81634,0.81656,0.81718,0.81656,0.81634,0.81656,0.81718,0.81656,0.81634,0.81656,0.81718,0.81656,0.81634,0.81656,0.81718,0.81656,0.81634,0.81656,0.81718,0.81656,0.81634,0.81656,0.81718,0.81656,0.81634,0.81656,0.81718,0.81656,0.81634,0.81656,0.81718,0.81656,0.81634,0.81656,0.81718,0.81656,0.81634,0.81656,0.81718,0.81656,0.81634,0.81656,0.81718,0.81656,0.81634,0.81656,0.81718,0.81656,0.81634,0.81656,0.81718,0.81656,0.81634,0.81656,0.81718,0.81656,0.81634,0.81656,0.81718,0.81656,0.81634,0.81656,0.81718,0.81656,0.81634,0.81656,0.81718,0.81656,0.81634,0.81656,0.81718,0.81656,0.81634,0.81656,0.81718,0.81656,0.81634,0.81656,0.81718,0.81656,0.81634,0.81656,0.81718,0.81656,0.81634,0.81656,0.81718,0.81656,0.81634,0.81656,0.81718,0.81656,0.81634,0.81656,0.81718,0.81656,0.81634,0.81656,0.81718,0.81656,0.81634,0.81656,0.81718,0.81656,0.81634,0.81656,0.81718,0.81656,0.81634,0.81656,0.81718,0.81656,0.81634,0.81656,0.81718,0.81656,0.81634,0.81656,0.81718,0.81656,0.81634,0.81656,0.81718,0.81656,0.81634,0.81656,0.81718,0.81656,0.81634,0.81656,0.81718,0.81656,0.81634,0.81656,0.81718,0.81656,0.81634,0.81656,0.81718,0.81656,0.81634,0.81656,0.81718,0.81656,0.81634,0.81656,0.81718,0.81656,0.81634,0.81656,0.81718,0.81656,0.81634,0.81656,0.81718,0.81656,0.81634,0.81656,0.81718,0.81656,0.81634,0.81656,0.81718,0.81656,0.81634,0.81749,0.81718,0.81464,0.82195,0.81128,0.81718,0.82811,0.79485,0.83834,0.81718,0.77123,0.9255,0.63795
0.79522,0.85647,0.74019,0.82145,0.79522,0.7813,0.80849,0.7882,0.79522,0.7979,0.79208,0.79613,0.79522,0.79462,0.79439,0.79462,0.79522,0.79462,0.79439,0.79462,0.79522,0.79462,0.79439,0.79462,0.79522,0.79462,0.79439,0.79462,0.79522,0.79462,0.79439,0.79462,0.79522,0.79462,0.79439,0.79462,0.79522,0.79462,0.79439,0.79462,0.79522,0.79462,0.79439,0.79462,0.79522,0.79462,0.79439,0.79462,0.79522,0.79462,0.79439,0.79462,0.79522,0.79462,0.79439,0.79462,0.79522,0.79462,0.79439,0.79462,0.79522,0.79462,0.79439,0.79462,0.79522,0.79462,0.79439,0.79462,0.79522,0.79462,0.79439,0.79462,0.79522,0.79462,0.79439,0.79462,0.79522,0.79462,0.79439,0.79462,0.79522,0.79462,0.79439,0.79462,0.79522,0.79462,0.79439,0.79462,0.79522,0.79462,0.79439,0.79462,0.79522,0.79462,0.79439,0.79462,0.79522,0.79462,0.79439,0.79462,0.79522,0.79462,0.79439,0.79462,0.79522,0.79462,0.79439,0.79462,0.79522,0.79462,0.79439,0.79462,0.79522,0.79462,0.79439,0.79495,0.79522,0.79392,0.79642,0.79271,0.79522,0.79878,0.78664,0.80247,0.79522,0.77825,0.83379,0.73015,0.50029,0.47697,0.51987,0.48995,0.50029,0.50485,0.49454,0.50229,0.50029,0.49869,0.50063,0.49935,0.50029,0.49991,0.49977,0.49991,0.50029,0.49991,0.49977,0.49991,0.50029,0.49991,0.49977,0.49991,0.50029,0.49991,0.49977,0.49991,0.50029,0.49991,0.49977,0.49991,0.50029,0.49991,0.49977,0.49991,0.50029,0.49991,0.49977,0.49991,0.50029,0.49991,0.49977,0.49991,0.50029,0.49991,0.49977,0.49991,0.50029,0.49991,0.49977,0.49991,0.50029,0.49991,0.49977,0.49991,0.50029,0.49991,0.49977,0.49991,0.50029,0.49991,0.49977,0.49991,0.50029,0.49991,0.49977,0.49991,0.50029,0.49991,0.49977,0.49991,0.50029,0.49991,0.49977,0.49991,0.50029,0.49991,0.49977,0.49991,0.50029,0.49991,0.49977,0.49991,0.50029,0.49991,0.49977,0.49991,0.50029,0.49991,0.49977,0.49991,0.50029,0.49991,0.49977,0.49991,0.50029,0.49991,0.49977,0.49991,0.50029,0.49991,0.49977,0.49991,0.50029,0.49991,0.49977,0.49991,0.50029,0.49991,0.49977,0.49991,0.50029,0.49991,0.49977,0.50047,0.50029,0.49873,0.50321,0.49667,0.50029,0.50698,0.48662,0.51324,0.50029,0.47215,0.5666,0.39056
0.51935,0.55935,0.48341,0.53649,0.51935,0.51026,0.52802,0.51477,0.51935,0.52111,0.5173,0.51995,0.51935,0.51896,0.51881,0.51896,0.51935,0.51896,0.51881,0.51873,0.51935,0.51944,0.5174,0.52029,0.51935,0.51604,0.52424,0.51346,0.51935,0.5304,0.49126,0.56404,0.72561,0.7411,0.7108,0.73202,0.72561,0.72161,0.72852,0.7234,0.72561,0.72591,0.72426,0.72545,0.72561,0.72506,0.72486,0.72506,0.72561,0.72506,0.72486,0.72524,0.72561,0.7247,0.72592,0.72406,0.72561,0.72724,0.7208,0.72918,0.72561,0.71649,0.7455,0.69129,0.57111,0.55867,0.58105,0.56547,0.57111,0.57327,0.56778,0.57193,0.57111,0.57004,0.57097,0.57039,0.57111,0.57068,0.57052,0.57068,0.57111,0.57068,0.57052,0.5707,0.57111,0.57064,0.57064,0.57057,0.57111,0.57092,0.57008,0.57113,0.57111,0.56974,0.57279,0.56698,0.55416,0.55242,0.55474,0.55317,0.55416,0.55403,0.55329,0.55388,0.55416,0.55367,0.55364,0.55371,0.55416,0.55374,0.55359,0.55374,0.55416,0.55374,0.55359,0.55375,0.55416,0.55373,0.55363,0.55371,0.55416,0.55382,0.55344,0.55389,0.55416,0.55344,0.55432,0.55254,0.54868,0.54784,0.54849,0.54808,0.54868,0.54836,0.54802,0.54831,0.54868,0.54824,0.54813,0.54826,0.54868,0.54827,0.54811,0.54827,0.54868,0.54827,0.54811,0.54816,0.54868,0.54848,0.54749,0.54885,0.54868,0.54699,0.55048,0.54587,0.54868,0.55326,0.53609,0.56794,0.6387,0.64521,0.6319,0.64125,0.6387,0.63671,0.63963,0.63749,0.6387,0.63859,0.63777,0.63838,0.6387,0.63821,0.63803,0.63821,0.6387,0.63821,0.63803,0.63829,0.6387,0.63805,0.63851,0.63776,0.6387,0.6392,0.6362,0.64007,0.6387,0.63435,0.64733,0.623,0.5691,0.56326,0.57326,0.56632,0.5691,0.56984,0.56728,0.56923,0.5691,0.56838,0.56871,0.56854,0.5691,0.56867,0.56851,0.56867,0.5691,0.56867,0.56851,0.56873,0.5691,0.56854,0.5689,0.56831,0.5691,0.56946,0.56704,0.57016,0.5691,0.56557,0.57597,0.55646,0.51325,0.50852,0.51653,0.51098,0.51325,0.5138,0.51173,0.51331,0.51325,0.51263,0.51288,0.51276,0.51325,0.51286,0.51272,0.51286,0.51325,0.51286,0.51272,0.51344,0.51325,0.51166,0.51624,0.50954,0.51325,0.52011,0.49922,0.52654,0.51325,0.48439,0.58128,0.40068
0.82683,0.89052,0.76961,0.85411,0.82683,0.81236,0.84064,0.81953,0.82683,0.82962,0.82357,0.82778,0.82683,0.82621,0.82598,0.82621,0.82683,0.82621,0.82598,0.82621,0.82683,0.82621,0.82598,0.82621,0.82683,0.82621,0.82598,0.82621,0.82683,0.82621,0.82598,0.82621,0.82683,0.82621,0.82598,0.82621,0.82683,0.82621,0.82598,0.82621,0.82683,0.82621,0.82598,0.82621,0.82683,0.82621,0.82598,0.82621,0.82683,0.82621,0.82598,0.82621,0.82683,0.82621,0.82598,0.82621,0.82683,0.82621,0.82598,0.82621,0.82683,0.82621,0.82598,0.82621,0.82683,0.82621,0.82598,0.82621,0.82683,0.82621,0.82598,0.82621,0.82683,0.82621,0.82598,0.82621,0.82683,0.82621,0.82598,0.82621,0.82683,0.82621,0.82598,0.82621,0.82683,0.82621,0.82598,0.82621,0.82683,0.82621,0.82598,0.82621,0.82683,0.82621,0.82598,0.82621,0.82683,0.82621,0.82598,0.82621,0.82683,0.82621,0.82598,0.82621,0.82683,0.82621,0.82598,0.82621,0.82683,0.82621,0.82598,0.82621,0.82683,0.82621,0.82598,0.82637,0.82683,0.82586,0.82698,0.82526,0.82683,0.82827,0.82214,0.83009,0.82683,0.81812,0.84545,0.79434,0.68102,0.66917,0.69026,0.67559,0.68102,0.68295,0.67773,0.68169,0.68102,0.67991,0.68074,0.68023,0.68102,0.68051,0.68032,0.68051,0.68102,0.68051,0.68032,0.68051,0.68102,0.68051,0.68032,0.68051,0.68102,0.68051,0.68032,0.68051,0.68102,0.68051,0.68032,0.68051,0.68102,0.68051,0.68032,0.68051,0.68102,0.68051,0.68032,0.68051,0.68102,0.68051,0.68032,0.68051,0.68102,0.68051,0.68032,0.68051,0.68102,0.68051,0.68032,0.68051,0.68102,0.68051,0.68032,0.68051,0.68102,0.68051,0.68032,0.68051,0.68102,0.68051,0.68032,0.68051,0.68102,0.68051,0.68032,0.68051,0.68102,0.68051,0.68032,0.68051,0.68102,0.68051,0.68032,0.68051,0.68102,0.68051,0.68032,0.68051,0.68102,0.68051,0.68032,0.68051,0.68102,0.68051,0.68032,0.68051,0.68102,0.68051,0.68032,0.68051,0.68102,0.68051,0.68032,0.68051,0.68102,0.68051,0.68032,0.68051,0.68102,0.68051,0.68032,0.68051,0.68102,0.68051,0.68032,0.68051,0.68102,0.68051,0.68032,0.68051,0.68102,0.68051,0.68032,0.68128,0.68102,0.67891,0.685,0.67611,0.68102,0.69013,0.66241,0.69866,0.68102,0.64273,0.7713,0.53165
0.66831,0.71978,0.62206,0.69036,0.66831,0.65661,0.67947,0.66241,0.66831,0.67057,0.66567,0.66907,0.66831,0.6678,0.66762,0.6678,0.66831,0.6678,0.66762,0.6678,0.66831,0.6678,0.66762,0.6678,0.66831,0.6678,0.66762,0.6678,0.66831,0.6678,0.66762,0.6678,0.66831,0.6678,0.66762,0.6678,0.66831,0.6678,0.66762,0.6678,0.66831,0.6678,0.66762,0.6678,0.66831,0.6678,0.66762,0.6678,0.66831,0.6678,0.66762,0.6678,0.66831,0.6678,0.66762,0.6678,0.66831,0.6678,0.66762,0.6678,0.66831,0.6678,0.66762,0.6678,0.66831,0.6678,0.66762,0.6678,0.66831,0.6678,0.66762,0.6678,0.66831,0.6678,0.66762,0.6678,0.66831,0.6678,0.66762,0.6678,0.66831,0.6678,0.66762,0.6678,0.66831,0.6678,0.66762,0.6678,0.66831,0.6678,0.66762,0.6678,0.66831,0.6678,0.66762,0.6678,0.66831,0.6678,0.66762,0.6678,0.66831,0.6678,0.66762,0.6678,0.66831,0.6678,0.66762,0.6678,0.66831,0.6678,0.66762,0.6678,0.66831,0.6678,0.66762,0.66765,0.66831,0.66811,0.66671,0.66866,0.66831,0.66593,0.6711,0.66427,0.66831,0.67516,0.6499,0.69679,0.80092,0.81063,0.79105,0.80479,0.80092,0.7981,0.80244,0.79925,0.80092,0.80086,0.79971,0.80057,0.80092,0.80032,0.80009,0.80032,0.80092,0.80032,0.80009,0.80032,0.80092,0.80032,0.80009,0.80032,0.80092,0.80032,0.80009,0.80032,0.80092,0.80032,0.80009,0.80032,0.80092,0.80032,0.80009,0.80032,0.80092,0.80032,0.80009,0.80032,0.80092,0.80032,0.80009,0.80032,0.80092,0.80032,0.80009,0.80032,0.80092,0.80032,0.80009,0.80032,0.80092,0.80032,0.80009,0.80032,0.80092,0.80032,0.80009,0.80032,0.80092,0.80032,0.80009,0.80032,0.80092,0.80032,0.80009,0.80032,0.80092,0.80032,0.80009,0.80032,0.80092,0.80032,0.80009,0.80032,0.80092,0.80032,0.80009,0.80032,0.80092,0.80032,0.80009,0.80032,0.80092,0.80032,0.80009,0.80032,0.80092,0.80032,0.80009,0.80032,0.80092,0.80032,0.80009,0.80032,0.80092,0.80032,0.80009,0.80032,0.80092,0.80032,0.80009,0.80032,0.80092,0.80032,0.80009,0.80032,0.80092,0.80032,0.80009,0.80032,0.80092,0.80032,0.80009,0.80122,0.80092,0.79844,0.8056,0.79514,0.80092,0.81164,0.77904,0.82166,0.80092,0.75588,0.90709,0.62526
0.78819,0.8489,0.73365,0.8142,0.78819,0.7744,0.80135,0.78123,0.78819,0.79085,0.78508,0.78909,0.78819,0.7876,0.78738,0.7876,0.78819,0.7876,0.78738,0.7876,0.78819,0.7876,0.78738,0.7876,0.78819,0.7876,0.78738,0.7876,0.78819,0.7876,0.78738,0.7876,0.78819,0.7876,0.78738,0.7876,0.78819,0.7876,0.78738,0.7876,0.78819,0.7876,0.78738,0.7876,0.78819,0.7876,0.78738,0.7876,0.78819,0.7876,0.78738,0.7876,0.78819,0.7876,0.78738,0.7876,0.78819,0.7876,0.78738,0.7876,0.78819,0.7876,0.78738,0.7876,0.78819,0.7876,0.78738,0.7876,0.78819,0.7876,0.78738,0.7876,0.78819,0.7876,0.78738,0.7876,0.78819,0.7876,0.78738,0.7876,0.78819,0.7876,0.78738,0.7876,0.78819,0.7876,0.78738,0.7876,0.78819,0.7876,0.78738,0.7876,0.78819,0.7876,0.78738,0.7876,0.78819,0.7876,0.78738,0.7876,0.78819,0.7876,0.78738,0.7876,0.78819,0.7876,0.78738,0.7876,0.78819,0.7876,0.78738,0.7876,0.78819,0.7876,0.78738,0.7876,0.78819,0.7876,0.78738,0.7876,0.78819,0.7876,0.78738,0.7876,0.78819,0.7876,0.78738,0.7876,0.78819,0.7876,0.78738,0.7876,0.78819,0.7876,0.78738,0.7876,0.78819,0.7876,0.78738,0.7876,0.78819,0.7876,0.78738,0.7876,0.78819,0.7876,0.78738,0.7876,0.78819,0.7876,0.78738,0.7876,0.78819,0.7876,0.78738,0.7876,0.78819,0.7876,0.78738,0.7876,0.78819,0.7876,0.78738,0.7876,0.78819,0.7876,0.78738,0.7876,0.78819,0.7876,0.78738,0.7876,0.78819,0.7876,0.78738,0.7876,0.78819,0.7876,0.78738,0.7876,0.78819,0.7876,0.78738,0.7876,0.78819,0.7876,0.78738,0.7876,0.78819,0.7876,0.78738,0.7876,0.78819,0.7876,0.78738,0.7876,0.78819,0.7876,0.78738,0.7876,0.78819,0.7876,0.78738,0.7876,0.78819,0.7876,0.78738,0.7876,0.78819,0.7876,0.78738,0.7876,0.78819,0.7876,0.78738,0.7876,0.78819,0.7876,0.78738,0.7876,0.78819,0.7876,0.78738,0.7876,0.78819,0.7876,0.78738,0.7876,0.78819,0.7876,0.78738,0.7876,0.78819,0.7876,0.78738,0.7876,0.78819,0.7876,0.78738,0.7876,0.78819,0.7876,0.78738,0.78849,0.78819,0.78574,0.79279,0.7825,0.78819,0.79873,0.76665,0.8086,0.78819,0.74387,0.89267,0.61532
0.7047,0.75898,0.65594,0.72795,0.7047,0.69237,0.71647,0.69848,0.7047,0.70708,0.70192,0.70551,0.7047,0.70417,0.70397,0.70417,0.7047,0.70417,0.70397,0.70417,0.7047,0.70417,0.70397,0.70417,0.7047,0.70417,0.70397,0.70417,0.7047,0.70417,0.70397,0.70417,0.7047,0.70417,0.70397,0.70417,0.7047,0.70417,0.70397,0.70417,0.7047,0.70417,0.70397,0.70417,0.7047,0.70417,0.70397,0.70417,0.7047,0.70417,0.70397,0.70417,0.7047,0.70417,0.70397,0.70417,0.7047,0.70417,0.70397,0.70417,0.7047,0.70417,0.70397,0.70417,0.7047,0.70417,0.70397,0.70417,0.7047,0.70417,0.70397,0.70417,0.7047,0.70417,0.70397,0.70417,0.7047,0.70417,0.70397,0.70417,0.7047,0.70417,0.70397,0.70417,0.7047,0.70417,0.70397,0.70417,0.7047,0.70417,0.70397,0.70417,0.7047,0.70417,0.70397,0.70417,0.7047,0.70417,0.70397,0.70417,0.7047,0.70417,0.70397,0.70417,0.7047,0.70417,0.70397,0.70417,0.7047,0.70417,0.70397,0.70417,0.7047,0.70417,0.70397,0.70475,0.7047,0.70296,0.70751,0.70084,0.7047,0.71145,0.69043,0.7179,0.7047,0.67559,0.77278,0.59159,0.18962,0.14942,0.22454,0.1721,0.18962,0.19811,0.1803,0.19364,0.18962,0.18735,0.19093,0.1885,0.18962,0.18948,0.18943,0.18948,0.18962,0.18948,0.18943,0.18948,0.18962,0.18948,0.18943,0.18948,0.18962,0.18948,0.18943,0.18948,0.18962,0.18948,0.18943,0.18948,0.18962,0.18948,0.18943,0.18948,0.18962,0.18948,0.18943,0.18948,0.18962,0.18948,0.18943,0.18948,0.18962,0.18948,0.18943,0.18948,0.18962,0.18948,0.18943,0.18948,0.18962,0.18948,0.18943,0.18948,0.18962,0.18948,0.18943,0.18948,0.18962,0.18948,0.18943,0.18948,0.18962,0.18948,0.18943,0.18948,0.18962,0.18948,0.18943,0.18948,0.18962,0.18948,0.18943,0.18948,0.18962,0.18948,0.18943,0.18948,0.18962,0.18948,0.18943,0.18948,0.18962,0.18948,0.18943,0.18948,0.18962,0.18948,0.18943,0.18948,0.18962,0.18948,0.18943,0.18948,0.18962,0.18948,0.18943,0.18948,0.18962,0.18948,0.18943,0.18948,0.18962,0.18948,0.18943,0.18948,0.18962,0.18948,0.18943,0.18948,0.18962,0.18948,0.18943,0.1897,0.18962,0.18904,0.19073,0.18826,0.18962,0.19216,0.18444,0.19454,0.18962,0.17896,0.21476,0.14803
0.76595,0.82495,0.71295,0.79123,0.76595,0.75255,0.77874,0.75919,0.76595,0.76854,0.76293,0.76683,0.76595,0.76538,0.76516,0.76538,0.76595,0.76538,0.76516,0.76538,0.76595,0.76538,0.76516,0.76538,0.76595,0.76538,0.76516,0.76538,0.76595,0.76538,0.76516,0.76538,0.76595,0.76538,0.76516,0.76538,0.76595,0.76538,0.76516,0.76538,0.76595,0.76538,0.76516,0.76538,0.76595,0.76538,0.76516,0.76538,0.76595,0.76538,0.76516,0.76538,0.76595,0.76538,0.76516,0.76538,0.76595,0.76538,0.76516,0.76538,0.76595,0.76538,0.76516,0.76538,0.76595,0.76538,0.76516,0.76538,0.76595,0.76538,0.76516,0.76538,0.76595,0.76538,0.76516,0.76538,0.76595,0.76538,0.76516,0.76538,0.76595,0.76538,0.76516,0.76538,0.76595,0.76538,0.76516,0.76538,0.76595,0.76538,0.76516,0.76538,0.76595,0.76538,0.76516,0.76538,0.76595,0.76538,0.76516,0.76538,0.76595,0.76538,0.76516,0.76538,0.76595,0.76538,0.76516,0.76538,0.76595,0.76538,0.76516,0.76538,0.76595,0.76538,0.76516,0.76538,0.76595,0.76538,0.76516,0.76538,0.76595,0.76538,0.76516,0.76538,0.76595,0.76538,0.76516,0.76538,0.76595,0.76538,0.76516,0.76538,0.76595,0.76538,0.76516,0.76538,0.76595,0.76538,0.76516,0.76538,0.76595,0.76538,0.76516,0.76538,0.76595,0.76538,0.76516,0.76538,0.76595,0.76538,0.76516,0.76538,0.76595,0.76538,0.76516,0.76538,0.76595,0.76538,0.76516,0.76538,0.76595,0.76538,0.76516,0.76538,0.76595,0.76538,0.76516,0.76538,0.76595,0.76538,0.76516,0.76538,0.76595,0.76538,0.76516,0.76538,0.76595,0.76538,0.76516,0.76538,0.76595,0.76538,0.76516,0.76538,0.76595,0.76538,0.76516,0.76538,0.76595,0.76538,0.76516,0.76538,0.76595,0.76538,0.76516,0.76538,0.76595,0.76538,0.76516,0.76538,0.76595,0.76538,0.76516,0.76538,0.76595,0.76538,0.76516,0.76538,0.76595,0.76538,0.76516,0.76538,0.76595,0.76538,0.76516,0.76538,0.76595,0.76538,0.76516,0.76538,0.76595,0.76538,0.76516,0.76538,0.76595,0.76538,0.76516,0.76538,0.76595,0.76538,0.76516,0.76538,0.76595,0.76538,0.76516,0.76538,0.76595,0.76538,0.76516,0.76538,0.76595,0.76538,0.76516,0.76624,0.76595,0.76358,0.77043,0.76042,0.76595,0.7762,0.74502,0.78579,0.76595,0.72288,0.86749,0.59796
0.71011,0.7648,0.66097,0.73354,0.71011,0.69768,0.72197,0.70384,0.71011,0.71251,0.7073,0.71092,0.71011,0.70957,0.70937,0.70957,0.71011,0.70957,0.70937,0.70957,0.71011,0.70957,0.70937,0.70957,0.71011,0.70957,0.70937,0.70957,0.71011,0.70957,0.70937,0.70957,0.71011,0.70957,0.70937,0.70957,0.71011,0.70957,0.70937,0.70957,0.71011,0.70957,0.70937,0.70957,0.71011,0.70957,0.70937,0.70957,0.71011,0.70957,0.70937,0.70994,0.71011,0.70881,0.7116,0.70747,0.71011,0.71416,0.70084,0.71822,0.71011,0.69156,0.75274,0.63861,0.38547,0.35993,0.4072,0.37422,0.38547,0.39061,0.37931,0.3878,0.38547,0.38384,0.38602,0.38456,0.38547,0.38518,0.38507,0.38518,0.38547,0.38518,0.38507,0.38518,0.38547,0.38518,0.38507,0.38518,0.38547,0.38518,0.38507,0.38518,0.38547,0.38518,0.38507,0.38518,0.38547,0.38518,0.38507,0.38518,0.38547,0.38518,0.38507,0.38518,0.38547,0.38518,0.38507,0.38518,0.38547,0.38518,0.38507,0.38518,0.38547,0.38518,0.38507,0.38505,0.38547,0.38545,0.38428,0.38592,0.38547,0.38355,0.38811,0.3821,0.38547,0.39159,0.36964,0.41043,0.50099,0.5096,0.4926,0.50451,0.50099,0.49868,0.50252,0.49968,0.50099,0.50109,0.50014,0.50083,0.50099,0.50061,0.50047,0.50061,0.50099,0.50061,0.50047,0.50061,0.50099,0.50061,0.50047,0.50061,0.50099,0.50061,0.50047,0.50061,0.50099,0.50061,0.50047,0.50061,0.50099,0.50061,0.50047,0.50061,0.50099,0.50061,0.50047,0.50061,0.50099,0.50061,0.50047,0.50061,0.50099,0.50061,0.50047,0.50061,0.50099,0.50061,0.50047,0.50069,0.50099,0.50046,0.50091,0.5002,0.50099,0.50151,0.4988,0.50231,0.50099,0.49708,0.50899,0.48668,0.43723,0.43194,0.44112,0.43475,0.43723,0.43797,0.43565,0.43741,0.43723,0.43664,0.43696,0.43678,0.43723,0.4369,0.43678,0.4369,0.43723,0.4369,0.43678,0.4369,0.43723,0.4369,0.43678,0.4369,0.43723,0.4369,0.43678,0.4369,0.43723,0.4369,0.43678,0.4369,0.43723,0.4369,0.43678,0.4369,0.43723,0.4369,0.43678,0.4369,0.43723,0.4369,0.43678,0.4369,0.43723,0.4369,0.43678,0.4369,0.43723,0.4369,0.43678,0.43739,0.43723,0.43587,0.43978,0.43407,0.43723,0.44308,0.42528,0.44855,0.43723,0.41264,0.49519,0.34133
0.11358,0.12233,0.10572,0.11733,0.11358,0.11159,0.11548,0.11258,0.11358,0.11397,0.11313,0.11371,0.11358,0.1135,0.11346,0.1135,0.11358,0.1135,0.11346,0.1135,0.11358,0.1135,0.11346,0.1135,0.11358,0.1135,0.11346,0.1135,0.11358,0.1135,0.11346,0.1135,0.11358,0.1135,0.11346,0.1135,0.11358,0.1135,0.11346,0.1135,0.11358,0.1135,0.11346,0.1135,0.11358,0.1135,0.11346,0.1135,0.11358,0.1135,0.11346,0.1135,0.11358,0.1135,0.11346,0.1135,0.11358,0.1135,0.11346,0.1135,0.11358,0.1135,0.11346,0.1135,0.11358,0.1135,0.11346,0.1135,0.11358,0.1135,0.11346,0.1135,0.11358,0.1135,0.11346,0.1135,0.11358,0.1135,0.11346,0.1135,0.11358,0.1135,0.11346,0.1135,0.11358,0.1135,0.11346,0.1135,0.11358,0.1135,0.11346,0.1135,0.11358,0.1135,0.11346,0.1135,0.11358,0.1135,0.11346,0.1135,0.11358,0.1135,0.11346,0.1135,0.11358,0.1135,0.11346,0.1135,0.11358,0.1135,0.11346,0.1135,0.11358,0.1135,0.11346,0.1126,0.11358,0.11535,0.10803,0.11861,0.11358,0.10232,0.13425,0.092423,0.11358,0.15736,0.0078291,0.28633,0.90432,0.96514,0.84948,0.93032,0.90432,0.89039,0.9174,0.89725,0.90432,0.9069,0.90108,0.90514,0.90432,0.90364,0.90338,0.90364,0.90432,0.90364,0.90338,0.90364,0.90432,0.90364,0.90338,0.90364,0.90432,0.90364,0.90338,0.90364,0.90432,0.90364,0.90338,0.90364,0.90432,0.90364,0.90338,0.90364,0.90432,0.90364,0.90338,0.90364,0.90432,0.90364,0.90338,0.90364,0.90432,0.90364,0.90338,0.90364,0.90432,0.90364,0.90338,0.90364,0.90432,0.90364,0.90338,0.90364,0.90432,0.90364,0.90338,0.90364,0.90432,0.90364,0.90338,0.90364,0.90432,0.90364,0.90338,0.90364,0.90432,0.90364,0.90338,0.90364,0.90432,0.90364,0.90338,0.90364,0.90432,0.90364,0.90338,0.90364,0.90432,0.90364,0.90338,0.90364,0.90432,0.90364,0.90338,0.90364,0.90432,0.90364,0.90338,0.90364,0.90432,0.90364,0.90338,0.90364,0.90432,0.90364,0.90338,0.90364,0.90432,0.90364,0.90338,0.90364,0.90432,0.90364,0.90338,0.90364,0.90432,0.90364,0.90338,0.90364,0.90432,0.90364,0.90338,0.90466,0.90432,0.90151,0.9096,0.89779,0.90432,0.91642,0.87961,0.92774,0.90432,0.85347,1.0242,0.70597
0.74339,0.80065,0.69195,0.76792,0.74339,0.73038,0.7558,0.73683,0.74339,0.7459,0.74045,0.74424,0.74339,0.74283,0.74262,0.74283,0.74339,0.74283,0.74262,0.74283,0.74339,0.74283,0.74262,0.74283,0.74339,0.74283,0.74262,0.74283,0.74339,0.74283,0.74262,0.74283,0.74339,0.74283,0.74262,0.74283,0.74339,0.74283,0.74262,0.74283,0.74339,0.74283,0.74262,0.74283,0.74339,0.74283,0.74262,0.74283,0.74339,0.74283,0.74262,0.74283,0.74339,0.74283,0.74262,0.74283,0.74339,0.74283,0.74262,0.74283,0.74339,0.74283,0.74262,0.74283,0.74339,0.74283,0.74262,0.74283,0.74339,0.74283,0.74262,0.74283,0.74339,0.74283,0.74262,0.74283,0.74339,0.74283,0.74262,0.74283,0.74339,0.74283,0.74262,0.74283,0.74339,0.74283,0.74262,0.74283,0.74339,0.74283,0.74262,0.74283,0.74339,0.74283,0.74262,0.74283,0.74339,0.74283,0.74262,0.74283,0.74339,0.74283,0.74262,0.74283,0.74339,0.74283,0.74262,0.74283,0.74339,0.74283,0.74262,0.74283,0.74339,0.74283,0.74262,0.74283,0.74339,0.74283,0.74262,0.74283,0.74339,0.74283,0.74262,0.74283,0.74339,0.74283,0.74262,0.74283,0.74339,0.74283,0.74262,0.74283,0.74339,0.74283,0.74262,0.74283,0.74339,0.74283,0.74262,0.74283,0.74339,0.74283,0.74262,0.74283,0.74339,0.74283,0.74262,0.74283,0.74339,0.74283,0.74262,0.74283,0.74339,0.74283,0.74262,0.74283,0.74339,0.74283,0.74262,0.74283,0.74339,0.74283,0.74262,0.74283,0.74339,0.74283,0.74262,0.74283,0.74339,0.74283,0.74262,0.74283,0.74339,0.74283,0.74262,0.74283,0.74339,0.74283,0.74262,0.74283,0.74339,0.74283,0.74262,0.74283,0.74339,0.74283,0.74262,0.74283,0.74339,0.74283,0.74262,0.74283,0.74339,0.74283,0.74262,0.74283,0.74339,0.74283,0.74262,0.74283,0.74339,0.74283,0.74262,0.74283,0.74339,0.74283,0.74262,0.74283,0.74339,0.74283,0.74262,0.74283,0.74339,0.74283,0.74262,0.74283,0.74339,0.74283,0.74262,0.74283,0.74339,0.74283,0.74262,0.74283,0.74339,0.74283,0.74262,0.74283,0.74339,0.74283,0.74262,0.74283,0.74339,0.74283,0.74262,0.74283,0.74339,0.74283,0.74262,0.74283,0.74339,0.74283,0.74262,0.74367,0.74339,0.74108,0.74773,0.73802,0.74339,0.75333,0.72308,0.76264,0.74339,0.70159,0.84193,0.58034
0.54285,0.58249,0.50973,0.55573,0.54285,0.58842,0.63561,0.60365,0.61474,0.62441,0.58705,0.56787,0.57022,0.56847,0.57488,0.55896,0.51276,0.50549,0.52063,0.50563,0.51276,0.55758,0.57408,0.56646,0.5689,0.56786,0.5759,0.59154,0.58823,0.58499,0.59271,0.58102,0.56033,0.55828,0.5609,0.55964,0.56033,0.55337,0.54804,0.55204,0.55102,0.54849,0.55625,0.55776,0.55897,0.56148,0.55112,0.57062,0.61385,0.61744,0.61008,0.61448,0.61385,0.62663,0.63964,0.62889,0.63378,0.64204,0.59925,0.56066,0.56808,0.56946,0.56681,0.566,0.55612,0.55475,0.55562,0.55643,0.55612,0.5399,0.53081,0.53665,0.53517,0.5328,0.5384,0.53509,0.53754,0.54135,0.52662,0.55433,0.61843,0.62507,0.61053,0.62292,0.61843,0.58884,0.57502,0.58448,0.5813,0.5733,0.61624,0.67288,0.65992,0.64692,0.68497,0.62068,0.48896,0.47575,0.50003,0.4824,0.48896,0.49813,0.49389,0.49863,0.49714,0.49368,0.5063,0.51372,0.51361,0.51505,0.5077,0.52218,0.55175,0.55247,0.55246,0.54814,0.55175,0.59489,0.61489,0.60473,0.60795,0.60718,0.61553,0.63413,0.62991,0.62562,0.63656,0.61945,0.58937,0.58712,0.58917,0.59005,0.58937,0.56291,0.54687,0.55773,0.55435,0.54913,0.56878,0.5801,0.57943,0.58091,0.57257,0.59187,0.65141,0.66144,0.636,0.66448,0.65141,0.53136,0.47411,0.50881,0.49754,0.48304,0.54516,0.59604,0.58731,0.58286,0.59216,0.58123,0.57038,0.57022,0.56841,0.57167,0.57038,0.54575,0.52907,0.54205,0.53734,0.52768,0.57062,0.60439,0.59965,0.60035,0.59278,0.61358,0.67959,0.68987,0.66495,0.69097,0.67959,0.59346,0.56179,0.57594,0.5731,0.57602,0.548,0.50475,0.51521,0.52183,0.50226,0.53158,0.58647,0.59145,0.58036,0.5895,0.58647,0.57621,0.5786,0.57386,0.57683,0.5832,0.54778,0.51297,0.52005,0.522,0.51745,0.51908,0.50498,0.49969,0.51229,0.49668,0.50498,0.57441,0.60348,0.58901,0.59346,0.59325,0.59977,0.61599,0.61254,0.60984,0.61515,0.60952,0.61016,0.61265,0.60376,0.61633,0.61016,0.54018,0.50615,0.52624,0.52016,0.51303,0.54089,0.56248,0.55909,0.55656,0.56225,0.55286,0.53027,0.52585,0.53559,0.52482,0.53027,0.58233,0.61359,0.59026,0.59973,0.6139,0.56156,0.56773,0.55739,0.52738,0.62995,0.43584
0.27387,0.29496,0.25491,0.2829,0.27387,0.26907,0.27844,0.27145,0.27387,0.27479,0.27278,0.27418,0.27387,0.27366,0.27358,0.27366,0.27387,0.27366,0.27358,0.27366,0.27387,0.27366,0.27358,0.27366,0.27387,0.27366,0.27358,0.27366,0.27387,0.27366,0.27358,0.27366,0.27387,0.27366,0.27358,0.27366,0.27387,0.27366,0.27358,0.27366,0.27387,0.27366,0.27358,0.27366,0.27387,0.27366,0.27358,0.27366,0.27387,0.27366,0.27358,0.27366,0.27387,0.27366,0.27358,0.27366,0.27387,0.27366,0.27358,0.27366,0.27387,0.27366,0.27358,0.27366,0.27387,0.27366,0.27358,0.27366,0.27387,0.27366,0.27358,0.27366,0.27387,0.27366,0.27358,0.27366,0.27387,0.27366,0.27358,0.27366,0.27387,0.27366,0.27358,0.27366,0.27387,0.27366,0.27358,0.27366,0.27387,0.27366,0.27358,0.27366,0.27387,0.27366,0.27358,0.27366,0.27387,0.27366,0.27358,0.27366,0.27387,0.27366,0.27358,0.27366,0.27387,0.27366,0.27358,0.27366,0.27387,0.27366,0.27358,0.27366,0.27387,0.27366,0.27358,0.27306,0.27387,0.27489,0.26997,0.27705,0.27387,0.26623,0.2874,0.25966,0.27387,0.30281,0.20339,0.3885,0.79927,0.83953,0.76263,0.8164,0.79927,0.78987,0.80776,0.79442,0.79927,0.80084,0.79691,0.79966,0.79927,0.79866,0.79844,0.79866,0.79927,0.79866,0.79844,0.79866,0.79927,0.79866,0.79844,0.79866,0.79927,0.79866,0.79844,0.79866,0.79927,0.79866,0.79844,0.79866,0.79927,0.79866,0.79844,0.79866,0.79927,0.79866,0.79844,0.79866,0.79927,0.79866,0.79844,0.79866,0.79927,0.79866,0.79844,0.79866,0.79927,0.79866,0.79844,0.79866,0.79927,0.79866,0.79844,0.79866,0.79927,0.79866,0.79844,0.79866,0.79927,0.79866,0.79844,0.79866,0.79927,0.79866,0.79844,0.79866,0.79927,0.79866,0.79844,0.79866,0.79927,0.79866,0.79844,0.79866,0.79927,0.79866,0.79844,0.79866,0.79927,0.79866,0.79844,0.79866,0.79927,0.79866,0.79844,0.79866,0.79927,0.79866,0.79844,0.79866,0.79927,0.79866,0.79844,0.79866,0.79927,0.79866,0.79844,0.79866,0.79927,0.79866,0.79844,0.79866,0.79927,0.79866,0.79844,0.79866,0.79927,0.79866,0.79844,0.79866,0.79927,0.79866,0.79844,0.79957,0.79927,0.79679,0.80393,0.7935,0.79927,0.80996,0.77743,0.81996,0.79927,0.75432,0.90521,0.62396
0.79115,0.85209,0.73641,0.81726,0.79115,0.77731,0.80436,0.78417,0.79115,0.79383,0.78803,0.79206,0.79115,0.79056,0.79033,0.79056,0.79115,0.79056,0.79033,0.79056,0.79115,0.79056,0.79033,0.79056,0.79115,0.79056,0.79033,0.79056,0.79115,0.79056,0.79033,0.79056,0.79115,0.79056,0.79033,0.79056,0.79115,0.79056,0.79033,0.79056,0.79115,0.79056,0.79033,0.79056,0.79115,0.79056,0.79033,0.79056,0.79115,0.79056,0.79033,0.79056,0.79115,0.79056,0.79033,0.79056,0.79115,0.79056,0.79033,0.79056,0.79115,0.79056,0.79033,0.79056,0.79115,0.79056,0.79033,0.79056,0.79115,0.79056,0.79033,0.79056,0.79115,0.79056,0.79033,0.79056,0.79115,0.79056,0.79033,0.79056,0.79115,0.79056,0.79033,0.79056,0.79115,0.79056,0.79033,0.79056,0.79115,0.79056,0.79033,0.79056,0.79115,0.79056,0.79033,0.79056,0.79115,0.79056,0.79033,0.79056,0.79115,0.79056,0.79033,0.79056,0.79115,0.79056,0.79033,0.79056,0.79115,0.79056,0.79033,0.79056,0.79115,0.79056,0.79033,0.79056,0.79115,0.79056,0.79033,0.79056,0.79115,0.79056,0.79033,0.79056,0.79115,0.79056,0.79033,0.79056,0.79115,0.79056,0.79033,0.79056,0.79115,0.79056,0.79033,0.79056,0.79115,0.79056,0.79033,0.79056,0.79115,0.79056,0.79033,0.79056,0.79115,0.79056,0.79033,0.79056,0.79115,0.79056,0.79033,0.79056,0.79115,0.79056,0.79033,0.79056,0.79115,0.79056,0.79033,0.79056,0.79115,0.79056,0.79033,0.79056,0.79115,0.79056,0.79033,0.79056,0.79115,0.79056,0.79033,0.79056,0.79115,0.79056,0.79033,0.79056,0.79115,0.79056,0.79033,0.79056,0.79115,0.79056,0.79033,0.79056,0.79115,0.79056,0.79033,0.79056,0.79115,0.79056,0.79033,0.79056,0.79115,0.79056,0.79033,0.79056,0.79115,0.79056,0.79033,0.79056,0.79115,0.79056,0.79033,0.79056,0.79115,0.79056,0.79033,0.79056,0.79115,0.79056,0.79033,0.79056,0.79115,0.79056,0.79033,0.79056,0.79115,0.79056,0.79033,0.79056,0.79115,0.79056,0.79033,0.79056,0.79115,0.79056,0.79033,0.79056,0.79115,0.79056,0.79033,0.79056,0.79115,0.79056,0.79033,0.79056,0.79115,0.79056,0.79033,0.79056,0.79115,0.79056,0.79033,0.79145,0.79115,0.7887,0.79577,0.78544,0.79115,0.80174,0.76953,0.81164,0.79115,0.74667,0.89603,0.61763
0.25684,0.27662,0.23906,0.26531,0.25684,0.25234,0.26113,0.25457,0.25684,0.2577,0.25582,0.25713,0.25684,0.25664,0.25657,0.25664,0.25684,0.25664,0.25657,0.25664,0.25684,0.25664,0.25657,0.25664,0.25684,0.25664,0.25657,0.25664,0.25684,0.25664,0.25657,0.25664,0.25684,0.25664,0.25657,0.25664,0.25684,0.25664,0.25657,0.25664,0.25684,0.25664,0.25657,0.25664,0.25684,0.25664,0.25657,0.25664,0.25684,0.25664,0.25657,0.25664,0.25684,0.25664,0.25657,0.25664,0.25684,0.25664,0.25657,0.25664,0.25684,0.25664,0.25657,0.25664,0.25684,0.25664,0.25657,0.25664,0.25684,0.25664,0.25657,0.25664,0.25684,0.25664,0.25657,0.25664,0.25684,0.25664,0.25657,0.25664,0.25684,0.25664,0.25657,0.25664,0.25684,0.25664,0.25657,0.25664,0.25684,0.25664,0.25657,0.25664,0.25684,0.25664,0.25657,0.25664,0.25684,0.25664,0.25657,0.25664,0.25684,0.25664,0.25657,0.25664,0.25684,0.25664,0.25657,0.25664,0.25684,0.25664,0.25657,0.25664,0.25684,0.25664,0.25657,0.25602,0.25684,0.25795,0.25276,0.26023,0.25684,0.2488,0.27116,0.24185,0.25684,0.28743,0.18243,0.37796,0.81185,0.85441,0.77318,0.82997,0.81185,0.80195,0.82086,0.80676,0.81185,0.81354,0.8094,0.8123,0.81185,0.81124,0.81101,0.81124,0.81185,0.81124,0.81101,0.81124,0.81185,0.81124,0.81101,0.81124,0.81185,0.81124,0.81101,0.81124,0.81185,0.81124,0.81101,0.81124,0.81185,0.81124,0.81101,0.81124,0.81185,0.81124,0.81101,0.81124,0.81185,0.81124,0.81101,0.81124,0.81185,0.81124,0.81101,0.81124,0.81185,0.81124,0.81101,0.81124,0.81185,0.81124,0.81101,0.81124,0.81185,0.81124,0.81101,0.81124,0.81185,0.81124,0.81101,0.81124,0.81185,0.81124,0.81101,0.81124,0.81185,0.81124,0.81101,0.81124,0.81185,0.81124,0.81101,0.81124,0.81185,0.81124,0.81101,0.81124,0.81185,0.81124,0.81101,0.81124,0.81185,0.81124,0.81101,0.81124,0.81185,0.81124,0.81101,0.81124,0.81185,0.81124,0.81101,0.81124,0.81185,0.81124,0.81101,0.81124,0.81185,0.81124,0.81101,0.81124,0.81185,0.81124,0.81101,0.81124,0.81185,0.81124,0.81101,0.81124,0.81185,0.81124,0.81101,0.81216,0.81185,0.80933,0.81659,0.80599,0.81185,0.82272,0.78967,0.83288,0.81185,0.7662,0.91947,0.63379
0.83764,0.90216,0.77967,0.86528,0.83764,0.82298,0.85162,0.83024,0.83764,0.84047,0.83433,0.8386,0.83764,0.837,0.83677,0.837,0.83764,0.837,0.83677,0.837,0.83764,0.837,0.83677,0.837,0.83764,0.837,0.83677,0.837,0.83764,0.837,0.83677,0.837,0.83764,0.837,0.83677,0.837,0.83764,0.837,0.83677,0.837,0.83764,0.837,0.83677,0.837,0.83764,0.837,0.83677,0.837,0.83764,0.837,0.83677,0.837,0.83764,0.837,0.83677,0.837,0.83764,0.837,0.83677,0.837,0.83764,0.837,0.83677,0.837,0.83764,0.837,0.83677,0.837,0.83764,0.837,0.83677,0.837,0.83764,0.837,0.83677,0.837,0.83764,0.837,0.83677,0.837,0.83764,0.837,0.83677,0.837,0.83764,0.837,0.83677,0.837,0.83764,0.837,0.83677,0.837,0.83764,0.837,0.83677,0.837,0.83764,0.837,0.83677,0.837,0.83764,0.837,0.83677,0.837,0.83764,0.837,0.83677,0.837,0.83764,0.837,0.83677,0.837,0.83764,0.837,0.83677,0.83776,0.83764,0.83544,0.84135,0.8327,0.83764,0.84642,0.81925,0.85476,0.83764,0.80003,0.9258,0.69134,0.17121,0.11924,0.21646,0.14859,0.17121,0.18224,0.15921,0.17646,0.17121,0.16832,0.17297,0.16981,0.17121,0.17108,0.17103,0.17108,0.17121,0.17108,0.17103,0.17108,0.17121,0.17108,0.17103,0.17108,0.17121,0.17108,0.17103,0.17108,0.17121,0.17108,0.17103,0.17108,0.17121,0.17108,0.17103,0.17108,0.17121,0.17108,0.17103,0.17108,0.17121,0.17108,0.17103,0.17108,0.17121,0.17108,0.17103,0.17108,0.17121,0.17108,0.17103,0.17108,0.17121,0.17108,0.17103,0.17108,0.17121,0.17108,0.17103,0.17108,0.17121,0.17108,0.17103,0.17108,0.17121,0.17108,0.17103,0.17108,0.17121,0.17108,0.17103,0.17108,0.17121,0.17108,0.17103,0.17108,0.17121,0.17108,0.17103,0.17108,0.17121,0.17108,0.17103,0.17108,0.17121,0.17108,0.17103,0.17108,0.17121,0.17108,0.17103,0.17108,0.17121,0.17108,0.17103,0.17108,0.17121,0.17108,0.17103,0.17108,0.17121,0.17108,0.17103,0.17108,0.17121,0.17108,0.17103,0.17108,0.17121,0.17108,0.17103,0.17108,0.17121,0.17108,0.17103,0.17127,0.17121,0.17068,0.17221,0.16997,0.17121,0.1735,0.16653,0.17564,0.17121,0.16158,0.1939,0.13366
0.78357,0.84393,0.72935,0.80943,0.78357,0.76986,0.79666,0.77665,0.78357,0.78622,0.78048,0.78447,0.78357,0.78298,0.78276,0.78298,0.78357,0.78298,0.78276,0.78298,0.78357,0.78298,0.78276,0.78298,0.78357,0.78298,0.78276,0.78298,0.78357,0.78298,0.78276,0.78298,0.78357,0.78298,0.78276,0.78298,0.78357,0.78298,0.78276,0.78298,0.78357,0.78298,0.78276,0.78298,0.78357,0.78298,0.78276,0.78298,0.78357,0.78298,0.78276,0.78298,0.78357,0.78298,0.78276,0.78298,0.78357,0.78298,0.78276,0.78298,0.78357,0.78298,0.78276,0.78298,0.78357,0.78298,0.78276,0.78298,0.78357,0.78298,0.78276,0.78298,0.78357,0.78298,0.78276,0.78298,0.78357,0.78298,0.78276,0.78298,0.78357,0.78298,0.78276,0.78298,0.78357,0.78298,0.78276,0.78298,0.78357,0.78298,0.78276,0.78298,0.78357,0.78298,0.78276,0.78298,0.78357,0.78298,0.78276,0.78298,0.78357,0.78298,0.78276,0.78298,0.78357,0.78298,0.78276,0.78298,0.78357,0.78298,0.78276,0.78298,0.78357,0.78298,0.78276,0.78366,0.78357,0.78157,0.78687,0.77911,0.78357,0.79144,0.76703,0.79893,0.78357,0.74979,0.86269,0.6522,0.18524,0.13856,0.22583,0.1649,0.18524,0.19512,0.17444,0.18993,0.18524,0.18262,0.18679,0.18396,0.18524,0.1851,0.18505,0.1851,0.18524,0.1851,0.18505,0.1851,0.18524,0.1851,0.18505,0.1851,0.18524,0.1851,0.18505,0.1851,0.18524,0.1851,0.18505,0.1851,0.18524,0.1851,0.18505,0.1851,0.18524,0.1851,0.18505,0.1851,0.18524,0.1851,0.18505,0.1851,0.18524,0.1851,0.18505,0.1851,0.18524,0.1851,0.18505,0.1851,0.18524,0.1851,0.18505,0.1851,0.18524,0.1851,0.18505,0.1851,0.18524,0.1851,0.18505,0.1851,0.18524,0.1851,0.18505,0.1851,0.18524,0.1851,0.18505,0.1851,0.18524,0.1851,0.18505,0.1851,0.18524,0.1851,0.18505,0.1851,0.18524,0.1851,0.18505,0.1851,0.18524,0.1851,0.18505,0.1851,0.18524,0.1851,0.18505,0.1851,0.18524,0.1851,0.18505,0.1851,0.18524,0.1851,0.18505,0.1851,0.18524,0.1851,0.18505,0.1851,0.18524,0.1851,0.18505,0.1851,0.18524,0.1851,0.18505,0.1851,0.18524,0.1851,0.18505,0.18531,0.18524,0.18466,0.18632,0.1839,0.18524,0.18771,0.18018,0.19003,0.18524,0.17482,0.20979,0.14461
0.84034,0.90507,0.78219,0.86807,0.84034,0.82563,0.85437,0.83292,0.84034,0.84318,0.83702,0.8413,0.84034,0.8397,0.83947,0.8397,0.84034,0.8397,0.83947,0.8397,0.84034,0.8397,0.83947,0.8397,0.84034,0.8397,0.83947,0.8397,0.84034,0.8397,0.83947,0.8397,0.84034,0.8397,0.83947,0.8397,0.84034,0.8397,0.83947,0.8397,0.84034,0.8397,0.83947,0.8397,0.84034,0.8397,0.83947,0.8397,0.84034,0.8397,0.83947,0.8397,0.84034,0.8397,0.83947,0.8397,0.84034,0.8397,0.83947,0.8397,0.84034,0.8397,0.83947,0.8397,0.84034,0.8397,0.83947,0.8397,0.84034,0.8397,0.83947,0.8397,0.84034,0.8397,0.83947,0.8397,0.84034,0.8397,0.83947,0.8397,0.84034,0.8397,0.83947,0.8397,0.84034,0.8397,0.83947,0.8397,0.84034,0.8397,0.83947,0.8397,0.84034,0.8397,0.83947,0.8397,0.84034,0.8397,0.83947,0.8397,0.84034,0.8397,0.83947,0.8397,0.84034,0.8397,0.83947,0.8397,0.84034,0.8397,0.83947,0.8397,0.84034,0.8397,0.83947,0.8397,0.84034,0.8397,0.83947,0.8397,0.84034,0.8397,0.83947,0.8397,0.84034,0.8397,0.83947,0.8397,0.84034,0.8397,0.83947,0.8397,0.84034,0.8397,0.83947,0.8397,0.84034,0.8397,0.83947,0.8397,0.84034,0.8397,0.83947,0.8397,0.84034,0.8397,0.83947,0.8397,0.84034,0.8397,0.83947,0.8397,0.84034,0.8397,0.83947,0.8397,0.84034,0.8397,0.83947,0.8397,0.84034,0.8397,0.83947,0.8397,0.84034,0.8397,0.83947,0.8397,0.84034,0.8397,0.83947,0.8397,0.84034,0.8397,0.83947,0.8397,0.84034,0.8397,0.83947,0.8397,0.84034,0.8397,0.83947,0.8397,0.84034,0.8397,0.83947,0.8397,0.84034,0.8397,0.83947,0.8397,0.84034,0.8397,0.83947,0.8397,0.84034,0.8397,0.83947,0.8397,0.84034,0.8397,0.83947,0.8397,0.84034,0.8397,0.83947,0.8397,0.84034,0.8397,0.83947,0.8397,0.84034,0.8397,0.83947,0.8397,0.84034,0.8397,0.83947,0.8397,0.84034,0.8397,0.83947,0.8397,0.84034,0.8397,0.83947,0.8397,0.84034,0.8397,0.83947,0.8397,0.84034,0.8397,0.83947,0.8397,0.84034,0.8397,0.83947,0.8397,0.84034,0.8397,0.83947,0.84065,0.84034,0.83773,0.84524,0.83427,0.84034,0.85158,0.81738,0.8621,0.84034,0.79309,0.95173,0.65603
0.77943,0.83946,0.72549,0.80514,0.77943,0.76579,0.79244,0.77255,0.77943,0.78206,0.77635,0.78032,0.77943,0.77884,0.77862,0.77884,0.77943,0.77884,0.77862,0.77884,0.77943,0.77884,0.77862,0.77884,0.77943,0.77884,0.77862,0.77884,0.77943,0.77884,0.77862,0.77884,0.77943,0.77884,0.77862,0.77884,0.77943,0.77884,0.77862,0.77884,0.77943,0.77884,0.77862,0.77884,0.77943,0.77884,0.77862,0.77884,0.77943,0.77884,0.77862,0.77884,0.77943,0.77884,0.77862,0.77884,0.77943,0.77884,0.77862,0.77884,0.77943,0.77884,0.77862,0.77884,0.77943,0.77884,0.77862,0.77884,0.77943,0.77884,0.77862,0.77884,0.77943,0.77884,0.77862,0.77884,0.77943,0.77884,0.77862,0.77884,0.77943,0.77884,0.77862,0.77884,0.77943,0.77884,0.77862,0.77884,0.77943,0.77884,0.77862,0.77884,0.77943,0.77884,0.77862,0.77884,0.77943,0.77884,0.77862,0.77884,0.77943,0.77884,0.77862,0.77884,0.77943,0.77884,0.77862,0.77884,0.77943,0.77884,0.77862,0.77884,0.77943,0.77884,0.77862,0.77912,0.77943,0.77826,0.7803,0.77726,0.77943,0.78229,0.7722,0.78535,0.77943,0.76528,0.81127,0.72542,0.53502,0.51561,0.55113,0.52637,0.53502,0.53871,0.53014,0.53659,0.53502,0.53361,0.53518,0.53416,0.53502,0.53462,0.53447,0.53462,0.53502,0.53462,0.53447,0.53462,0.53502,0.53462,0.53447,0.53462,0.53502,0.53462,0.53447,0.53462,0.53502,0.53462,0.53447,0.53462,0.53502,0.53462,0.53447,0.53462,0.53502,0.53462,0.53447,0.53462,0.53502,0.53462,0.53447,0.53462,0.53502,0.53462,0.53447,0.53462,0.53502,0.53462,0.53447,0.53462,0.53502,0.53462,0.53447,0.53462,0.53502,0.53462,0.53447,0.53462,0.53502,0.53462,0.53447,0.53462,0.53502,0.53462,0.53447,0.53462,0.53502,0.53462,0.53447,0.53462,0.53502,0.53462,0.53447,0.53462,0.53502,0.53462,0.53447,0.53462,0.53502,0.53462,0.53447,0.53462,0.53502,0.53462,0.53447,0.53462,0.53502,0.53462,0.53447,0.53462,0.53502,0.53462,0.53447,0.53462,0.53502,0.53462,0.53447,0.53462,0.53502,0.53462,0.53447,0.53462,0.53502,0.53462,0.53447,0.53462,0.53502,0.53462,0.53447,0.53462,0.53502,0.53462,0.53447,0.53522,0.53502,0.53336,0.53815,0.53116,0.53502,0.54218,0.5204,0.54888,0.53502,0.50494,0.60594,0.41768
0.81721,0.88016,0.76066,0.84417,0.81721,0.80291,0.83086,0.81,0.81721,0.81997,0.81398,0.81815,0.81721,0.81659,0.81637,0.81659,0.81721,0.81659,0.81637,0.81659,0.81721,0.81659,0.81637,0.81659,0.81721,0.81659,0.81637,0.81659,0.81721,0.81659,0.81637,0.81659,0.81721,0.81659,0.81637,0.81659,0.81721,0.81659,0.81637,0.81659,0.81721,0.81659,0.81637,0.81659,0.81721,0.81659,0.81637,0.81659,0.81721,0.81659,0.81637,0.81659,0.81721,0.81659,0.81637,0.81659,0.81721,0.81659,0.81637,0.81659,0.81721,0.81659,0.81637,0.81659,0.81721,0.81659,0.81637,0.81659,0.81721,0.81659,0.81637,0.81659,0.81721,0.81659,0.81637,0.81659,0.81721,0.81659,0.81637,0.81659,0.81721,0.81659,0.81637,0.81659,0.81721,0.81659,0.81637,0.81659,0.81721,0.81659,0.81637,0.81659,0.81721,0.81659,0.81637,0.81659,0.81721,0.81659,0.81637,0.81659,0.81721,0.81659,0.81637,0.81659,0.81721,0.81659,0.81637,0.81659,0.81721,0.81659,0.81637,0.81659,0.81721,0.81659,0.81637,0.81659,0.81721,0.81659,0.81637,0.81659,0.81721,0.81659,0.81637,0.81659,0.81721,0.81659,0.81637,0.81659,0.81721,0.81659,0.81637,0.81659,0.81721,0.81659,0.81637,0.81659,0.81721,0.81659,0.81637,0.81659,0.81721,0.81659,0.81637,0.81659,0.81721,0.81659,0.81637,0.81659,0.81721,0.81659,0.81637,0.81659,0.81721,0.81659,0.81637,0.81659,0.81721,0.81659,0.81637,0.81659,0.81721,0.81659,0.81637,0.81659,0.81721,0.81659,0.81637,0.81659,0.81721,0.81659,0.81637,0.81659,0.81721,0.81659,0.81637,0.81659,0.81721,0.81659,0.81637,0.81659,0.81721,0.81659,0.81637,0.81659,0.81721,0.81659,0.81637,0.81659,0.81721,0.81659,0.81637,0.81659,0.81721,0.81659,0.81637,0.81659,0.81721,0.81659,0.81637,0.81659,0.81721,0.81659,0.81637,0.81659,0.81721,0.81659,0.81637,0.81659,0.81721,0.81659,0.81637,0.81659,0.81721,0.81659,0.81637,0.81659,0.81721,0.81659,0.81637,0.81659,0.81721,0.81659,0.81637,0.81659,0.81721,0.81659,0.81637,0.81659,0.81721,0.81659,0.81637,0.81659,0.81721,0.81659,0.81637,0.81659,0.81721,0.81659,0.81637,0.81659,0.81721,0.81659,0.81637,0.81752,0.81721,0.81467,0.82198,0.81131,0.81721,0.82814,0.79488,0.83837,0.81721,0.77126,0.92554,0.63797
0.12094,0.13026,0.11257,0.12493,0.12094,0.11882,0.12296,0.11987,0.12094,0.12135,0.12046,0.12108,0.12094,0.12085,0.12082,0.12085,0.12094,0.12085,0.12082,0.12085,0.12094,0.12085,0.12082,0.12085,0.12094,0.12085,0.12082,0.12085,0.12094,0.12085,0.12082,0.12085,0.12094,0.12085,0.12082,0.12085,0.12094,0.12085,0.12082,0.12085,0.12094,0.12085,0.12082,0.12085,0.12094,0.12085,0.12082,0.12085,0.12094,0.12085,0.12082,0.12085,0.12094,0.12085,0.12082,0.12085,0.12094,0.12085,0.12082,0.12085,0.12094,0.12085,0.12082,0.12085,0.12094,0.12085,0.12082,0.12085,0.12094,0.12085,0.12082,0.12085,0.12094,0.12085,0.12082,0.12085,0.12094,0.12085,0.12082,0.12085,0.12094,0.12085,0.12082,0.12085,0.12094,0.12085,0.12082,0.12085,0.12094,0.12085,0.12082,0.12085,0.12094,0.12085,0.12082,0.12085,0.12094,0.12085,0.12082,0.12085,0.12094,0.12085,0.12082,0.12085,0.12094,0.12085,0.12082,0.12085,0.12094,0.12085,0.12082,0.12085,0.12094,0.12085,0.12082,0.12001,0.12094,0.12259,0.11572,0.12564,0.12094,0.11037,0.1403,0.1011,0.12094,0.16197,0.021794,0.28287,0.86218,0.91918,0.81076,0.88654,0.86218,0.84911,0.87443,0.85554,0.86218,0.86459,0.85913,0.86294,0.86218,0.86153,0.86129,0.86153,0.86218,0.86153,0.86129,0.86153,0.86218,0.86153,0.86129,0.86153,0.86218,0.86153,0.86129,0.86153,0.86218,0.86153,0.86129,0.86153,0.86218,0.86153,0.86129,0.86153,0.86218,0.86153,0.86129,0.86153,0.86218,0.86153,0.86129,0.86153,0.86218,0.86153,0.86129,0.86153,0.86218,0.86153,0.86129,0.86153,0.86218,0.86153,0.86129,0.86153,0.86218,0.86153,0.86129,0.86153,0.86218,0.86153,0.86129,0.86153,0.86218,0.86153,0.86129,0.86153,0.86218,0.86153,0.86129,0.86153,0.86218,0.86153,0.86129,0.86153,0.86218,0.86153,0.86129,0.86153,0.86218,0.86153,0.86129,0.86153,0.86218,0.86153,0.86129,0.86153,0.86218,0.86153,0.86129,0.86153,0.86218,0.86153,0.86129,0.86153,0.86218,0.86153,0.86129,0.86153,0.86218,0.86153,0.86129,0.86153,0.86218,0.86153,0.86129,0.86153,0.86218,0.86153,0.86129,0.86153,0.86218,0.86153,0.86129,0.8625,0.86218,0.8595,0.86721,0.85595,0.86218,0.87371,0.83862,0.8845,0.86218,0.8137,0.97646,0.67308
0.78578,0.8463,0.7314,0.8117,0.78578,0.77203,0.7989,0.77884,0.78578,0.78843,0.78267,0.78668,0.78578,0.78518,0.78496,0.78518,0.78578,0.78518,0.78496,0.78518,0.78578,0.78518,0.78496,0.78518,0.78578,0.78518,0.78496,0.78518,0.78578,0.78518,0.78496,0.78518,0.78578,0.78518,0.78496,0.78518,0.78578,0.78518,0.78496,0.78518,0.78578,0.78518,0.78496,0.78518,0.78578,0.78518,0.78496,0.78518,0.78578,0.78518,0.78496,0.78518,0.78578,0.78518,0.78496,0.78518,0.78578,0.78518,0.78496,0.78518,0.78578,0.78518,0.78496,0.78518,0.78578,0.78518,0.78496,0.78518,0.78578,0.78518,0.78496,0.78518,0.78578,0.78518,0.78496,0.78518,0.78578,0.78518,0.78496,0.78518,0.78578,0.78518,0.78496,0.78518,0.78578,0.78518,0.78496,0.78518,0.78578,0.78518,0.78496,0.78518,0.78578,0.78518,0.78496,0.78518,0.78578,0.78518,0.78496,0.78518,0.78578,0.78518,0.78496,0.78518,0.78578,0.78518,0.78496,0.78518,0.78578,0.78518,0.78496,0.78518,0.78578,0.78518,0.78496,0.78566,0.78578,0.7842,0.78783,0.78249,0.78578,0.79108,0.77399,0.79631,0.78578,0.76203,0.84072,0.69395,0.36839,0.33564,0.39646,0.35402,0.36839,0.3751,0.3606,0.37148,0.36839,0.36638,0.36922,0.36732,0.36839,0.36811,0.36801,0.36811,0.36839,0.36811,0.36801,0.36811,0.36839,0.36811,0.36801,0.36811,0.36839,0.36811,0.36801,0.36811,0.36839,0.36811,0.36801,0.36811,0.36839,0.36811,0.36801,0.36811,0.36839,0.36811,0.36801,0.36811,0.36839,0.36811,0.36801,0.36811,0.36839,0.36811,0.36801,0.36811,0.36839,0.36811,0.36801,0.36811,0.36839,0.36811,0.36801,0.36811,0.36839,0.36811,0.36801,0.36811,0.36839,0.36811,0.36801,0.36811,0.36839,0.36811,0.36801,0.36811,0.36839,0.36811,0.36801,0.36811,0.36839,0.36811,0.36801,0.36811,0.36839,0.36811,0.36801,0.36811,0.36839,0.36811,0.36801,0.36811,0.36839,0.36811,0.36801,0.36811,0.36839,0.36811,0.36801,0.36811,0.36839,0.36811,0.36801,0.36811,0.36839,0.36811,0.36801,0.36811,0.36839,0.36811,0.36801,0.36811,0.36839,0.36811,0.36801,0.36811,0.36839,0.36811,0.36801,0.36811,0.36839,0.36811,0.36801,0.36852,0.36839,0.36724,0.37054,0.36573,0.36839,0.37331,0.35832,0.37793,0.36839,0.34767,0.41722,0.28759
0.25973,0.27974,0.24176,0.2683,0.25973,0.25519,0.26407,0.25744,0.25973,0.26061,0.25871,0.26003,0.25973,0.25954,0.25946,0.25954,0.25973,0.25954,0.25946,0.25954,0.25973,0.25954,0.25946,0.25954,0.25973,0.25954,0.25946,0.25954,0.25973,0.25954,0.25946,0.25954,0.25973,0.25954,0.25946,0.25954,0.25973,0.25954,0.25946,0.25954,0.25973,0.25954,0.25946,0.25954,0.25973,0.25954,0.25946,0.25954,0.25973,0.25954,0.25946,0.25954,0.25973,0.25954,0.25946,0.25954,0.25973,0.25954,0.25946,0.25954,0.25973,0.25954,0.25946,0.25954,0.25973,0.25954,0.25946,0.25954,0.25973,0.25954,0.25946,0.25954,0.25973,0.25954,0.25946,0.25954,0.25973,0.25954,0.25946,0.25954,0.25973,0.25954,0.25946,0.25954,0.25973,0.25954,0.25946,0.25954,0.25973,0.25954,0.25946,0.25954,0.25973,0.25954,0.25946,0.25954,0.25973,0.25954,0.25946,0.25954,0.25973,0.25954,0.25946,0.25954,0.25973,0.25954,0.25946,0.25954,0.25973,0.25954,0.25946,0.25954,0.25973,0.25954,0.25946,0.25899,0.25973,0.26068,0.25612,0.26268,0.25973,0.25266,0.27226,0.24657,0.25973,0.28654,0.19445,0.36591,0.74642,0.78371,0.71247,0.76228,0.74642,0.73771,0.75428,0.74193,0.74642,0.74787,0.74423,0.74678,0.74642,0.74586,0.74565,0.74586,0.74642,0.74586,0.74565,0.74586,0.74642,0.74586,0.74565,0.74586,0.74642,0.74586,0.74565,0.74586,0.74642,0.74586,0.74565,0.74586,0.74642,0.74586,0.74565,0.74586,0.74642,0.74586,0.74565,0.74586,0.74642,0.74586,0.74565,0.74586,0.74642,0.74586,0.74565,0.74586,0.74642,0.74586,0.74565,0.74586,0.74642,0.74586,0.74565,0.74586,0.74642,0.74586,0.74565,0.74586,0.74642,0.74586,0.74565,0.74586,0.74642,0.74586,0.74565,0.74586,0.74642,0.74586,0.74565,0.74586,0.74642,0.74586,0.74565,0.74586,0.74642,0.74586,0.74565,0.74586,0.74642,0.74586,0.74565,0.74586,0.74642,0.74586,0.74565,0.74586,0.74642,0.74586,0.74565,0.74586,0.74642,0.74586,0.74565,0.74586,0.74642,0.74586,0.74565,0.74586,0.74642,0.74586,0.74565,0.74586,0.74642,0.74586,0.74565,0.74586,0.74642,0.74586,0.74565,0.74586,0.74642,0.74586,0.74565,0.7467,0.74642,0.74411,0.75078,0.74103,0.74642,0.75641,0.72603,0.76575,0.74642,0.70445,0.84537,0.58271
0.86364,0.93016,0.80388,0.89214,0.86364,0.84853,0.87806,0.85602,0.86364,0.86656,0.86023,0.86463,0.86364,0.86299,0.86275,0.86299,0.86364,0.86299,0.86275,0.86299,0.86364,0.86299,0.86275,0.86299,0.86364,0.86299,0.86275,0.86299,0.86364,0.86299,0.86275,0.86299,0.86364,0.86299,0.86275,0.86299,0.86364,0.86299,0.86275,0.86299,0.86364,0.86299,0.86275,0.86299,0.86364,0.86299,0.86275,0.86299,0.86364,0.86299,0.86275,0.86299,0.86364,0.86299,0.86275,0.86299,0.86364,0.86299,0.86275,0.86299,0.86364,0.86299,0.86275,0.86299,0.86364,0.86299,0.86275,0.86299,0.86364,0.86299,0.86275,0.86299,0.86364,0.86299,0.86275,0.86299,0.86364,0.86299,0.86275,0.86299,0.86364,0.86299,0.86275,0.86299,0.86364,0.86299,0.86275,0.86299,0.86364,0.86299,0.86275,0.86299,0.86364,0.86299,0.86275,0.86299,0.86364,0.86299,0.86275,0.86299,0.86364,0.86299,0.86275,0.86299,0.86364,0.86299,0.86275,0.86299,0.86364,0.86299,0.86275,0.86299,0.86364,0.86299,0.86275,0.86299,0.86364,0.86299,0.86275,0.86299,0.86364,0.86299,0.86275,0.86299,0.86364,0.86299,0.86275,0.86299,0.86364,0.86299,0.86275,0.86299,0.86364,0.86299,0.86275,0.86299,0.86364,0.86299,0.86275,0.86299,0.86364,0.86299,0.86275,0.86299,0.86364,0.86299,0.86275,0.86299,0.86364,0.86299,0.86275,0.86299,0.86364,0.86299,0.86275,0.86299,0.86364,0.86299,0.86275,0.86299,0.86364,0.86299,0.86275,0.86299,0.86364,0.86299,0.86275,0.86299,0.86364,0.86299,0.86275,0.86299,0.86364,0.86299,0.86275,0.86299,0.86364,0.86299,0.86275,0.86299,0.86364,0.86299,0.86275,0.86299,0.86364,0.86299,0.86275,0.86299,0.86364,0.86299,0.86275,0.86299,0.86364,0.86299,0.86275,0.86299,0.86364,0.86299,0.86275,0.86299,0.86364,0.86299,0.86275,0.86299,0.86364,0.86299,0.86275,0.86299,0.86364,0.86299,0.86275,0.86299,0.86364,0.86299,0.86275,0.86299,0.86364,0.86299,0.86275,0.86299,0.86364,0.86299,0.86275,0.86299,0.86364,0.86299,0.86275,0.86299,0.86364,0.86299,0.86275,0.86299,0.86364,0.86299,0.86275,0.86299,0.86364,0.86299,0.86275,0.86299,0.86364,0.86299,0.86275,0.86396,0.86364,0.86096,0.86868,0.85741,0.86364,0.87519,0.84004,0.886,0.86364,0.81508,0.97812,0.67422
0.75126,0.80912,0.69927,0.77605,0.75126,0.73811,0.7638,0.74463,0.75126,0.7538,0.74829,0.75212,0.75126,0.75069,0.75048,0.75069,0.75126,0.75069,0.75048,0.75069,0.75126,0.75069,0.75048,0.75069,0.75126,0.75069,0.75048,0.75069,0.75126,0.75069,0.75048,0.75069,0.75126,0.75069,0.75048,0.75069,0.75126,0.75069,0.75048,0.75069,0.75126,0.75069,0.75048,0.75069,0.75126,0.75069,0.75048,0.75069,0.75126,0.75069,0.75048,0.75069,0.75126,0.75069,0.75048,0.75069,0.75126,0.75069,0.75048,0.75069,0.75126,0.75069,0.75048,0.75069,0.75126,0.75069,0.75048,0.75069,0.75126,0.75069,0.75048,0.75069,0.75126,0.75069,0.75048,0.75069,0.75126,0.75069,0.75048,0.75069,0.75126,0.75069,0.75048,0.75069,0.75126,0.75069,0.75048,0.75069,0.75126,0.75069,0.75048,0.75069,0.75126,0.75069,0.75048,0.75069,0.75126,0.75069,0.75048,0.75069,0.75126,0.75069,0.75048,0.75069,0.75126,0.75069,0.75048,0.75069,0.75126,0.75069,0.75048,0.75069,0.75126,0.75069,0.75048,0.75069,0.75126,0.75069,0.75048,0.75069,0.75126,0.75069,0.75048,0.75069,0.75126,0.75069,0.75048,0.75069,0.75126,0.75069,0.75048,0.75069,0.75126,0.75069,0.75048,0.75069,0.75126,0.75069,0.75048,0.75069,0.75126,0.75069,0.75048,0.75069,0.75126,0.75069,0.75048,0.75069,0.75126,0.75069,0.75048,0.75069,0.75126,0.75069,0.75048,0.75069,0.75126,0.75069,0.75048,0.75069,0.75126,0.75069,0.75048,0.75069,0.75126,0.75069,0.75048,0.75069,0.75126,0.75069,0.75048,0.75069,0.75126,0.75069,0.75048,0.75069,0.75126,0.75069,0.75048,0.75069,0.75126,0.75069,0.75048,0.75069,0.75126,0.75069,0.75048,0.75069,0.75126,0.75069,0.75048,0.75069,0.75126,0.75069,0.75048,0.75069,0.75126,0.75069,0.75048,0.75069,0.75126,0.75069,0.75048,0.75069,0.75126,0.75069,0.75048,0.75069,0.75126,0.75069,0.75048,0.75069,0.75126,0.75069,0.75048,0.75069,0.75126,0.75069,0.75048,0.75069,0.75126,0.75069,0.75048,0.75069,0.75126,0.75069,0.75048,0.75069,0.75126,0.75069,0.75048,0.75069,0.75126,0.75069,0.75048,0.75069,0.75126,0.75069,0.75048,0.75069,0.75126,0.75069,0.75048,0.75154,0.75126,0.74893,0.75564,0.74584,0.75126,0.76131,0.73073,0.77071,0.75126,0.70901,0.85084,0.58649
0.56106,0.60428,0.52224,0.57958,0.56106,0.55124,0.57043,0.55611,0.56106,0.56296,0.55885,0.56171,0.56106,0.56064,0.56048,0.56064,0.56106,0.56064,0.56048,0.56064,0.56106,0.56064,0.56048,0.56064,0.56106,0.56064,0.56048,0.56064,0.56106,0.56064,0.56048,0.56064,0.56106,0.56064,0.56048,0.56064,0.56106,0.56064,0.56048,0.56064,0.56106,0.56064,0.56048,0.56064,0.56106,0.56064,0.56048,0.56064,0.56106,0.56064,0.56048,0.56064,0.56106,0.56064,0.56048,0.56064,0.56106,0.56064,0.56048,0.56064,0.56106,0.56064,0.56048,0.56064,0.56106,0.56064,0.56048,0.56064,0.56106,0.56064,0.56048,0.56064,0.56106,0.56064,0.56048,0.56064,0.56106,0.56064,0.56048,0.56064,0.56106,0.56064,0.56048,0.56064,0.56106,0.56064,0.56048,0.56064,0.56106,0.56064,0.56048,0.56064,0.56106,0.56064,0.56048,0.56064,0.56106,0.56064,0.56048,0.56064,0.56106,0.56064,0.56048,0.56064,0.56106,0.56064,0.56048,0.56064,0.56106,0.56064,0.56048,0.56064,0.56106,0.56064,0.56048,0.56046,0.56106,0.56102,0.55937,0.56168,0.56106,0.55836,0.56473,0.55634,0.56106,0.5696,0.5389,0.59595,0.7226,0.73462,0.71085,0.72751,0.7226,0.71935,0.72472,0.72075,0.7226,0.72273,0.72139,0.72237,0.7226,0.72206,0.72186,0.72206,0.7226,0.72206,0.72186,0.72206,0.7226,0.72206,0.72186,0.72206,0.7226,0.72206,0.72186,0.72206,0.7226,0.72206,0.72186,0.72206,0.7226,0.72206,0.72186,0.72206,0.7226,0.72206,0.72186,0.72206,0.7226,0.72206,0.72186,0.72206,0.7226,0.72206,0.72186,0.72206,0.7226,0.72206,0.72186,0.72206,0.7226,0.72206,0.72186,0.72206,0.7226,0.72206,0.72186,0.72206,0.7226,0.72206,0.72186,0.72206,0.7226,0.72206,0.72186,0.72206,0.7226,0.72206,0.72186,0.72206,0.7226,0.72206,0.72186,0.72206,0.7226,0.72206,0.72186,0.72206,0.7226,0.72206,0.72186,0.72206,0.7226,0.72206,0.72186,0.72206,0.7226,0.72206,0.72186,0.72206,0.7226,0.72206,0.72186,0.72206,0.7226,0.72206,0.72186,0.72206,0.7226,0.72206,0.72186,0.72206,0.7226,0.72206,0.72186,0.72206,0.7226,0.72206,0.72186,0.72206,0.7226,0.72206,0.72186,0.72287,0.7226,0.72036,0.72682,0.71739,0.7226,0.73227,0.70286,0.74132,0.7226,0.68197,0.81839,0.56411
0.8537,0.91946,0.79462,0.88187,0.8537,0.83876,0.86796,0.84616,0.8537,0.85658,0.85033,0.85468,0.8537,0.85306,0.85282,0.85306,0.8537,0.85306,0.85282,0.85306,0.8537,0.85306,0.85282,0.85306,0.8537,0.85306,0.85282,0.85306,0.8537,0.85306,0.85282,0.85306,0.8537,0.85306,0.85282,0.85306,0.8537,0.85306,0.85282,0.85306,0.8537,0.85306,0.85282,0.85306,0.8537,0.85306,0.85282,0.85306,0.8537,0.85306,0.85282,0.85306,0.8537,0.85306,0.85282,0.85306,0.8537,0.85306,0.85282,0.85306,0.8537,0.85306,0.85282,0.85306,0.8537,0.85306,0.85282,0.85306,0.8537,0.85306,0.85282,0.85306,0.8537,0.85306,0.85282,0.85306,0.8537,0.85306,0.85282,0.85306,0.8537,0.85306,0.85282,0.85306,0.8537,0.85306,0.85282,0.85306,0.8537,0.85306,0.85282,0.85306,0.8537,0.85306,0.85282,0.85306,0.8537,0.85306,0.85282,0.85306,0.8537,0.85306,0.85282,0.85306,0.8537,0.85306,0.85282,0.85306,0.8537,0.85306,0.85282,0.85306,0.8537,0.85306,0.85282,0.85306,0.8537,0.85306,0.85282,0.85306,0.8537,0.85306,0.85282,0.85306,0.8537,0.85306,0.85282,0.85306,0.8537,0.85306,0.85282,0.85306,0.8537,0.85306,0.85282,0.85306,0.8537,0.85306,0.85282,0.85306,0.8537,0.85306,0.85282,0.85306,0.8537,0.85306,0.85282,0.85306,0.8537,0.85306,0.85282,0.85306,0.8537,0.85306,0.85282,0.85306,0.8537,0.85306,0.85282,0.85306,0.8537,0.85306,0.85282,0.85306,0.8537,0.85306,0.85282,0.85306,0.8537,0.85306,0.85282,0.85306,0.8537,0.85306,0.85282,0.85306,0.8537,0.85306,0.85282,0.85306,0.8537,0.85306,0.85282,0.85306,0.8537,0.85306,0.85282,0.85306,0.8537,0.85306,0.85282,0.85306,0.8537,0.85306,0.85282,0.85306,0.8537,0.85306,0.85282,0.85306,0.8537,0.85306,0.85282,0.85306,0.8537,0.85306,0.85282,0.85306,0.8537,0.85306,0.85282,0.85306,0.8537,0.85306,0.85282,0.85306,0.8537,0.85306,0.85282,0.85306,0.8537,0.85306,0.85282,0.85306,0.8537,0.85306,0.85282,0.85306,0.8537,0.85306,0.85282,0.85306,0.8537,0.85306,0.85282,0.85306,0.8537,0.85306,0.85282,0.85306,0.8537,0.85306,0.85282,0.85402,0.8537,0.85105,0.85868,0.84754,0.8537,0.86512,0.83037,0.87581,0.8537,0.8057,0.96686,0.66646
0.58774,0.63301,0.54707,0.60714,0.58774,0.57746,0.59756,0.58256,0.58774,0.58973,0.58542,0.58842,0.58774,0.5873,0.58714,0.5873,0.58774,0.5873,0.58714,0.5873,0.58774,0.5873,0.58714,0.5873,0.58774,0.5873,0.58714,0.5873,0.58774,0.5873,0.58714,0.5873,0.58774,0.5873,0.58714,0.5873,0.58774,0.5873,0.58714,0.5873,0.58774,0.5873,0.58714,0.5873,0.58774,0.5873,0.58714,0.5873,0.58774,0.5873,0.58714,0.5873,0.58774,0.5873,0.58714,0.5873,0.58774,0.5873,0.58714,0.5873,0.58774,0.5873,0.58714,0.5873,0.58774,0.5873,0.58714,0.5873,0.58774,0.5873,0.58714,0.5873,0.58774,0.5873,0.58714,0.5873,0.58774,0.5873,0.58714,0.5873,0.58774,0.5873,0.58714,0.5873,0.58774,0.5873,0.58714,0.5873,0.58774,0.5873,0.58714,0.5873,0.58774,0.5873,0.58714,0.5873,0.58774,0.5873,0.58714,0.5873,0.58774,0.5873,0.58714,0.5873,0.58774,0.5873,0.58714,0.5873,0.58774,0.5873,0.58714,0.5873,0.58774,0.5873,0.58714,0.58709,0.58774,0.58774,0.58584,0.58852,0.58774,0.58464,0.59209,0.58228,0.58774,0.59776,0.56196,0.62849,0.77621,0.79028,0.76256,0.78199,0.77621,0.77247,0.77875,0.7741,0.77621,0.7764,0.77486,0.77598,0.77621,0.77563,0.77541,0.77563,0.77621,0.77563,0.77541,0.77563,0.77621,0.77563,0.77541,0.77563,0.77621,0.77563,0.77541,0.77563,0.77621,0.77563,0.77541,0.77563,0.77621,0.77563,0.77541,0.77563,0.77621,0.77563,0.77541,0.77563,0.77621,0.77563,0.77541,0.77563,0.77621,0.77563,0.77541,0.77563,0.77621,0.77563,0.77541,0.77563,0.77621,0.77563,0.77541,0.77563,0.77621,0.77563,0.77541,0.77563,0.77621,0.77563,0.77541,0.77563,0.77621,0.77563,0.77541,0.77563,0.77621,0.77563,0.77541,0.77563,0.77621,0.77563,0.77541,0.77563,0.77621,0.77563,0.77541,0.77563,0.77621,0.77563,0.77541,0.77563,0.77621,0.77563,0.77541,0.77563,0.77621,0.77563,0.77541,0.77563,0.77621,0.77563,0.77541,0.77563,0.77621,0.77563,0.77541,0.77563,0.77621,0.77563,0.77541,0.77563,0.77621,0.77563,0.77541,0.77563,0.77621,0.77563,0.77541,0.77563,0.77621,0.77563,0.77541,0.7765,0.77621,0.7738,0.78074,0.77061,0.77621,0.7866,0.755,0.79631,0.77621,0.73256,0.8791,0.60596
0.8332,0.89738,0.77555,0.86069,0.8332,0.81862,0.84712,0.82585,0.8332,0.83602,0.82991,0.83416,0.8332,0.83257,0.83234,0.83257,0.8332,0.83257,0.83234,0.83257,0.8332,0.83257,0.83234,0.83257,0.8332,0.83257,0.83234,0.83257,0.8332,0.83257,0.83234,0.83257,0.8332,0.83257,0.83234,0.83257,0.8332,0.83257,0.83234,0.83257,0.8332,0.83257,0.83234,0.83257,0.8332,0.83257,0.83234,0.83257,0.8332,0.83257,0.83234,0.83257,0.8332,0.83257,0.83234,0.83257,0.8332,0.83257,0.83234,0.83257,0.8332,0.83257,0.83234,0.83257,0.8332,0.83257,0.83234,0.83257,0.8332,0.83257,0.83234,0.83257,0.8332,0.83257,0.83234,0.83257,0.8332,0.83257,0.83234,0.83257,0.8332,0.83257,0.83234,0.83257,0.8332,0.83257,0.83234,0.83257,0.8332,0.83257,0.83234,0.83257,0.8332,0.83257,0.83234,0.83257,0.8332,0.83257,0.83234,0.83257,0.8332,0.83257,0.83234,0.83257,0.8332,0.83257,0.83234,0.83257,0.8332,0.83257,0.83234,0.83257,0.8332,0.83257,0.83234,0.8334,0.8332,0.83085,0.83739,0.82782,0.8332,0.84295,0.81303,0.85215,0.8332,0.79182,0.93047,0.67202,0.098639,0.041431,0.14861,0.073773,0.098639,0.11087,0.085512,0.10449,0.098639,0.095528,0.10068,0.097169,0.098639,0.098565,0.098537,0.098565,0.098639,0.098565,0.098537,0.098565,0.098639,0.098565,0.098537,0.098565,0.098639,0.098565,0.098537,0.098565,0.098639,0.098565,0.098537,0.098565,0.098639,0.098565,0.098537,0.098565,0.098639,0.098565,0.098537,0.098565,0.098639,0.098565,0.098537,0.098565,0.098639,0.098565,0.098537,0.098565,0.098639,0.098565,0.098537,0.098565,0.098639,0.098565,0.098537,0.098565,0.098639,0.098565,0.098537,0.098565,0.098639,0.098565,0.098537,0.098565,0.098639,0.098565,0.098537,0.098565,0.098639,0.098565,0.098537,0.098565,0.098639,0.098565,0.098537,0.098565,0.098639,0.098565,0.098537,0.098565,0.098639,0.098565,0.098537,0.098565,0.098639,0.098565,0.098537,0.098565,0.098639,0.098565,0.098537,0.098565,0.098639,0.098565,0.098537,0.098565,0.098639,0.098565,0.098537,0.098565,0.098639,0.098565,0.098537,0.098565,0.098639,0.098565,0.098537,0.098565,0.098639,0.098565,0.098537,0.098565,0.098639,0.098565,0.098537,0.098676,0.098639,0.098333,0.099215,0.097927,0.098639,0.099959,0.095944,0.10119,0.098639,0.093092,0.11171,0.077005
0.53015,0.57099,0.49347,0.54764,0.53015,0.52087,0.539,0.52547,0.53015,0.53194,0.52806,0.53076,0.53015,0.52975,0.5296,0.52975,0.53015,0.52975,0.5296,0.52975,0.53015,0.52975,0.5296,0.52975,0.53015,0.52975,0.5296,0.52975,0.53015,0.52975,0.5296,0.52975,0.53015,0.52975,0.5296,0.52975,0.53015,0.52975,0.5296,0.52975,0.53015,0.52975,0.5296,0.52975,0.53015,0.52975,0.5296,0.52975,0.53015,0.52975,0.5296,0.52975,0.53015,0.52975,0.5296,0.52975,0.53015,0.52975,0.5296,0.52975,0.53015,0.52975,0.5296,0.52975,0.53015,0.52975,0.5296,0.52975,0.53015,0.52975,0.5296,0.52975,0.53015,0.52975,0.5296,0.52975,0.53015,0.52975,0.5296,0.52975,0.53015,0.52975,0.5296,0.52975,0.53015,0.52975,0.5296,0.52975,0.53015,0.52975,0.5296,0.52975,0.53015,0.52975,0.5296,0.52975,0.53015,0.52975,0.5296,0.52975,0.53015,0.52975,0.5296,0.52975,0.53015,0.52975,0.5296,0.52975,0.53015,0.52975,0.5296,0.52975,0.53015,0.52975,0.5296,0.52944,0.53015,0.53041,0.52768,0.53156,0.53015,0.5258,0.53695,0.5223,0.53015,0.54526,0.49226,0.59086,0.80971,0.83085,0.78982,0.81854,0.80971,0.80442,0.81383,0.80684,0.80971,0.81026,0.80806,0.80963,0.80971,0.8091,0.80888,0.8091,0.80971,0.8091,0.80888,0.8091,0.80971,0.8091,0.80888,0.8091,0.80971,0.8091,0.80888,0.8091,0.80971,0.8091,0.80888,0.8091,0.80971,0.8091,0.80888,0.8091,0.80971,0.8091,0.80888,0.8091,0.80971,0.8091,0.80888,0.8091,0.80971,0.8091,0.80888,0.8091,0.80971,0.8091,0.80888,0.8091,0.80971,0.8091,0.80888,0.8091,0.80971,0.8091,0.80888,0.8091,0.80971,0.8091,0.80888,0.8091,0.80971,0.8091,0.80888,0.8091,0.80971,0.8091,0.80888,0.8091,0.80971,0.8091,0.80888,0.8091,0.80971,0.8091,0.80888,0.8091,0.80971,0.8091,0.80888,0.8091,0.80971,0.8091,0.80888,0.8091,0.80971,0.8091,0.80888,0.8091,0.80971,0.8091,0.80888,0.8091,0.80971,0.8091,0.80888,0.8091,0.80971,0.8091,0.80888,0.8091,0.80971,0.8091,0.80888,0.8091,0.80971,0.8091,0.80888,0.8091,0.80971,0.8091,0.80888,0.81002,0.80971,0.8072,0.81444,0.80387,0.80971,0.82055,0.78759,0.83068,0.80971,0.76418,0.91705,0.63212
0.77428,0.83392,0.7207,0.79982,0.77428,0.76073,0.78721,0.76744,0.77428,0.77689,0.77122,0.77516,0.77428,0.77369,0.77348,0.77369,0.77428,0.77369,0.77348,0.77369,0.77428,0.77369,0.77348,0.77369,0.77428,0.77369,0.77348,0.77369,0.77428,0.77369,0.77348,0.77369,0.77428,0.77369,0.77348,0.77369,0.77428,0.77369,0.77348,0.77369,0.77428,0.77369,0.77348,0.77369,0.77428,0.77369,0.77348,0.77369,0.77428,0.77369,0.77348,0.77369,0.77428,0.77369,0.77348,0.77369,0.77428,0.77369,0.77348,0.77369,0.77428,0.77369,0.77348,0.77369,0.77428,0.77369,0.77348,0.77369,0.77428,0.77369,0.77348,0.77369,0.77428,0.77369,0.77348,0.77369,0.77428,0.77369,0.77348,0.77369,0.77428,0.77369,0.77348,0.77369,0.77428,0.77369,0.77348,0.77369,0.77428,0.77369,0.77348,0.77369,0.77428,0.77369,0.77348,0.77369,0.77428,0.77369,0.77348,0.77369,0.77428,0.77369,0.77348,0.77369,0.77428,0.77369,0.77348,0.77369,0.77428,0.77369,0.77348,0.77369,0.77428,0.77369,0.77348,0.77395,0.77428,0.77316,0.77504,0.77222,0.77428,0.77692,0.76748,0.77977,0.77428,0.76103,0.80396,0.72381,0.54606,0.5279,0.56106,0.53795,0.54606,0.54947,0.54145,0.54749,0.54606,0.54471,0.54616,0.54522,0.54606,0.54565,0.5455,0.54565,0.54606,0.54565,0.5455,0.54565,0.54606,0.54565,0.5455,0.54565,0.54606,0.54565,0.5455,0.54565,0.54606,0.54565,0.5455,0.54565,0.54606,0.54565,0.5455,0.54565,0.54606,0.54565,0.5455,0.54565,0.54606,0.54565,0.5455,0.54565,0.54606,0.54565,0.5455,0.54565,0.54606,0.54565,0.5455,0.54565,0.54606,0.54565,0.5455,0.54565,0.54606,0.54565,0.5455,0.54565,0.54606,0.54565,0.5455,0.54565,0.54606,0.54565,0.5455,0.54565,0.54606,0.54565,0.5455,0.54565,0.54606,0.54565,0.5455,0.54565,0.54606,0.54565,0.5455,0.54565,0.54606,0.54565,0.5455,0.54565,0.54606,0.54565,0.5455,0.54565,0.54606,0.54565,0.5455,0.54565,0.54606,0.54565,0.5455,0.54565,0.54606,0.54565,0.5455,0.54565,0.54606,0.54565,0.5455,0.54565,0.54606,0.54565,0.5455,0.54565,0.54606,0.54565,0.5455,0.54565,0.54606,0.54565,0.5455,0.54627,0.54606,0.54437,0.54925,0.54212,0.54606,0.55337,0.53114,0.5602,0.54606,0.51536,0.61845,0.4263
0.6113,0.65838,0.569,0.63147,0.6113,0.6006,0.62151,0.6059,0.6113,0.61336,0.60888,0.612,0.6113,0.61084,0.61067,0.61084,0.6113,0.61084,0.61067,0.61084,0.6113,0.61084,0.61067,0.61084,0.6113,0.61084,0.61067,0.61084,0.6113,0.61084,0.61067,0.61084,0.6113,0.61084,0.61067,0.61084,0.6113,0.61084,0.61067,0.61084,0.6113,0.61084,0.61067,0.61084,0.6113,0.61084,0.61067,0.61084,0.6113,0.61084,0.61067,0.61084,0.6113,0.61084,0.61067,0.61084,0.6113,0.61084,0.61067,0.61084,0.6113,0.61084,0.61067,0.61084,0.6113,0.61084,0.61067,0.61084,0.6113,0.61084,0.61067,0.61084,0.6113,0.61084,0.61067,0.61084,0.6113,0.61084,0.61067,0.61084,0.6113,0.61084,0.61067,0.61084,0.6113,0.61084,0.61067,0.61084,0.6113,0.61084,0.61067,0.61084,0.6113,0.61084,0.61067,0.61084,0.6113,0.61084,0.61067,0.61084,0.6113,0.61084,0.61067,0.61084,0.6113,0.61084,0.61067,0.61084,0.6113,0.61084,0.61067,0.61084,0.6113,0.61084,0.61067,0.61063,0.6113,0.61126,0.60941,0.61202,0.6113,0.60826,0.61546,0.60597,0.6113,0.62096,0.58629,0.65071,0.79373,0.80732,0.78048,0.79929,0.79373,0.79008,0.79615,0.79166,0.79373,0.79389,0.79238,0.79348,0.79373,0.79314,0.79291,0.79314,0.79373,0.79314,0.79291,0.79314,0.79373,0.79314,0.79291,0.79314,0.79373,0.79314,0.79291,0.79314,0.79373,0.79314,0.79291,0.79314,0.79373,0.79314,0.79291,0.79314,0.79373,0.79314,0.79291,0.79314,0.79373,0.79314,0.79291,0.79314,0.79373,0.79314,0.79291,0.79314,0.79373,0.79314,0.79291,0.79314,0.79373,0.79314,0.79291,0.79314,0.79373,0.79314,0.79291,0.79314,0.79373,0.79314,0.79291,0.79314,0.79373,0.79314,0.79291,0.79314,0.79373,0.79314,0.79291,0.79314,0.79373,0.79314,0.79291,0.79314,0.79373,0.79314,0.79291,0.79314,0.79373,0.79314,0.79291,0.79314,0.79373,0.79314,0.79291,0.79314,0.79373,0.79314,0.79291,0.79314,0.79373,0.79314,0.79291,0.79314,0.79373,0.79314,0.79291,0.79314,0.79373,0.79314,0.79291,0.79314,0.79373,0.79314,0.79291,0.79314,0.79373,0.79314,0.79291,0.79314,0.79373,0.79314,0.79291,0.79403,0.79373,0.79127,0.79837,0.788,0.79373,0.80435,0.77205,0.81429,0.79373,0.7491,0.89895,0.61964
0.10711,0.11536,0.099698,0.11064,0.10711,0.10524,0.1089,0.10616,0.10711,0.10747,0.10669,0.10723,0.10711,0.10703,0.107,0.10703,0.10711,0.10703,0.107,0.10703,0.10711,0.10703,0.107,0.10703,0.10711,0.10703,0.107,0.10703,0.10711,0.10703,0.107,0.10703,0.10711,0.10703,0.107,0.10703,0.10711,0.10703,0.107,0.10703,0.10711,0.10703,0.107,0.10703,0.10711,0.10703,0.107,0.10703,0.10711,0.10703,0.107,0.10703,0.10711,0.10703,0.107,0.10703,0.10711,0.10703,0.107,0.10703,0.10711,0.10703,0.107,0.10703,0.10711,0.10703,0.107,0.10703,0.10711,0.10703,0.107,0.10703,0.10711,0.10703,0.107,0.10703,0.10711,0.10703,0.107,0.10703,0.10711,0.10703,0.107,0.10703,0.10711,0.10703,0.107,0.10703,0.10711,0.10703,0.107,0.10703,0.10711,0.10703,0.107,0.10703,0.10711,0.10703,0.107,0.10703,0.10711,0.10703,0.107,0.10703,0.10711,0.10703,0.107,0.10703,0.10711,0.10703,0.107,0.10703,0.10711,0.10703,0.107,0.10613,0.10711,0.10889,0.10155,0.11215,0.10711,0.095829,0.12784,0.085909,0.10711,0.151,0.0011233,0.28026,0.89966,0.96062,0.8447,0.92572,0.89966,0.8857,0.91278,0.89258,0.89966,0.90225,0.89642,0.90048,0.89966,0.89898,0.89872,0.89898,0.89966,0.89898,0.89872,0.89898,0.89966,0.89898,0.89872,0.89898,0.89966,0.89898,0.89872,0.89898,0.89966,0.89898,0.89872,0.89898,0.89966,0.89898,0.89872,0.89898,0.89966,0.89898,0.89872,0.89898,0.89966,0.89898,0.89872,0.89898,0.89966,0.89898,0.89872,0.89898,0.89966,0.89898,0.89872,0.89898,0.89966,0.89898,0.89872,0.89898,0.89966,0.89898,0.89872,0.89898,0.89966,0.89898,0.89872,0.89898,0.89966,0.89898,0.89872,0.89898,0.89966,0.89898,0.89872,0.89898,0.89966,0.89898,0.89872,0.89898,0.89966,0.89898,0.89872,0.89898,0.89966,0.89898,0.89872,0.89898,0.89966,0.89898,0.89872,0.89898,0.89966,0.89898,0.89872,0.89898,0.89966,0.89898,0.89872,0.89898,0.89966,0.89898,0.89872,0.89898,0.89966,0.89898,0.89872,0.89898,0.89966,0.89898,0.89872,0.89898,0.89966,0.89898,0.89872,0.89898,0.89966,0.89898,0.89872,0.89999,0.89966,0.89686,0.90491,0.89316,0.89966,0.91169,0.87507,0.92295,0.89966,0.84907,1.0189,0.70233
0.83382,0.89804,0.77612,0.86133,0.83382,0.81923,0.84774,0.82646,0.83382,0.83664,0.83053,0.83477,0.83382,0.83319,0.83296,0.83319,0.83382,0.83319,0.83296,0.83319,0.83382,0.83319,0.83296,0.83319,0.83382,0.83319,0.83296,0.83319,0.83382,0.83319,0.83296,0.83319,0.83382,0.83319,0.83296,0.83319,0.83382,0.83319,0.83296,0.83319,0.83382,0.83319,0.83296,0.83319,0.83382,0.83319,0.83296,0.83319,0.83382,0.83319,0.83296,0.83319,0.83382,0.83319,0.83296,0.83319,0.83382,0.83319,0.83296,0.83319,0.83382,0.83319,0.83296,0.83319,0.83382,0.83319,0.83296,0.83319,0.83382,0.83319,0.83296,0.83319,0.83382,0.83319,0.83296,0.83319,0.83382,0.83319,0.83296,0.83319,0.83382,0.83319,0.83296,0.83319,0.83382,0.83319,0.83296,0.83319,0.83382,0.83319,0.83296,0.83319,0.83382,0.83319,0.83296,0.83319,0.83382,0.83319,0.83296,0.83319,0.83382,0.83319,0.83296,0.83319,0.83382,0.83319,0.83296,0.83319,0.83382,0.83319,0.83296,0.83319,0.83382,0.83319,0.83296,0.83319,0.83382,0.83319,0.83296,0.83319,0.83382,0.83319,0.83296,0.83319,0.83382,0.83319,0.83296,0.83319,0.83382,0.83319,0.83296,0.83319,0.83382,0.83319,0.83296,0.83319,0.83382,0.83319,0.83296,0.83319,0.83382,0.83319,0.83296,0.83319,0.83382,0.83319,0.83296,0.83319,0.83382,0.83319,0.83296,0.83319,0.83382,0.83319,0.83296,0.83319,0.83382,0.83319,0.83296,0.83319,0.83382,0.83319,0.83296,0.83319,0.83382,0.83319,0.83296,0.83319,0.83382,0.83319,0.83296,0.83319,0.83382,0.83319,0.83296,0.83319,0.83382,0.83319,0.83296,0.83319,0.83382,0.83319,0.83296,0.83319,0.83382,0.83319,0.83296,0.83319,0.83382,0.83319,0.83296,0.83319,0.83382,0.83319,0.83296,0.83319,0.83382,0.83319,0.83296,0.83319,0.83382,0.83319,0.83296,0.83319,0.83382,0.83319,0.83296,0.83319,0.83382,0.83319,0.83296,0.83319,0.83382,0.83319,0.83296,0.83319,0.83382,0.83319,0.83296,0.83319,0.83382,0.83319,0.83296,0.83319,0.83382,0.83319,0.83296,0.83319,0.83382,0.83319,0.83296,0.83319,0.83382,0.83319,0.83296,0.83319,0.83382,0.83319,0.83296,0.83319,0.83382,0.83319,0.83296,0.83413,0.83382,0.83123,0.83869,0.8278,0.83382,0.84497,0.81103,0.85541,0.83382,0.78693,0.94435,0.65094
0.85622,0.92217,0.79697,0.88447,0.85622,0.84123,0.87051,0.84866,0.85622,0.85911,0.85284,0.8572,0.85622,0.85557,0.85533,0.85557,0.85622,0.85557,0.85533,0.85557,0.85622,0.85557,0.85533,0.85557,0.85622,0.85557,0.85533,0.85557,0.85622,0.85557,0.85533,0.85557,0.85622,0.85557,0.85533,0.85557,0.85622,0.85557,0.85533,0.85557,0.85622,0.85557,0.85533,0.85557,0.85622,0.85557,0.85533,0.85557,0.85622,0.85557,0.85533,0.85557,0.85622,0.85557,0.85533,0.85557,0.85622,0.85557,0.85533,0.85557,0.85622,0.85557,0.85533,0.85557,0.85622,0.85557,0.85533,0.85557,0.85622,0.85557,0.85533,0.85557,0.85622,0.85557,0.85533,0.85557,0.85622,0.85557,0.85533,0.85557,0.85622,0.85557,0.85533,0.85557,0.85622,0.85557,0.85533,0.85557,0.85622,0.85557,0.85533,0.85557,0.85622,0.85557,0.85533,0.85557,0.85622,0.85557,0.85533,0.85557,0.85622,0.85557,0.85533,0.85557,0.85622,0.85557,0.85533,0.85557,0.85622,0.85557,0.85533,0.85557,0.85622,0.85557,0.85533,0.85557,0.85622,0.85557,0.85533,0.85557,0.85622,0.85557,0.85533,0.85557,0.85622,0.85557,0.85533,0.85557,0.85622,0.85557,0.85533,0.85557,0.85622,0.85557,0.85533,0.85557,0.85622,0.85557,0.85533,0.85557,0.85622,0.85557,0.85533,0.85557,0.85622,0.85557,0.85533,0.85557,0.85622,0.85557,0.85533,0.85557,0.85622,0.85557,0.85533,0.85557,0.85622,0.85557,0.85533,0.85557,0.85622,0.85557,0.85533,0.85557,0.85622,0.85557,0.85533,0.85557,0.85622,0.85557,0.85533,0.85557,0.85622,0.85557,0.85533,0.85557,0.85622,0.85557,0.85533,0.85557,0.85622,0.85557,0.85533,0.85557,0.85622,0.85557,0.85533,0.85557,0.85622,0.85557,0.85533,0.85557,0.85622,0.85557,0.85533,0.85557,0.85622,0.85557,0.85533,0.85557,0.85622,0.85557,0.85533,0.85557,0.85622,0.85557,0.85533,0.85557,0.85622,0.85557,0.85533,0.85557,0.85622,0.85557,0.85533,0.85557,0.85622,0.85557,0.85533,0.85557,0.85622,0.85557,0.85533,0.85557,0.85622,0.85557,0.85533,0.85557,0.85622,0.85557,0.85533,0.85557,0.85622,0.85557,0.85533,0.85557,0.85622,0.85557,0.85533,0.85557,0.85622,0.85557,0.85533,0.85654,0.85622,0.85356,0.86121,0.85003,0.85622,0.86767,0.83282,0.87839,0.85622,0.80807,0.96971,0.66842
0.84229,0.90717,0.78401,0.87008,0.84229,0.82755,0.85636,0.83486,0.84229,0.84514,0.83897,0.84326,0.84229,0.84166,0.84142,0.84166,0.84229,0.84166,0.84142,0.84166,0.84229,0.84166,0.84142,0.84166,0.84229,0.84166,0.84142,0.84166,0.84229,0.84166,0.84142,0.84166,0.84229,0.84166,0.84142,0.84166,0.84229,0.84166,0.84142,0.84166,0.84229,0.84166,0.84142,0.84166,0.84229,0.84166,0.84142,0.84166,0.84229,0.84166,0.84142,0.84166,0.84229,0.84166,0.84142,0.84166,0.84229,0.84166,0.84142,0.84166,0.84229,0.84166,0.84142,0.84166,0.84229,0.84166,0.84142,0.84166,0.84229,0.84166,0.84142,0.84166,0.84229,0.84166,0.84142,0.84166,0.84229,0.84166,0.84142,0.84166,0.84229,0.84166,0.84142,0.84166,0.84229,0.84166,0.84142,0.84166,0.84229,0.84166,0.84142,0.84166,0.84229,0.84166,0.84142,0.84166,0.84229,0.84166,0.84142,0.84166,0.84229,0.84166,0.84142,0.84166,0.84229,0.84166,0.84142,0.84166,0.84229,0.84166,0.84142,0.84166,0.84229,0.84166,0.84142,0.84166,0.84229,0.84166,0.84142,0.84166,0.84229,0.84166,0.84142,0.84166,0.84229,0.84166,0.84142,0.84166,0.84229,0.84166,0.84142,0.84166,0.84229,0.84166,0.84142,0.84166,0.84229,0.84166,0.84142,0.84166,0.84229,0.84166,0.84142,0.84166,0.84229,0.84166,0.84142,0.84166,0.84229,0.84166,0.84142,0.84166,0.84229,0.84166,0.84142,0.84166,0.84229,0.84166,0.84142,0.84166,0.84229,0.84166,0.84142,0.84166,0.84229,0.84166,0.84142,0.84166,0.84229,0.84166,0.84142,0.84166,0.84229,0.84166,0.84142,0.84166,0.84229,0.84166,0.84142,0.84166,0.84229,0.84166,0.84142,0.84166,0.84229,0.84166,0.84142,0.84166,0.84229,0.84166,0.84142,0.84166,0.84229,0.84166,0.84142,0.84166,0.84229,0.84166,0.84142,0.84166,0.84229,0.84166,0.84142,0.84166,0.84229,0.84166,0.84142,0.84166,0.84229,0.84166,0.84142,0.84166,0.84229,0.84166,0.84142,0.84166,0.84229,0.84166,0.84142,0.84166,0.84229,0.84166,0.84142,0.84166,0.84229,0.84166,0.84142,0.84166,0.84229,0.84166,0.84142,0.84166,0.84229,0.84166,0.84142,0.84166,0.84229,0.84166,0.84142,0.84166,0.84229,0.84166,0.84142,0.84261,0.84229,0.83968,0.84721,0.83621,0.84229,0.85356,0.81928,0.8641,0.84229,0.79493,0.95394,0.65755
0.78209,0.84233,0.72797,0.80789,0.78209,0.7684,0.79515,0.77518,0.78209,0.78473,0.779,0.78298,0.78209,0.7815,0.78128,0.7815,0.78209,0.7815,0.78128,0.7815,0.78209,0.7815,0.78128,0.7815,0.78209,0.7815,0.78128,0.7815,0.78209,0.7815,0.78128,0.7815,0.78209,0.7815,0.78128,0.7815,0.78209,0.7815,0.78128,0.7815,0.78209,0.7815,0.78128,0.7815,0.78209,0.7815,0.78128,0.7815,0.78209,0.7815,0.78128,0.7815,0.78209,0.7815,0.78128,0.7815,0.78209,0.7815,0.78128,0.7815,0.78209,0.7815,0.78128,0.7815,0.78209,0.7815,0.78128,0.7815,0.78209,0.7815,0.78128,0.7815,0.78209,0.7815,0.78128,0.7815,0.78209,0.7815,0.78128,0.7815,0.78209,0.7815,0.78128,0.7815,0.78209,0.7815,0.78128,0.7815,0.78209,0.7815,0.78128,0.7815,0.78209,0.7815,0.78128,0.7815,0.78209,0.7815,0.78128,0.7815,0.78209,0.7815,0.78128,0.7815,0.78209,0.7815,0.78128,0.7815,0.78209,0.7815,0.78128,0.7815,0.78209,0.7815,0.78128,0.7815,0.78209,0.7815,0.78128,0.7815,0.78209,0.7815,0.78128,0.7815,0.78209,0.7815,0.78128,0.7815,0.78209,0.7815,0.78128,0.7815,0.78209,0.7815,0.78128,0.7815,0.78209,0.7815,0.78128,0.7815,0.78209,0.7815,0.78128,0.7815,0.78209,0.7815,0.78128,0.7815,0.78209,0.7815,0.78128,0.7815,0.78209,0.7815,0.78128,0.7815,0.78209,0.7815,0.78128,0.7815,0.78209,0.7815,0.78128,0.7815,0.78209,0.7815,0.78128,0.7815,0.78209,0.7815,0.78128,0.7815,0.78209,0.7815,0.78128,0.7815,0.78209,0.7815,0.78128,0.7815,0.78209,0.7815,0.78128,0.7815,0.78209,0.7815,0.78128,0.7815,0.78209,0.7815,0.78128,0.7815,0.78209,0.7815,0.78128,0.7815,0.78209,0.7815,0.78128,0.7815,0.78209,0.7815,0.78128,0.7815,0.78209,0.7815,0.78128,0.7815,0.78209,0.7815,0.78128,0.7815,0.78209,0.7815,0.78128,0.7815,0.78209,0.7815,0.78128,0.7815,0.78209,0.7815,0.78128,0.7815,0.78209,0.7815,0.78128,0.7815,0.78209,0.7815,0.78128,0.7815,0.78209,0.7815,0.78128,0.7815,0.78209,0.7815,0.78128,0.7815,0.78209,0.7815,0.78128,0.78238,0.78209,0.77966,0.78665,0.77644,0.78209,0.79255,0.76072,0.80234,0.78209,0.73811,0.88576,0.61055
0.65277,0.70305,0.6076,0.67431,0.65277,0.64135,0.66367,0.64701,0.65277,0.65498,0.65019,0.65352,0.65277,0.65228,0.65209,0.65228,0.65277,0.65228,0.65209,0.65228,0.65277,0.65228,0.65209,0.65228,0.65277,0.65228,0.65209,0.65228,0.65277,0.65228,0.65209,0.65228,0.65277,0.65228,0.65209,0.65228,0.65277,0.65228,0.65209,0.65228,0.65277,0.65228,0.65209,0.65228,0.65277,0.65228,0.65209,0.65228,0.65277,0.65228,0.65209,0.65228,0.65277,0.65228,0.65209,0.65228,0.65277,0.65228,0.65209,0.65228,0.65277,0.65228,0.65209,0.65228,0.65277,0.65228,0.65209,0.65228,0.65277,0.65228,0.65209,0.65228,0.65277,0.65228,0.65209,0.65228,0.65277,0.65228,0.65209,0.65228,0.65277,0.65228,0.65209,0.65228,0.65277,0.65228,0.65209,0.65228,0.65277,0.65228,0.65209,0.65228,0.65277,0.65228,0.65209,0.65228,0.65277,0.65228,0.65209,0.65228,0.65277,0.65228,0.65209,0.65228,0.65277,0.65228,0.65209,0.65228,0.65277,0.65228,0.65209,0.65228,0.65277,0.65228,0.65209,0.65207,0.65277,0.65271,0.65083,0.65346,0.65277,0.64968,0.65692,0.64739,0.65277,0.66246,0.62758,0.69239,0.83631,0.84995,0.82293,0.84187,0.83631,0.8326,0.8387,0.83419,0.83631,0.83643,0.83491,0.83602,0.83631,0.83567,0.83544,0.83567,0.83631,0.83567,0.83544,0.83567,0.83631,0.83567,0.83544,0.83567,0.83631,0.83567,0.83544,0.83567,0.83631,0.83567,0.83544,0.83567,0.83631,0.83567,0.83544,0.83567,0.83631,0.83567,0.83544,0.83567,0.83631,0.83567,0.83544,0.83567,0.83631,0.83567,0.83544,0.83567,0.83631,0.83567,0.83544,0.83567,0.83631,0.83567,0.83544,0.83567,0.83631,0.83567,0.83544,0.83567,0.83631,0.83567,0.83544,0.83567,0.83631,0.83567,0.83544,0.83567,0.83631,0.83567,0.83544,0.83567,0.83631,0.83567,0.83544,0.83567,0.83631,0.83567,0.83544,0.83567,0.83631,0.83567,0.83544,0.83567,0.83631,0.83567,0.83544,0.83567,0.83631,0.83567,0.83544,0.83567,0.83631,0.83567,0.83544,0.83567,0.83631,0.83567,0.83544,0.83567,0.83631,0.83567,0.83544,0.83567,0.83631,0.83567,0.83544,0.83567,0.83631,0.83567,0.83544,0.83567,0.83631,0.83567,0.83544,0.83662,0.83631,0.83371,0.84119,0.83027,0.83631,0.84749,0.81345,0.85796,0.83631,0.78928,0.94716,0.65288
0.88934,0.95784,0.8278,0.91868,0.88934,0.87378,0.90419,0.88149,0.88934,0.89234,0.88583,0.89036,0.88934,0.88867,0.88842,0.88867,0.88934,0.88867,0.88842,0.88867,0.88934,0.88867,0.88842,0.88867,0.88934,0.88867,0.88842,0.88867,0.88934,0.88867,0.88842,0.88867,0.88934,0.88867,0.88842,0.88867,0.88934,0.88867,0.88842,0.88867,0.88934,0.88867,0.88842,0.88867,0.88934,0.88867,0.88842,0.88867,0.88934,0.88867,0.88842,0.88867,0.88934,0.88867,0.88842,0.88867,0.88934,0.88867,0.88842,0.88867,0.88934,0.88867,0.88842,0.88867,0.88934,0.88867,0.88842,0.88867,0.88934,0.88867,0.88842,0.88867,0.88934,0.88867,0.88842,0.88867,0.88934,0.88867,0.88842,0.88867,0.88934,0.88867,0.88842,0.88867,0.88934,0.88867,0.88842,0.88867,0.88934,0.88867,0.88842,0.88867,0.88934,0.88867,0.88842,0.88867,0.88934,0.88867,0.88842,0.88867,0.88934,0.88867,0.88842,0.88867,0.88934,0.88867,0.88842,0.88867,0.88934,0.88867,0.88842,0.88867,0.88934,0.88867,0.88842,0.88928,0.88934,0.8874,0.89213,0.88517,0.88934,0.89631,0.87421,0.90307,0.88934,0.85868,0.96063,0.77052,0.3488,0.30649,0.38528,0.33029,0.3488,0.35759,0.33885,0.3529,0.3488,0.3463,0.35001,0.34751,0.3488,0.34853,0.34844,0.34853,0.3488,0.34853,0.34844,0.34853,0.3488,0.34853,0.34844,0.34853,0.3488,0.34853,0.34844,0.34853,0.3488,0.34853,0.34844,0.34853,0.3488,0.34853,0.34844,0.34853,0.3488,0.34853,0.34844,0.34853,0.3488,0.34853,0.34844,0.34853,0.3488,0.34853,0.34844,0.34853,0.3488,0.34853,0.34844,0.34853,0.3488,0.34853,0.34844,0.34853,0.3488,0.34853,0.34844,0.34853,0.3488,0.34853,0.34844,0.34853,0.3488,0.34853,0.34844,0.34853,0.3488,0.34853,0.34844,0.34853,0.3488,0.34853,0.34844,0.34853,0.3488,0.34853,0.34844,0.34853,0.3488,0.34853,0.34844,0.34853,0.3488,0.34853,0.34844,0.34853,0.3488,0.34853,0.34844,0.34853,0.3488,0.34853,0.34844,0.34853,0.3488,0.34853,0.34844,0.34853,0.3488,0.34853,0.34844,0.34853,0.3488,0.34853,0.34844,0.34853,0.3488,0.34853,0.34844,0.34853,0.3488,0.34853,0.34844,0.34893,0.3488,0.34772,0.35083,0.34628,0.3488,0.35346,0.33927,0.35783,0.3488,0.32918,0.39503,0.2723
0.87875,0.94644,0.81794,0.90775,0.87875,0.86337,0.89342,0.87099,0.87875,0.88172,0.87528,0.87976,0.87875,0.87809,0.87784,0.87809,0.87875,0.87809,0.87784,0.87809,0.87875,0.87809,0.87784,0.87809,0.87875,0.87809,0.87784,0.87809,0.87875,0.87809,0.87784,0.87809,0.87875,0.87809,0.87784,0.87809,0.87875,0.87809,0.87784,0.87809,0.87875,0.87809,0.87784,0.87809,0.87875,0.87809,0.87784,0.87809,0.87875,0.87809,0.87784,0.87809,0.87875,0.87809,0.87784,0.87809,0.87875,0.87809,0.87784,0.87809,0.87875,0.87809,0.87784,0.87809,0.87875,0.87809,0.87784,0.87809,0.87875,0.87809,0.87784,0.87809,0.87875,0.87809,0.87784,0.87809,0.87875,0.87809,0.87784,0.87809,0.87875,0.87809,0.87784,0.87809,0.87875,0.87809,0.87784,0.87809,0.87875,0.87809,0.87784,0.87809,0.87875,0.87809,0.87784,0.87809,0.87875,0.87809,0.87784,0.87809,0.87875,0.87809,0.87784,0.87809,0.87875,0.87809,0.87784,0.87809,0.87875,0.87809,0.87784,0.87809,0.87875,0.87809,0.87784,0.87809,0.87875,0.87809,0.87784,0.87809,0.87875,0.87809,0.87784,0.87809,0.87875,0.87809,0.87784,0.87809,0.87875,0.87809,0.87784,0.87809,0.87875,0.87809,0.87784,0.87809,0.87875,0.87809,0.87784,0.87809,0.87875,0.87809,0.87784,0.87809,0.87875,0.87809,0.87784,0.87809,0.87875,0.87809,0.87784,0.87809,0.87875,0.87809,0.87784,0.87809,0.87875,0.87809,0.87784,0.87809,0.87875,0.87809,0.87784,0.87809,0.87875,0.87809,0.87784,0.87809,0.87875,0.87809,0.87784,0.87809,0.87875,0.87809,0.87784,0.87809,0.87875,0.87809,0.87784,0.87809,0.87875,0.87809,0.87784,0.87809,0.87875,0.87809,0.87784,0.87809,0.87875,0.87809,0.87784,0.87809,0.87875,0.87809,0.87784,0.87809,0.87875,0.87809,0.87784,0.87809,0.87875,0.87809,0.87784,0.87809,0.87875,0.87809,0.87784,0.87809,0.87875,0.87809,0.87784,0.87809,0.87875,0.87809,0.87784,0.87809,0.87875,0.87809,0.87784,0.87809,0.87875,0.87809,0.87784,0.87809,0.87875,0.87809,0.87784,0.87809,0.87875,0.87809,0.87784,0.87809,0.87875,0.87809,0.87784,0.87809,0.87875,0.87809,0.87784,0.87809,0.87875,0.87809,0.87784,0.87908,0.87875,0.87602,0.88388,0.87241,0.87875,0.89051,0.85474,0.90151,0.87875,0.82934,0.99524,0.68601
0.78326,0.84358,0.72905,0.8091,0.78326,0.76955,0.79633,0.77634,0.78326,0.7859,0.78016,0.78415,0.78326,0.78266,0.78245,0.78266,0.78326,0.78266,0.78245,0.78266,0.78326,0.78266,0.78245,0.78266,0.78326,0.78266,0.78245,0.78266,0.78326,0.78266,0.78245,0.78266,0.78326,0.78266,0.78245,0.78266,0.78326,0.78266,0.78245,0.78266,0.78326,0.78266,0.78245,0.78266,0.78326,0.78266,0.78245,0.78266,0.78326,0.78266,0.78245,0.78266,0.78326,0.78266,0.78245,0.78266,0.78326,0.78266,0.78245,0.78266,0.78326,0.78266,0.78245,0.78266,0.78326,0.78266,0.78245,0.78266,0.78326,0.78266,0.78245,0.78266,0.78326,0.78266,0.78245,0.78266,0.78326,0.78266,0.78245,0.78266,0.78326,0.78266,0.78245,0.78266,0.78326,0.78266,0.78245,0.78266,0.78326,0.78266,0.78245,0.78266,0.78326,0.78266,0.78245,0.78266,0.78326,0.78266,0.78245,0.78266,0.78326,0.78266,0.78245,0.78266,0.78326,0.78266,0.78245,0.78266,0.78326,0.78266,0.78245,0.78266,0.78326,0.78266,0.78245,0.78266,0.78326,0.78266,0.78245,0.78266,0.78326,0.78266,0.78245,0.78266,0.78326,0.78266,0.78245,0.78266,0.78326,0.78266,0.78245,0.78266,0.78326,0.78266,0.78245,0.78266,0.78326,0.78266,0.78245,0.78266,0.78326,0.78266,0.78245,0.78266,0.78326,0.78266,0.78245,0.78266,0.78326,0.78266,0.78245,0.78266,0.78326,0.78266,0.78245,0.78266,0.78326,0.78266,0.78245,0.78266,0.78326,0.78266,0.78245,0.78266,0.78326,0.78266,0.78245,0.78266,0.78326,0.78266,0.78245,0.78266,0.78326,0.78266,0.78245,0.78266,0.78326,0.78266,0.78245,0.78266,0.78326,0.78266,0.78245,0.78266,0.78326,0.78266,0.78245,0.78266,0.78326,0.78266,0.78245,0.78266,0.78326,0.78266,0.78245,0.78266,0.78326,0.78266,0.78245,0.78266,0.78326,0.78266,0.78245,0.78266,0.78326,0.78266,0.78245,0.78266,0.78326,0.78266,0.78245,0.78266,0.78326,0.78266,0.78245,0.78266,0.78326,0.78266,0.78245,0.78266,0.78326,0.78266,0.78245,0.78266,0.78326,0.78266,0.78245,0.78266,0.78326,0.78266,0.78245,0.78266,0.78326,0.78266,0.78245,0.78266,0.78326,0.78266,0.78245,0.78266,0.78326,0.78266,0.78245,0.78355,0.78326,0.78082,0.78783,0.7776,0.78326,0.79373,0.76185,0.80354,0.78326,0.73921,0.88708,0.61146
0.57934,0.62396,0.53925,0.59845,0.57934,0.5692,0.58901,0.57422,0.57934,0.5813,0.57705,0.58,0.57934,0.5789,0.57874,0.5789,0.57934,0.5789,0.57874,0.5789,0.57934,0.5789,0.57874,0.5789,0.57934,0.5789,0.57874,0.5789,0.57934,0.5789,0.57874,0.5789,0.57934,0.5789,0.57874,0.5789,0.57934,0.5789,0.57874,0.5789,0.57934,0.5789,0.57874,0.5789,0.57934,0.5789,0.57874,0.5789,0.57934,0.5789,0.57874,0.5789,0.57934,0.5789,0.57874,0.5789,0.57934,0.5789,0.57874,0.5789,0.57934,0.5789,0.57874,0.5789,0.57934,0.5789,0.57874,0.5789,0.57934,0.5789,0.57874,0.5789,0.57934,0.5789,0.57874,0.5789,0.57934,0.5789,0.57874,0.5789,0.57934,0.5789,0.57874,0.5789,0.57934,0.5789,0.57874,0.5789,0.57934,0.5789,0.57874,0.5789,0.57934,0.5789,0.57874,0.5789,0.57934,0.5789,0.57874,0.5789,0.57934,0.5789,0.57874,0.5789,0.57934,0.5789,0.57874,0.5789,0.57934,0.5789,0.57874,0.5789,0.57934,0.5789,0.57874,0.57862,0.57934,0.5795,0.577,0.58054,0.57934,0.57532,0.5854,0.57215,0.57934,0.59295,0.54491,0.63426,0.83261,0.85168,0.81448,0.84053,0.83261,0.82774,0.83624,0.82993,0.83261,0.83302,0.83101,0.83246,0.83261,0.83198,0.83174,0.83198,0.83261,0.83198,0.83174,0.83198,0.83261,0.83198,0.83174,0.83198,0.83261,0.83198,0.83174,0.83198,0.83261,0.83198,0.83174,0.83198,0.83261,0.83198,0.83174,0.83198,0.83261,0.83198,0.83174,0.83198,0.83261,0.83198,0.83174,0.83198,0.83261,0.83198,0.83174,0.83198,0.83261,0.83198,0.83174,0.83198,0.83261,0.83198,0.83174,0.83198,0.83261,0.83198,0.83174,0.83198,0.83261,0.83198,0.83174,0.83198,0.83261,0.83198,0.83174,0.83198,0.83261,0.83198,0.83174,0.83198,0.83261,0.83198,0.83174,0.83198,0.83261,0.83198,0.83174,0.83198,0.83261,0.83198,0.83174,0.83198,0.83261,0.83198,0.83174,0.83198,0.83261,0.83198,0.83174,0.83198,0.83261,0.83198,0.83174,0.83198,0.83261,0.83198,0.83174,0.83198,0.83261,0.83198,0.83174,0.83198,0.83261,0.83198,0.83174,0.83198,0.83261,0.83198,0.83174,0.83198,0.83261,0.83198,0.83174,0.83292,0.83261,0.83002,0.83747,0.82659,0.83261,0.84374,0.80985,0.85417,0.83261,0.78579,0.94297,0.64999
0.8599,0.92614,0.8004,0.88828,0.8599,0.84485,0.87426,0.85231,0.8599,0.86281,0.85651,0.86089,0.8599,0.85925,0.85901,0.85925,0.8599,0.85925,0.85901,0.85925,0.8599,0.85925,0.85901,0.85925,0.8599,0.85925,0.85901,0.85925,0.8599,0.85925,0.85901,0.85925,0.8599,0.85925,0.85901,0.85925,0.8599,0.85925,0.85901,0.85925,0.8599,0.85925,0.85901,0.85925,0.8599,0.85925,0.85901,0.85925,0.8599,0.85925,0.85901,0.85925,0.8599,0.85925,0.85901,0.85925,0.8599,0.85925,0.85901,0.85925,0.8599,0.85925,0.85901,0.85925,0.8599,0.85925,0.85901,0.85925,0.8599,0.85925,0.85901,0.85925,0.8599,0.85925,0.85901,0.85925,0.8599,0.85925,0.85901,0.85925,0.8599,0.85925,0.85901,0.85925,0.8599,0.85925,0.85901,0.85925,0.8599,0.85925,0.85901,0.85925,0.8599,0.85925,0.85901,0.85925,0.8599,0.85925,0.85901,0.85925,0.8599,0.85925,0.85901,0.85925,0.8599,0.85925,0.85901,0.85925,0.8599,0.85925,0.85901,0.85925,0.8599,0.85925,0.85901,0.85925,0.8599,0.85925,0.85901,0.85925,0.8599,0.85925,0.85901,0.85925,0.8599,0.85925,0.85901,0.85925,0.8599,0.85925,0.85901,0.85925,0.8599,0.85925,0.85901,0.85925,0.8599,0.85925,0.85901,0.85925,0.8599,0.85925,0.85901,0.85925,0.8599,0.85925,0.85901,0.85925,0.8599,0.85925,0.85901,0.85925,0.8599,0.85925,0.85901,0.85925,0.8599,0.85925,0.85901,0.85925,0.8599,0.85925,0.85901,0.85925,0.8599,0.85925,0.85901,0.85925,0.8599,0.85925,0.85901,0.85925,0.8599,0.85925,0.85901,0.85925,0.8599,0.85925,0.85901,0.85925,0.8599,0.85925,0.85901,0.85925,0.8599,0.85925,0.85901,0.85925,0.8599,0.85925,0.85901,0.85925,0.8599,0.85925,0.85901,0.85925,0.8599,0.85925,0.85901,0.85925,0.8599,0.85925,0.85901,0.85925,0.8599,0.85925,0.85901,0.85925,0.8599,0.85925,0.85901,0.85925,0.8599,0.85925,0.85901,0.85925,0.8599,0.85925,0.85901,0.85925,0.8599,0.85925,0.85901,0.85925,0.8599,0.85925,0.85901,0.85925,0.8599,0.85925,0.85901,0.85925,0.8599,0.85925,0.85901,0.85925,0.8599,0.85925,0.85901,0.85925,0.8599,0.85925,0.85901,0.86023,0.8599,0.85723,0.86492,0.8537,0.8599,0.87141,0.83641,0.88217,0.8599,0.81155,0.97389,0.6713
0.56745,0.61116,0.52819,0.58618,0.56745,0.55752,0.57693,0.56244,0.56745,0.56937,0.56521,0.5681,0.56745,0.56702,0.56687,0.56702,0.56745,0.56702,0.56687,0.56702,0.56745,0.56702,0.56687,0.56702,0.56745,0.56702,0.56687,0.56702,0.56745,0.56702,0.56687,0.56702,0.56745,0.56702,0.56687,0.56702,0.56745,0.56702,0.56687,0.56702,0.56745,0.56702,0.56687,0.56702,0.56745,0.56702,0.56687,0.56702,0.56745,0.56702,0.56687,0.56702,0.56745,0.56702,0.56687,0.56702,0.56745,0.56702,0.56687,0.56702,0.56745,0.56702,0.56687,0.56702,0.56745,0.56702,0.56687,0.56702,0.56745,0.56702,0.56687,0.56702,0.56745,0.56702,0.56687,0.56702,0.56745,0.56702,0.56687,0.56702,0.56745,0.56702,0.56687,0.56702,0.56745,0.56702,0.56687,0.56702,0.56745,0.56702,0.56687,0.56702,0.56745,0.56702,0.56687,0.56702,0.56745,0.56702,0.56687,0.56702,0.56745,0.56702,0.56687,0.56702,0.56745,0.56702,0.56687,0.56702,0.56745,0.56702,0.56687,0.56702,0.56745,0.56702,0.56687,0.56675,0.56745,0.56759,0.56522,0.56858,0.56745,0.56363,0.57318,0.56062,0.56745,0.58035,0.53478,0.61953,0.80766,0.82573,0.79045,0.81515,0.80766,0.80302,0.81108,0.80511,0.80766,0.80804,0.80612,0.8075,0.80766,0.80705,0.80682,0.80705,0.80766,0.80705,0.80682,0.80705,0.80766,0.80705,0.80682,0.80705,0.80766,0.80705,0.80682,0.80705,0.80766,0.80705,0.80682,0.80705,0.80766,0.80705,0.80682,0.80705,0.80766,0.80705,0.80682,0.80705,0.80766,0.80705,0.80682,0.80705,0.80766,0.80705,0.80682,0.80705,0.80766,0.80705,0.80682,0.80705,0.80766,0.80705,0.80682,0.80705,0.80766,0.80705,0.80682,0.80705,0.80766,0.80705,0.80682,0.80705,0.80766,0.80705,0.80682,0.80705,0.80766,0.80705,0.80682,0.80705,0.80766,0.80705,0.80682,0.80705,0.80766,0.80705,0.80682,0.80705,0.80766,0.80705,0.80682,0.80705,0.80766,0.80705,0.80682,0.80705,0.80766,0.80705,0.80682,0.80705,0.80766,0.80705,0.80682,0.80705,0.80766,0.80705,0.80682,0.80705,0.80766,0.80705,0.80682,0.80705,0.80766,0.80705,0.80682,0.80705,0.80766,0.80705,0.80682,0.80705,0.80766,0.80705,0.80682,0.80796,0.80766,0.80515,0.81237,0.80182,0.80766,0.81846,0.78559,0.82857,0.80766,0.76224,0.91472,0.63051
0.81217,0.87472,0.75596,0.83896,0.81217,0.79795,0.82573,0.805,0.81217,0.81491,0.80896,0.8131,0.81217,0.81155,0.81133,0.81155,0.81217,0.81155,0.81133,0.81155,0.81217,0.81155,0.81133,0.81155,0.81217,0.81155,0.81133,0.81155,0.81217,0.81155,0.81133,0.81155,0.81217,0.81155,0.81133,0.81155,0.81217,0.81155,0.81133,0.81155,0.81217,0.81155,0.81133,0.81155,0.81217,0.81155,0.81133,0.81155,0.81217,0.81155,0.81133,0.81155,0.81217,0.81155,0.81133,0.81155,0.81217,0.81155,0.81133,0.81155,0.81217,0.81155,0.81133,0.81155,0.81217,0.81155,0.81133,0.81155,0.81217,0.81155,0.81133,0.81155,0.81217,0.81155,0.81133,0.81155,0.81217,0.81155,0.81133,0.81155,0.81217,0.81155,0.81133,0.81155,0.81217,0.81155,0.81133,0.81155,0.81217,0.81155,0.81133,0.81155,0.81217,0.81155,0.81133,0.81155,0.81217,0.81155,0.81133,0.81155,0.81217,0.81155,0.81133,0.81155,0.81217,0.81155,0.81133,0.81155,0.81217,0.81155,0.81133,0.81155,0.81217,0.81155,0.81133,0.81155,0.81217,0.81155,0.81133,0.81155,0.81217,0.81155,0.81133,0.81155,0.81217,0.81155,0.81133,0.81155,0.81217,0.81155,0.81133,0.81155,0.81217,0.81155,0.81133,0.81155,0.81217,0.81155,0.81133,0.81155,0.81217,0.81155,0.81133,0.81155,0.81217,0.81155,0.81133,0.81155,0.81217,0.81155,0.81133,0.81155,0.81217,0.81155,0.81133,0.81155,0.81217,0.81155,0.81133,0.81155,0.81217,0.81155,0.81133,0.81155,0.81217,0.81155,0.81133,0.81155,0.81217,0.81155,0.81133,0.81155,0.81217,0.81155,0.81133,0.81155,0.81217,0.81155,0.81133,0.81155,0.81217,0.81155,0.81133,0.81155,0.81217,0.81155,0.81133,0.81155,0.81217,0.81155,0.81133,0.81155,0.81217,0.81155,0.81133,0.81155,0.81217,0.81155,0.81133,0.81155,0.81217,0.81155,0.81133,0.81155,0.81217,0.81155,0.81133,0.81155,0.81217,0.81155,0.81133,0.81155,0.81217,0.81155,0.81133,0.81155,0.81217,0.81155,0.81133,0.81155,0.81217,0.81155,0.81133,0.81155,0.81217,0.81155,0.81133,0.81155,0.81217,0.81155,0.81133,0.81155,0.81217,0.81155,0.81133,0.81155,0.81217,0.81155,0.81133,0.81155,0.81217,0.81155,0.81133,0.81247,0.81217,0.80964,0.81691,0.8063,0.81217,0.82303,0.78997,0.8332,0.81217,0.7665,0.91982,0.63403
0.77582,0.83558,0.72214,0.80142,0.77582,0.76225,0.78878,0.76897,0.77582,0.77844,0.77276,0.77671,0.77582,0.77524,0.77502,0.77524,0.77582,0.77524,0.77502,0.77524,0.77582,0.77524,0.77502,0.77524,0.77582,0.77524,0.77502,0.77524,0.77582,0.77524,0.77502,0.77524,0.77582,0.77524,0.77502,0.77524,0.77582,0.77524,0.77502,0.77524,0.77582,0.77524,0.77502,0.77524,0.77582,0.77524,0.77502,0.77524,0.77582,0.77524,0.77502,0.77524,0.77582,0.77524,0.77502,0.77524,0.77582,0.77524,0.77502,0.77524,0.77582,0.77524,0.77502,0.77524,0.77582,0.77524,0.77502,0.77524,0.77582,0.77524,0.77502,0.77524,0.77582,0.77524,0.77502,0.77524,0.77582,0.77524,0.77502,0.77524,0.77582,0.77524,0.77502,0.77524,0.77582,0.77524,0.77502,0.77524,0.77582,0.77524,0.77502,0.77524,0.77582,0.77524,0.77502,0.77524,0.77582,0.77524,0.77502,0.77524,0.77582,0.77524,0.77502,0.77524,0.77582,0.77524,0.77502,0.77524,0.77582,0.77524,0.77502,0.77524,0.77582,0.77524,0.77502,0.77524,0.77582,0.77524,0.77502,0.77524,0.77582,0.77524,0.77502,0.77524,0.77582,0.77524,0.77502,0.77524,0.77582,0.77524,0.77502,0.77524,0.77582,0.77524,0.77502,0.77524,0.77582,0.77524,0.77502,0.77524,0.77582,0.77524,0.77502,0.77524,0.77582,0.77524,0.77502,0.77524,0.77582,0.77524,0.77502,0.77524,0.77582,0.77524,0.77502,0.77524,0.77582,0.77524,0.77502,0.77524,0.77582,0.77524,0.77502,0.77524,0.77582,0.77524,0.77502,0.77524,0.77582,0.77524,0.77502,0.77524,0.77582,0.77524,0.77502,0.77524,0.77582,0.77524,0.77502,0.77524,0.77582,0.77524,0.77502,0.77524,0.77582,0.77524,0.77502,0.77524,0.77582,0.77524,0.77502,0.77524,0.77582,0.77524,0.77502,0.77524,0.77582,0.77524,0.77502,0.77524,0.77582,0.77524,0.77502,0.77524,0.77582,0.77524,0.77502,0.77524,0.77582,0.77524,0.77502,0.77524,0.77582,0.77524,0.77502,0.77524,0.77582,0.77524,0.77502,0.77524,0.77582,0.77524,0.77502,0.77524,0.77582,0.77524,0.77502,0.77524,0.77582,0.77524,0.77502,0.77524,0.77582,0.77524,0.77502,0.77524,0.77582,0.77524,0.77502,0.77524,0.77582,0.77524,0.77502,0.77611,0.77582,0.77342,0.78035,0.77022,0.77582,0.7862,0.75462,0.79591,0.77582,0.7322,0.87866,0.60566
0.81427,0.87699,0.75792,0.84114,0.81427,0.80002,0.82787,0.80708,0.81427,0.81702,0.81106,0.8152,0.81427,0.81366,0.81343,0.81366,0.81427,0.81366,0.81343,0.81366,0.81427,0.81366,0.81343,0.81366,0.81427,0.81366,0.81343,0.81366,0.81427,0.81366,0.81343,0.81366,0.81427,0.81366,0.81343,0.81366,0.81427,0.81366,0.81343,0.81366,0.81427,0.81366,0.81343,0.81366,0.81427,0.81366,0.81343,0.81366,0.81427,0.81366,0.81343,0.81366,0.81427,0.81366,0.81343,0.81366,0.81427,0.81366,0.81343,0.81366,0.81427,0.81366,0.81343,0.81366,0.81427,0.81366,0.81343,0.81366,0.81427,0.81366,0.81343,0.81366,0.81427,0.81366,0.81343,0.81366,0.81427,0.81366,0.81343,0.81366,0.81427,0.81366,0.81343,0.81366,0.81427,0.81366,0.81343,0.81366,0.81427,0.81366,0.81343,0.81366,0.81427,0.81366,0.81343,0.81366,0.81427,0.81366,0.81343,0.81366,0.81427,0.81366,0.81343,0.81366,0.81427,0.81366,0.81343,0.81366,0.81427,0.81366,0.81343,0.81366,0.81427,0.81366,0.81343,0.81383,0.81427,0.81331,0.81446,0.81269,0.81427,0.81577,0.8095,0.81764,0.81427,0.80536,0.8334,0.78098,0.66476,0.65263,0.67426,0.65921,0.66476,0.66676,0.66142,0.66546,0.66476,0.66364,0.66451,0.66397,0.66476,0.66426,0.66407,0.66426,0.66476,0.66426,0.66407,0.66426,0.66476,0.66426,0.66407,0.66426,0.66476,0.66426,0.66407,0.66426,0.66476,0.66426,0.66407,0.66426,0.66476,0.66426,0.66407,0.66426,0.66476,0.66426,0.66407,0.66426,0.66476,0.66426,0.66407,0.66426,0.66476,0.66426,0.66407,0.66426,0.66476,0.66426,0.66407,0.66426,0.66476,0.66426,0.66407,0.66426,0.66476,0.66426,0.66407,0.66426,0.66476,0.66426,0.66407,0.66426,0.66476,0.66426,0.66407,0.66426,0.66476,0.66426,0.66407,0.66426,0.66476,0.66426,0.66407,0.66426,0.66476,0.66426,0.66407,0.66426,0.66476,0.66426,0.66407,0.66426,0.66476,0.66426,0.66407,0.66426,0.66476,0.66426,0.66407,0.66426,0.66476,0.66426,0.66407,0.66426,0.66476,0.66426,0.66407,0.66426,0.66476,0.66426,0.66407,0.66426,0.66476,0.66426,0.66407,0.66426,0.66476,0.66426,0.66407,0.66426,0.66476,0.66426,0.66407,0.66501,0.66476,0.66269,0.66864,0.65996,0.66476,0.67365,0.64659,0.68197,0.66476,0.62738,0.75288,0.51896
0.87094,0.93803,0.81068,0.89968,0.87094,0.8557,0.88549,0.86326,0.87094,0.87389,0.86751,0.87194,0.87094,0.87029,0.87004,0.87029,0.87094,0.87029,0.87004,0.87029,0.87094,0.87029,0.87004,0.87029,0.87094,0.87029,0.87004,0.87029,0.87094,0.87029,0.87004,0.87029,0.87094,0.87029,0.87004,0.87029,0.87094,0.87029,0.87004,0.87029,0.87094,0.87029,0.87004,0.87029,0.87094,0.87029,0.87004,0.87029,0.87094,0.87029,0.87004,0.87029,0.87094,0.87029,0.87004,0.87029,0.87094,0.87029,0.87004,0.87029,0.87094,0.87029,0.87004,0.87029,0.87094,0.87029,0.87004,0.87029,0.87094,0.87029,0.87004,0.87029,0.87094,0.87029,0.87004,0.87029,0.87094,0.87029,0.87004,0.87029,0.87094,0.87029,0.87004,0.87029,0.87094,0.87029,0.87004,0.87029,0.87094,0.87029,0.87004,0.87029,0.87094,0.87029,0.87004,0.87029,0.87094,0.87029,0.87004,0.87029,0.87094,0.87029,0.87004,0.87029,0.87094,0.87029,0.87004,0.87029,0.87094,0.87029,0.87004,0.87029,0.87094,0.87029,0.87004,0.87093,0.87094,0.86895,0.87395,0.86661,0.87094,0.87832,0.85509,0.88544,0.87094,0.83874,0.94602,0.74597,0.3022,0.25773,0.34065,0.28277,0.3022,0.31149,0.2918,0.30656,0.3022,0.29962,0.30354,0.30089,0.3022,0.30197,0.30188,0.30197,0.3022,0.30197,0.30188,0.30197,0.3022,0.30197,0.30188,0.30197,0.3022,0.30197,0.30188,0.30197,0.3022,0.30197,0.30188,0.30197,0.3022,0.30197,0.30188,0.30197,0.3022,0.30197,0.30188,0.30197,0.3022,0.30197,0.30188,0.30197,0.3022,0.30197,0.30188,0.30197,0.3022,0.30197,0.30188,0.30197,0.3022,0.30197,0.30188,0.30197,0.3022,0.30197,0.30188,0.30197,0.3022,0.30197,0.30188,0.30197,0.3022,0.30197,0.30188,0.30197,0.3022,0.30197,0.30188,0.30197,0.3022,0.30197,0.30188,0.30197,0.3022,0.30197,0.30188,0.30197,0.3022,0.30197,0.30188,0.30197,0.3022,0.30197,0.30188,0.30197,0.3022,0.30197,0.30188,0.30197,0.3022,0.30197,0.30188,0.30197,0.3022,0.30197,0.30188,0.30197,0.3022,0.30197,0.30188,0.30197,0.3022,0.30197,0.30188,0.30197,0.3022,0.30197,0.30188,0.30197,0.3022,0.30197,0.30188,0.30231,0.3022,0.30126,0.30396,0.30002,0.3022,0.30624,0.29394,0.31002,0.3022,0.2852,0.34226,0.23592
0.84891,0.91429,0.79016,0.87692,0.84891,0.83405,0.86308,0.84141,0.84891,0.85177,0.84555,0.84988,0.84891,0.84827,0.84803,0.84827,0.84891,0.84827,0.84803,0.84827,0.84891,0.84827,0.84803,0.84827,0.84891,0.84827,0.84803,0.84827,0.84891,0.84827,0.84803,0.84827,0.84891,0.84827,0.84803,0.84827,0.84891,0.84827,0.84803,0.84827,0.84891,0.84827,0.84803,0.84827,0.84891,0.84827,0.84803,0.84827,0.84891,0.84827,0.84803,0.84827,0.84891,0.84827,0.84803,0.84827,0.84891,0.84827,0.84803,0.84827,0.84891,0.84827,0.84803,0.84827,0.84891,0.84827,0.84803,0.84827,0.84891,0.84827,0.84803,0.84827,0.84891,0.84827,0.84803,0.84827,0.84891,0.84827,0.84803,0.84827,0.84891,0.84827,0.84803,0.84827,0.84891,0.84827,0.84803,0.84827,0.84891,0.84827,0.84803,0.84827,0.84891,0.84827,0.84803,0.84827,0.84891,0.84827,0.84803,0.84827,0.84891,0.84827,0.84803,0.84827,0.84891,0.84827,0.84803,0.84827,0.84891,0.84827,0.84803,0.84827,0.84891,0.84827,0.84803,0.84827,0.84891,0.84827,0.84803,0.84827,0.84891,0.84827,0.84803,0.84827,0.84891,0.84827,0.84803,0.84827,0.84891,0.84827,0.84803,0.84827,0.84891,0.84827,0.84803,0.84827,0.84891,0.84827,0.84803,0.84827,0.84891,0.84827,0.84803,0.84827,0.84891,0.84827,0.84803,0.84827,0.84891,0.84827,0.84803,0.84827,0.84891,0.84827,0.84803,0.84827,0.84891,0.84827,0.84803,0.84827,0.84891,0.84827,0.84803,0.84827,0.84891,0.84827,0.84803,0.84827,0.84891,0.84827,0.84803,0.84827,0.84891,0.84827,0.84803,0.84827,0.84891,0.84827,0.84803,0.84827,0.84891,0.84827,0.84803,0.84827,0.84891,0.84827,0.84803,0.84827,0.84891,0.84827,0.84803,0.84827,0.84891,0.84827,0.84803,0.84827,0.84891,0.84827,0.84803,0.84827,0.84891,0.84827,0.84803,0.84827,0.84891,0.84827,0.84803,0.84827,0.84891,0.84827,0.84803,0.84827,0.84891,0.84827,0.84803,0.84827,0.84891,0.84827,0.84803,0.84827,0.84891,0.84827,0.84803,0.84827,0.84891,0.84827,0.84803,0.84827,0.84891,0.84827,0.84803,0.84827,0.84891,0.84827,0.84803,0.84827,0.84891,0.84827,0.84803,0.84827,0.84891,0.84827,0.84803,0.84922,0.84891,0.84627,0.85386,0.84278,0.84891,0.86026,0.82571,0.87089,0.84891,0.80117,0.96143,0.66272
0.74503,0.80242,0.69348,0.76961,0.74503,0.73199,0.75747,0.73845,0.74503,0.74755,0.74209,0.74589,0.74503,0.74447,0.74426,0.74447,0.74503,0.74447,0.74426,0.74447,0.74503,0.74447,0.74426,0.74447,0.74503,0.74447,0.74426,0.74447,0.74503,0.74447,0.74426,0.74447,0.74503,0.74447,0.74426,0.74447,0.74503,0.74447,0.74426,0.74447,0.74503,0.74447,0.74426,0.74447,0.74503,0.74447,0.74426,0.74447,0.74503,0.74447,0.74426,0.74447,0.74503,0.74447,0.74426,0.74447,0.74503,0.74447,0.74426,0.74447,0.74503,0.74447,0.74426,0.74447,0.74503,0.74447,0.74426,0.74447,0.74503,0.74447,0.74426,0.74447,0.74503,0.74447,0.74426,0.74447,0.74503,0.74447,0.74426,0.74447,0.74503,0.74447,0.74426,0.74447,0.74503,0.74447,0.74426,0.74447,0.74503,0.74447,0.74426,0.74447,0.74503,0.74447,0.74426,0.74447,0.74503,0.74447,0.74426,0.74447,0.74503,0.74447,0.74426,0.74447,0.74503,0.74447,0.74426,0.74447,0.74503,0.74447,0.74426,0.74447,0.74503,0.74447,0.74426,0.74484,0.74503,0.74371,0.74648,0.74238,0.74503,0.74904,0.73575,0.75309,0.74503,0.72652,0.78749,0.67375,0.42146,0.39598,0.44308,0.41022,0.42146,0.42656,0.41529,0.42376,0.42146,0.41981,0.42197,0.42053,0.42146,0.42114,0.42103,0.42114,0.42146,0.42114,0.42103,0.42114,0.42146,0.42114,0.42103,0.42114,0.42146,0.42114,0.42103,0.42114,0.42146,0.42114,0.42103,0.42114,0.42146,0.42114,0.42103,0.42114,0.42146,0.42114,0.42103,0.42114,0.42146,0.42114,0.42103,0.42114,0.42146,0.42114,0.42103,0.42114,0.42146,0.42114,0.42103,0.42114,0.42146,0.42114,0.42103,0.42114,0.42146,0.42114,0.42103,0.42114,0.42146,0.42114,0.42103,0.42114,0.42146,0.42114,0.42103,0.42114,0.42146,0.42114,0.42103,0.42114,0.42146,0.42114,0.42103,0.42114,0.42146,0.42114,0.42103,0.42114,0.42146,0.42114,0.42103,0.42114,0.42146,0.42114,0.42103,0.42114,0.42146,0.42114,0.42103,0.42114,0.42146,0.42114,0.42103,0.42114,0.42146,0.42114,0.42103,0.42114,0.42146,0.42114,0.42103,0.42114,0.42146,0.42114,0.42103,0.42114,0.42146,0.42114,0.42103,0.42114,0.42146,0.42114,0.42103,0.42162,0.42146,0.42015,0.42392,0.41842,0.42146,0.4271,0.40995,0.43238,0.42146,0.39776,0.47733,0.32902
0.85002,0.91549,0.79119,0.87806,0.85002,0.83514,0.86421,0.84251,0.85002,0.85289,0.84666,0.85099,0.85002,0.84937,0.84914,0.84937,0.85002,0.84937,0.84914,0.84937,0.85002,0.84937,0.84914,0.84937,0.85002,0.84937,0.84914,0.84937,0.85002,0.84937,0.84914,0.84937,0.85002,0.84937,0.84914,0.84937,0.85002,0.84937,0.84914,0.84937,0.85002,0.84937,0.84914,0.84937,0.85002,0.84937,0.84914,0.84937,0.85002,0.84937,0.84914,0.84937,0.85002,0.84937,0.84914,0.84937,0.85002,0.84937,0.84914,0.84937,0.85002,0.84937,0.84914,0.84937,0.85002,0.84937,0.84914,0.84937,0.85002,0.84937,0.84914,0.84937,0.85002,0.84937,0.84914,0.84937,0.85002,0.84937,0.84914,0.84937,0.85002,0.84937,0.84914,0.84937,0.85002,0.84937,0.84914,0.84937,0.85002,0.84937,0.84914,0.84937,0.85002,0.84937,0.84914,0.84937,0.85002,0.84937,0.84914,0.84937,0.85002,0.84937,0.84914,0.84937,0.85002,0.84937,0.84914,0.84937,0.85002,0.84937,0.84914,0.84937,0.85002,0.84937,0.84914,0.84958,0.85002,0.84894,0.85042,0.84817,0.85002,0.85201,0.84424,0.85434,0.85002,0.83904,0.87402,0.80866,0.66376,0.64877,0.67577,0.65697,0.66376,0.66638,0.65977,0.66476,0.66376,0.66249,0.66362,0.66291,0.66376,0.66326,0.66307,0.66326,0.66376,0.66326,0.66307,0.66326,0.66376,0.66326,0.66307,0.66326,0.66376,0.66326,0.66307,0.66326,0.66376,0.66326,0.66307,0.66326,0.66376,0.66326,0.66307,0.66326,0.66376,0.66326,0.66307,0.66326,0.66376,0.66326,0.66307,0.66326,0.66376,0.66326,0.66307,0.66326,0.66376,0.66326,0.66307,0.66326,0.66376,0.66326,0.66307,0.66326,0.66376,0.66326,0.66307,0.66326,0.66376,0.66326,0.66307,0.66326,0.66376,0.66326,0.66307,0.66326,0.66376,0.66326,0.66307,0.66326,0.66376,0.66326,0.66307,0.66326,0.66376,0.66326,0.66307,0.66326,0.66376,0.66326,0.66307,0.66326,0.66376,0.66326,0.66307,0.66326,0.66376,0.66326,0.66307,0.66326,0.66376,0.66326,0.66307,0.66326,0.66376,0.66326,0.66307,0.66326,0.66376,0.66326,0.66307,0.66326,0.66376,0.66326,0.66307,0.66326,0.66376,0.66326,0.66307,0.66326,0.66376,0.66326,0.66307,0.66401,0.66376,0.6617,0.66764,0.65897,0.66376,0.67264,0.64562,0.68095,0.66376,0.62644,0.75175,0.51818
0.81038,0.87279,0.7543,0.83712,0.81038,0.79619,0.82391,0.80322,0.81038,0.81311,0.80718,0.8113,0.81038,0.80976,0.80954,0.80976,0.81038,0.80976,0.80954,0.80976,0.81038,0.80976,0.80954,0.80976,0.81038,0.80976,0.80954,0.80976,0.81038,0.80976,0.80954,0.80976,0.81038,0.80976,0.80954,0.80976,0.81038,0.80976,0.80954,0.80976,0.81038,0.80976,0.80954,0.80976,0.81038,0.80976,0.80954,0.80976,0.81038,0.80976,0.80954,0.80976,0.81038,0.80976,0.80954,0.80976,0.81038,0.80976,0.80954,0.80976,0.81038,0.80976,0.80954,0.80976,0.81038,0.80976,0.80954,0.80976,0.81038,0.80976,0.80954,0.80976,0.81038,0.80976,0.80954,0.80976,0.81038,0.80976,0.80954,0.80976,0.81038,0.80976,0.80954,0.80976,0.81038,0.80976,0.80954,0.80976,0.81038,0.80976,0.80954,0.80976,0.81038,0.80976,0.80954,0.80976,0.81038,0.80976,0.80954,0.80976,0.81038,0.80976,0.80954,0.80976,0.81038,0.80976,0.80954,0.80976,0.81038,0.80976,0.80954,0.80976,0.81038,0.80976,0.80954,0.80976,0.81038,0.80976,0.80954,0.80976,0.81038,0.80976,0.80954,0.80976,0.81038,0.80976,0.80954,0.80976,0.81038,0.80976,0.80954,0.80976,0.81038,0.80976,0.80954,0.80976,0.81038,0.80976,0.80954,0.80976,0.81038,0.80976,0.80954,0.80976,0.81038,0.80976,0.80954,0.80976,0.81038,0.80976,0.80954,0.80976,0.81038,0.80976,0.80954,0.80976,0.81038,0.80976,0.80954,0.80976,0.81038,0.80976,0.80954,0.80976,0.81038,0.80976,0.80954,0.80976,0.81038,0.80976,0.80954,0.80976,0.81038,0.80976,0.80954,0.80976,0.81038,0.80976,0.80954,0.80976,0.81038,0.80976,0.80954,0.80976,0.81038,0.80976,0.80954,0.80976,0.81038,0.80976,0.80954,0.80976,0.81038,0.80976,0.80954,0.80976,0.81038,0.80976,0.80954,0.80976,0.81038,0.80976,0.80954,0.80976,0.81038,0.80976,0.80954,0.80976,0.81038,0.80976,0.80954,0.80976,0.81038,0.80976,0.80954,0.80976,0.81038,0.80976,0.80954,0.80976,0.81038,0.80976,0.80954,0.80976,0.81038,0.80976,0.80954,0.80976,0.81038,0.80976,0.80954,0.80976,0.81038,0.80976,0.80954,0.80976,0.81038,0.80976,0.80954,0.80976,0.81038,0.80976,0.80954,0.81068,0.81038,0.80786,0.81511,0.80453,0.81038,0.82122,0.78823,0.83136,0.81038,0.76481,0.9178,0.63264
0.85902,0.92519,0.79958,0.88737,0.85902,0.84399,0.87337,0.85144,0.85902,0.86192,0.85563,0.86001,0.85902,0.85837,0.85813,0.85837,0.85902,0.85837,0.85813,0.85837,0.85902,0.85837,0.85813,0.85837,0.85902,0.85837,0.85813,0.85837,0.85902,0.85837,0.85813,0.85837,0.85902,0.85837,0.85813,0.85837,0.85902,0.85837,0.85813,0.85837,0.85902,0.85837,0.85813,0.85837,0.85902,0.85837,0.85813,0.85837,0.85902,0.85837,0.85813,0.85837,0.85902,0.85837,0.85813,0.85837,0.85902,0.85837,0.85813,0.85837,0.85902,0.85837,0.85813,0.85837,0.85902,0.85837,0.85813,0.85837,0.85902,0.85837,0.85813,0.85837,0.85902,0.85837,0.85813,0.85837,0.85902,0.85837,0.85813,0.85837,0.85902,0.85837,0.85813,0.85837,0.85902,0.85837,0.85813,0.85837,0.85902,0.85837,0.85813,0.85837,0.85902,0.85837,0.85813,0.85837,0.85902,0.85837,0.85813,0.85837,0.85902,0.85837,0.85813,0.85837,0.85902,0.85837,0.85813,0.85837,0.85902,0.85837,0.85813,0.85837,0.85902,0.85837,0.85813,0.85837,0.85902,0.85837,0.85813,0.85837,0.85902,0.85837,0.85813,0.85837,0.85902,0.85837,0.85813,0.85837,0.85902,0.85837,0.85813,0.85837,0.85902,0.85837,0.85813,0.85837,0.85902,0.85837,0.85813,0.85837,0.85902,0.85837,0.85813,0.85837,0.85902,0.85837,0.85813,0.85837,0.85902,0.85837,0.85813,0.85837,0.85902,0.85837,0.85813,0.85837,0.85902,0.85837,0.85813,0.85837,0.85902,0.85837,0.85813,0.85837,0.85902,0.85837,0.85813,0.85837,0.85902,0.85837,0.85813,0.85837,0.85902,0.85837,0.85813,0.85837,0.85902,0.85837,0.85813,0.85837,0.85902,0.85837,0.85813,0.85837,0.85902,0.85837,0.85813,0.85837,0.85902,0.85837,0.85813,0.85837,0.85902,0.85837,0.85813,0.85837,0.85902,0.85837,0.85813,0.85837,0.85902,0.85837,0.85813,0.85837,0.85902,0.85837,0.85813,0.85837,0.85902,0.85837,0.85813,0.85837,0.85902,0.85837,0.85813,0.85837,0.85902,0.85837,0.85813,0.85837,0.85902,0.85837,0.85813,0.85837,0.85902,0.85837,0.85813,0.85837,0.85902,0.85837,0.85813,0.85837,0.85902,0.85837,0.85813,0.85837,0.85902,0.85837,0.85813,0.85837,0.85902,0.85837,0.85813,0.85934,0.85902,0.85636,0.86404,0.85282,0.85902,0.87051,0.83555,0.88127,0.85902,0.81072,0.97289,0.67061
0.81919,0.88229,0.7625,0.84622,0.81919,0.80486,0.83287,0.81196,0.81919,0.82196,0.81596,0.82013,0.81919,0.81857,0.81834,0.81857,0.81919,0.81857,0.81834,0.81857,0.81919,0.81857,0.81834,0.81857,0.81919,0.81857,0.81834,0.81857,0.81919,0.81857,0.81834,0.81857,0.81919,0.81857,0.81834,0.81857,0.81919,0.81857,0.81834,0.81857,0.81919,0.81857,0.81834,0.81857,0.81919,0.81857,0.81834,0.81857,0.81919,0.81857,0.81834,0.81857,0.81919,0.81857,0.81834,0.81857,0.81919,0.81857,0.81834,0.81857,0.81919,0.81857,0.81834,0.81857,0.81919,0.81857,0.81834,0.81857,0.81919,0.81857,0.81834,0.81857,0.81919,0.81857,0.81834,0.81857,0.81919,0.81857,0.81834,0.81857,0.81919,0.81857,0.81834,0.81857,0.81919,0.81857,0.81834,0.81857,0.81919,0.81857,0.81834,0.81857,0.81919,0.81857,0.81834,0.81857,0.81919,0.81857,0.81834,0.81857,0.81919,0.81857,0.81834,0.81857,0.81919,0.81857,0.81834,0.81857,0.81919,0.81857,0.81834,0.81857,0.81919,0.81857,0.81834,0.81857,0.81919,0.81857,0.81834,0.81857,0.81919,0.81857,0.81834,0.81857,0.81919,0.81857,0.81834,0.81857,0.81919,0.81857,0.81834,0.81857,0.81919,0.81857,0.81834,0.81857,0.81919,0.81857,0.81834,0.81857,0.81919,0.81857,0.81834,0.81857,0.81919,0.81857,0.81834,0.81857,0.81919,0.81857,0.81834,0.81857,0.81919,0.81857,0.81834,0.81857,0.81919,0.81857,0.81834,0.81857,0.81919,0.81857,0.81834,0.81857,0.81919,0.81857,0.81834,0.81857,0.81919,0.81857,0.81834,0.81857,0.81919,0.81857,0.81834,0.81857,0.81919,0.81857,0.81834,0.81857,0.81919,0.81857,0.81834,0.81857,0.81919,0.81857,0.81834,0.81857,0.81919,0.81857,0.81834,0.81857,0.81919,0.81857,0.81834,0.81857,0.81919,0.81857,0.81834,0.81857,0.81919,0.81857,0.81834,0.81857,0.81919,0.81857,0.81834,0.81857,0.81919,0.81857,0.81834,0.81857,0.81919,0.81857,0.81834,0.81857,0.81919,0.81857,0.81834,0.81857,0.81919,0.81857,0.81834,0.81857,0.81919,0.81857,0.81834,0.81857,0.81919,0.81857,0.81834,0.81857,0.81919,0.81857,0.81834,0.81857,0.81919,0.81857,0.81834,0.81857,0.81919,0.81857,0.81834,0.8195,0.81919,0.81665,0.82397,0.81328,0.81919,0.83015,0.79681,0.8404,0.81919,0.77313,0.92778,0.63952
0.76279,0.82155,0.71001,0.78796,0.76279,0.74945,0.77553,0.75606,0.76279,0.76537,0.75978,0.76367,0.76279,0.76222,0.76201,0.76222,0.76279,0.76222,0.76201,0.76222,0.76279,0.76222,0.76201,0.76222,0.76279,0.76222,0.76201,0.76222,0.76279,0.76222,0.76201,0.76222,0.76279,0.76222,0.76201,0.76222,0.76279,0.76222,0.76201,0.76222,0.76279,0.76222,0.76201,0.76222,0.76279,0.76222,0.76201,0.76222,0.76279,0.76222,0.76201,0.76222,0.76279,0.76222,0.76201,0.76222,0.76279,0.76222,0.76201,0.76222,0.76279,0.76222,0.76201,0.76222,0.76279,0.76222,0.76201,0.76222,0.76279,0.76222,0.76201,0.76222,0.76279,0.76222,0.76201,0.76222,0.76279,0.76222,0.76201,0.76222,0.76279,0.76222,0.76201,0.76222,0.76279,0.76222,0.76201,0.76222,0.76279,0.76222,0.76201,0.76222,0.76279,0.76222,0.76201,0.76222,0.76279,0.76222,0.76201,0.76222,0.76279,0.76222,0.76201,0.76222,0.76279,0.76222,0.76201,0.76222,0.76279,0.76222,0.76201,0.76222,0.76279,0.76222,0.76201,0.76222,0.76279,0.76222,0.76201,0.76222,0.76279,0.76222,0.76201,0.76222,0.76279,0.76222,0.76201,0.76222,0.76279,0.76222,0.76201,0.76222,0.76279,0.76222,0.76201,0.76222,0.76279,0.76222,0.76201,0.76222,0.76279,0.76222,0.76201,0.76222,0.76279,0.76222,0.76201,0.76222,0.76279,0.76222,0.76201,0.76222,0.76279,0.76222,0.76201,0.76222,0.76279,0.76222,0.76201,0.76222,0.76279,0.76222,0.76201,0.76222,0.76279,0.76222,0.76201,0.76222,0.76279,0.76222,0.76201,0.76222,0.76279,0.76222,0.76201,0.76222,0.76279,0.76222,0.76201,0.76222,0.76279,0.76222,0.76201,0.76222,0.76279,0.76222,0.76201,0.76222,0.76279,0.76222,0.76201,0.76222,0.76279,0.76222,0.76201,0.76222,0.76279,0.76222,0.76201,0.76222,0.76279,0.76222,0.76201,0.76222,0.76279,0.76222,0.76201,0.76222,0.76279,0.76222,0.76201,0.76222,0.76279,0.76222,0.76201,0.76222,0.76279,0.76222,0.76201,0.76222,0.76279,0.76222,0.76201,0.76222,0.76279,0.76222,0.76201,0.76222,0.76279,0.76222,0.76201,0.76222,0.76279,0.76222,0.76201,0.76222,0.76279,0.76222,0.76201,0.76222,0.76279,0.76222,0.76201,0.76308,0.76279,0.76043,0.76725,0.75729,0.76279,0.773,0.74195,0.78255,0.76279,0.7199,0.86391,0.59549
0.85649,0.92246,0.79722,0.88475,0.85649,0.8415,0.87079,0.84893,0.85649,0.85939,0.85311,0.85747,0.85649,0.85585,0.85561,0.85585,0.85649,0.85585,0.85561,0.85585,0.85649,0.85585,0.85561,0.85585,0.85649,0.85585,0.85561,0.85585,0.85649,0.85585,0.85561,0.85585,0.85649,0.85585,0.85561,0.85585,0.85649,0.85585,0.85561,0.85585,0.85649,0.85585,0.85561,0.85585,0.85649,0.85585,0.85561,0.85585,0.85649,0.85585,0.85561,0.85585,0.85649,0.85585,0.85561,0.85585,0.85649,0.85585,0.85561,0.85585,0.85649,0.85585,0.85561,0.85585,0.85649,0.85585,0.85561,0.85585,0.85649,0.85585,0.85561,0.85585,0.85649,0.85585,0.85561,0.85585,0.85649,0.85585,0.85561,0.85585,0.85649,0.85585,0.85561,0.85585,0.85649,0.85585,0.85561,0.85585,0.85649,0.85585,0.85561,0.85585,0.85649,0.85585,0.85561,0.85585,0.85649,0.85585,0.85561,0.85585,0.85649,0.85585,0.85561,0.85585,0.85649,0.85585,0.85561,0.85585,0.85649,0.85585,0.85561,0.85585,0.85649,0.85585,0.85561,0.85585,0.85649,0.85585,0.85561,0.85585,0.85649,0.85585,0.85561,0.85585,0.85649,0.85585,0.85561,0.85585,0.85649,0.85585,0.85561,0.85585,0.85649,0.85585,0.85561,0.85585,0.85649,0.85585,0.85561,0.85585,0.85649,0.85585,0.85561,0.85585,0.85649,0.85585,0.85561,0.85585,0.85649,0.85585,0.85561,0.85585,0.85649,0.85585,0.85561,0.85585,0.85649,0.85585,0.85561,0.85585,0.85649,0.85585,0.85561,0.85585,0.85649,0.85585,0.85561,0.85585,0.85649,0.85585,0.85561,0.85585,0.85649,0.85585,0.85561,0.85585,0.85649,0.85585,0.85561,0.85585,0.85649,0.85585,0.85561,0.85585,0.85649,0.85585,0.85561,0.85585,0.85649,0.85585,0.85561,0.85585,0.85649,0.85585,0.85561,0.85585,0.85649,0.85585,0.85561,0.85585,0.85649,0.85585,0.85561,0.85585,0.85649,0.85585,0.85561,0.85585,0.85649,0.85585,0.85561,0.85585,0.85649,0.85585,0.85561,0.85585,0.85649,0.85585,0.85561,0.85585,0.85649,0.85585,0.85561,0.85585,0.85649,0.85585,0.85561,0.85585,0.85649,0.85585,0.85561,0.85585,0.85649,0.85585,0.85561,0.85585,0.85649,0.85585,0.85561,0.85585,0.85649,0.85585,0.85561,0.85681,0.85649,0.85383,0.86149,0.85031,0.85649,0.86795,0.83309,0.87867,0.85649,0.80833,0.97003,0.66864
0.82392,0.88738,0.76691,0.85111,0.82392,0.8095,0.83768,0.81665,0.82392,0.82671,0.82067,0.82487,0.82392,0.8233,0.82307,0.8233,0.82392,0.8233,0.82307,0.8233,0.82392,0.8233,0.82307,0.8233,0.82392,0.8233,0.82307,0.8233,0.82392,0.8233,0.82307,0.8233,0.82392,0.8233,0.82307,0.8233,0.82392,0.8233,0.82307,0.8233,0.82392,0.8233,0.82307,0.8233,0.82392,0.8233,0.82307,0.8233,0.82392,0.8233,0.82307,0.8233,0.82392,0.8233,0.82307,0.8233,0.82392,0.8233,0.82307,0.8233,0.82392,0.8233,0.82307,0.8233,0.82392,0.8233,0.82307,0.8233,0.82392,0.8233,0.82307,0.8233,0.82392,0.8233,0.82307,0.8233,0.82392,0.8233,0.82307,0.8233,0.82392,0.8233,0.82307,0.8233,0.82392,0.8233,0.82307,0.8233,0.82392,0.8233,0.82307,0.8233,0.82392,0.8233,0.82307,0.8233,0.82392,0.8233,0.82307,0.8233,0.82392,0.8233,0.82307,0.8233,0.82392,0.8233,0.82307,0.8233,0.82392,0.8233,0.82307,0.8233,0.82392,0.8233,0.82307,0.82347,0.82392,0.82294,0.82412,0.82231,0.82392,0.82546,0.81905,0.82737,0.82392,0.81482,0.8435,0.78988,0.67102,0.65862,0.68075,0.66536,0.67102,0.67308,0.66762,0.67175,0.67102,0.66988,0.67077,0.67022,0.67102,0.67052,0.67033,0.67052,0.67102,0.67052,0.67033,0.67052,0.67102,0.67052,0.67033,0.67052,0.67102,0.67052,0.67033,0.67052,0.67102,0.67052,0.67033,0.67052,0.67102,0.67052,0.67033,0.67052,0.67102,0.67052,0.67033,0.67052,0.67102,0.67052,0.67033,0.67052,0.67102,0.67052,0.67033,0.67052,0.67102,0.67052,0.67033,0.67052,0.67102,0.67052,0.67033,0.67052,0.67102,0.67052,0.67033,0.67052,0.67102,0.67052,0.67033,0.67052,0.67102,0.67052,0.67033,0.67052,0.67102,0.67052,0.67033,0.67052,0.67102,0.67052,0.67033,0.67052,0.67102,0.67052,0.67033,0.67052,0.67102,0.67052,0.67033,0.67052,0.67102,0.67052,0.67033,0.67052,0.67102,0.67052,0.67033,0.67052,0.67102,0.67052,0.67033,0.67052,0.67102,0.67052,0.67033,0.67052,0.67102,0.67052,0.67033,0.67052,0.67102,0.67052,0.67033,0.67052,0.67102,0.67052,0.67033,0.67052,0.67102,0.67052,0.67033,0.67127,0.67102,0.66894,0.67494,0.66618,0.67102,0.68,0.65269,0.6884,0.67102,0.63329,0.75997,0.52385
0.85843,0.92454,0.79902,0.88675,0.85843,0.8434,0.87276,0.85085,0.85843,0.86133,0.85504,0.85941,0.85843,0.85778,0.85754,0.85778,0.85843,0.85778,0.85754,0.85778,0.85843,0.85778,0.85754,0.85778,0.85843,0.85778,0.85754,0.85778,0.85843,0.85778,0.85754,0.85778,0.85843,0.85778,0.85754,0.85778,0.85843,0.85778,0.85754,0.85778,0.85843,0.85778,0.85754,0.85778,0.85843,0.85778,0.85754,0.85778,0.85843,0.85778,0.85754,0.85778,0.85843,0.85778,0.85754,0.85778,0.85843,0.85778,0.85754,0.85778,0.85843,0.85778,0.85754,0.85778,0.85843,0.85778,0.85754,0.85778,0.85843,0.85778,0.85754,0.85778,0.85843,0.85778,0.85754,0.85778,0.85843,0.85778,0.85754,0.85778,0.85843,0.85778,0.85754,0.85778,0.85843,0.85778,0.85754,0.85778,0.85843,0.85778,0.85754,0.85778,0.85843,0.85778,0.85754,0.85778,0.85843,0.85778,0.85754,0.85778,0.85843,0.85778,0.85754,0.85778,0.85843,0.85778,0.85754,0.85778,0.85843,0.85778,0.85754,0.85778,0.85843,0.85778,0.85754,0.85778,0.85843,0.85778,0.85754,0.85778,0.85843,0.85778,0.85754,0.85778,0.85843,0.85778,0.85754,0.85778,0.85843,0.85778,0.85754,0.85778,0.85843,0.85778,0.85754,0.85778,0.85843,0.85778,0.85754,0.85778,0.85843,0.85778,0.85754,0.85778,0.85843,0.85778,0.85754,0.85778,0.85843,0.85778,0.85754,0.85778,0.85843,0.85778,0.85754,0.85778,0.85843,0.85778,0.85754,0.85778,0.85843,0.85778,0.85754,0.85778,0.85843,0.85778,0.85754,0.85778,0.85843,0.85778,0.85754,0.85778,0.85843,0.85778,0.85754,0.85778,0.85843,0.85778,0.85754,0.85778,0.85843,0.85778,0.85754,0.85778,0.85843,0.85778,0.85754,0.85778,0.85843,0.85778,0.85754,0.85778,0.85843,0.85778,0.85754,0.85778,0.85843,0.85778,0.85754,0.85778,0.85843,0.85778,0.85754,0.85778,0.85843,0.85778,0.85754,0.85778,0.85843,0.85778,0.85754,0.85778,0.85843,0.85778,0.85754,0.85778,0.85843,0.85778,0.85754,0.85778,0.85843,0.85778,0.85754,0.85778,0.85843,0.85778,0.85754,0.85778,0.85843,0.85778,0.85754,0.85778,0.85843,0.85778,0.85754,0.85778,0.85843,0.85778,0.85754,0.85778,0.85843,0.85778,0.85754,0.85875,0.85843,0.85576,0.86344,0.85223,0.85843,0.86991,0.83497,0.88065,0.85843,0.81016,0.97221,0.67015
0.63002,0.67855,0.58643,0.65081,0.63002,0.619,0.64054,0.62446,0.63002,0.63215,0.62754,0.63074,0.63002,0.62955,0.62937,0.62955,0.63002,0.62955,0.62937,0.62955,0.63002,0.62955,0.62937,0.62955,0.63002,0.62955,0.62937,0.62955,0.63002,0.62955,0.62937,0.62955,0.63002,0.62955,0.62937,0.62955,0.63002,0.62955,0.62937,0.62955,0.63002,0.62955,0.62937,0.62955,0.63002,0.62955,0.62937,0.62955,0.63002,0.62955,0.62937,0.62955,0.63002,0.62955,0.62937,0.62955,0.63002,0.62955,0.62937,0.62955,0.63002,0.62955,0.62937,0.62955,0.63002,0.62955,0.62937,0.62955,0.63002,0.62955,0.62937,0.62955,0.63002,0.62955,0.62937,0.62955,0.63002,0.62955,0.62937,0.62955,0.63002,0.62955,0.62937,0.62955,0.63002,0.62955,0.62937,0.62955,0.63002,0.62955,0.62937,0.62955,0.63002,0.62955,0.62937,0.62955,0.63002,0.62955,0.62937,0.62955,0.63002,0.62955,0.62937,0.62955,0.63002,0.62955,0.62937,0.62955,0.63002,0.62955,0.62937,0.62955,0.63002,0.62955,0.62937,0.6294,0.63002,0.62985,0.62848,0.63038,0.63002,0.62772,0.63277,0.6261,0.63002,0.63672,0.6121,0.65781,0.75934,0.76883,0.74974,0.76313,0.75934,0.7566,0.76085,0.75773,0.75934,0.7593,0.75818,0.75902,0.75934,0.75877,0.75856,0.75877,0.75934,0.75877,0.75856,0.75877,0.75934,0.75877,0.75856,0.75877,0.75934,0.75877,0.75856,0.75877,0.75934,0.75877,0.75856,0.75877,0.75934,0.75877,0.75856,0.75877,0.75934,0.75877,0.75856,0.75877,0.75934,0.75877,0.75856,0.75877,0.75934,0.75877,0.75856,0.75877,0.75934,0.75877,0.75856,0.75877,0.75934,0.75877,0.75856,0.75877,0.75934,0.75877,0.75856,0.75877,0.75934,0.75877,0.75856,0.75877,0.75934,0.75877,0.75856,0.75877,0.75934,0.75877,0.75856,0.75877,0.75934,0.75877,0.75856,0.75877,0.75934,0.75877,0.75856,0.75877,0.75934,0.75877,0.75856,0.75877,0.75934,0.75877,0.75856,0.75877,0.75934,0.75877,0.75856,0.75877,0.75934,0.75877,0.75856,0.75877,0.75934,0.75877,0.75856,0.75877,0.75934,0.75877,0.75856,0.75877,0.75934,0.75877,0.75856,0.75877,0.75934,0.75877,0.75856,0.75877,0.75934,0.75877,0.75856,0.75963,0.75934,0.75699,0.76377,0.75386,0.75934,0.7695,0.73859,0.77901,0.75934,0.71664,0.86,0.5928
0.35472,0.38204,0.33017,0.36642,0.35472,0.34851,0.36064,0.35159,0.35472,0.35592,0.35332,0.35513,0.35472,0.35445,0.35435,0.35445,0.35472,0.35445,0.35435,0.35445,0.35472,0.35445,0.35435,0.35445,0.35472,0.35445,0.35435,0.35445,0.35472,0.35445,0.35435,0.35445,0.35472,0.35445,0.35435,0.35445,0.35472,0.35445,0.35435,0.35445,0.35472,0.35445,0.35435,0.35445,0.35472,0.35445,0.35435,0.35445,0.35472,0.35445,0.35435,0.35445,0.35472,0.35445,0.35435,0.35445,0.35472,0.35445,0.35435,0.35445,0.35472,0.35445,0.35435,0.35445,0.35472,0.35445,0.35435,0.35445,0.35472,0.35445,0.35435,0.35445,0.35472,0.35445,0.35435,0.35445,0.35472,0.35445,0.35435,0.35445,0.35472,0.35445,0.35435,0.35445,0.35472,0.35445,0.35435,0.35445,0.35472,0.35445,0.35435,0.35445,0.35472,0.35445,0.35435,0.35445,0.35472,0.35445,0.35435,0.35445,0.35472,0.35445,0.35435,0.35445,0.35472,0.35445,0.35435,0.35445,0.35472,0.35445,0.35435,0.35445,0.35472,0.35445,0.35435,0.35406,0.35472,0.35528,0.35194,0.35672,0.35472,0.3495,0.36357,0.34511,0.35472,0.3739,0.30752,0.43108,0.70528,0.73202,0.68066,0.71658,0.70528,0.69888,0.71077,0.70192,0.70528,0.7062,0.70353,0.70542,0.70528,0.70475,0.70456,0.70475,0.70528,0.70475,0.70456,0.70475,0.70528,0.70475,0.70456,0.70475,0.70528,0.70475,0.70456,0.70475,0.70528,0.70475,0.70456,0.70475,0.70528,0.70475,0.70456,0.70475,0.70528,0.70475,0.70456,0.70475,0.70528,0.70475,0.70456,0.70475,0.70528,0.70475,0.70456,0.70475,0.70528,0.70475,0.70456,0.70475,0.70528,0.70475,0.70456,0.70475,0.70528,0.70475,0.70456,0.70475,0.70528,0.70475,0.70456,0.70475,0.70528,0.70475,0.70456,0.70475,0.70528,0.70475,0.70456,0.70475,0.70528,0.70475,0.70456,0.70475,0.70528,0.70475,0.70456,0.70475,0.70528,0.70475,0.70456,0.70475,0.70528,0.70475,0.70456,0.70475,0.70528,0.70475,0.70456,0.70475,0.70528,0.70475,0.70456,0.70475,0.70528,0.70475,0.70456,0.70475,0.70528,0.70475,0.70456,0.70475,0.70528,0.70475,0.70456,0.70475,0.70528,0.70475,0.70456,0.70475,0.70528,0.70475,0.70456,0.70555,0.70528,0.7031,0.7094,0.70019,0.70528,0.71472,0.68601,0.72355,0.70528,0.66563,0.79877,0.55059
0.29821,0.32118,0.27757,0.30805,0.29821,0.29299,0.30319,0.29558,0.29821,0.29922,0.29703,0.29855,0.29821,0.29798,0.2979,0.29798,0.29821,0.29798,0.2979,0.29798,0.29821,0.29798,0.2979,0.29798,0.29821,0.29798,0.2979,0.29798,0.29821,0.29798,0.2979,0.29798,0.29821,0.29798,0.2979,0.29798,0.29821,0.29798,0.2979,0.29798,0.29821,0.29798,0.2979,0.29798,0.29821,0.29798,0.2979,0.29798,0.29821,0.29798,0.2979,0.29798,0.29821,0.29798,0.2979,0.29798,0.29821,0.29798,0.2979,0.29798,0.29821,0.29798,0.2979,0.29798,0.29821,0.29798,0.2979,0.29798,0.29821,0.29798,0.2979,0.29798,0.29821,0.29798,0.2979,0.29798,0.29821,0.29798,0.2979,0.29798,0.29821,0.29798,0.2979,0.29798,0.29821,0.29798,0.2979,0.29798,0.29821,0.29798,0.2979,0.29798,0.29821,0.29798,0.2979,0.29798,0.29821,0.29798,0.2979,0.29798,0.29821,0.29798,0.2979,0.29798,0.29821,0.29798,0.2979,0.29798,0.29821,0.29798,0.2979,0.29798,0.29821,0.29798,0.2979,0.29736,0.29821,0.29929,0.29409,0.30157,0.29821,0.29014,0.31249,0.2832,0.29821,0.32876,0.22378,0.41925,0.85303,0.89554,0.81433,0.87111,0.85303,0.8431,0.86199,0.84791,0.85303,0.85468,0.85053,0.85344,0.85303,0.85239,0.85215,0.85239,0.85303,0.85239,0.85215,0.85239,0.85303,0.85239,0.85215,0.85239,0.85303,0.85239,0.85215,0.85239,0.85303,0.85239,0.85215,0.85239,0.85303,0.85239,0.85215,0.85239,0.85303,0.85239,0.85215,0.85239,0.85303,0.85239,0.85215,0.85239,0.85303,0.85239,0.85215,0.85239,0.85303,0.85239,0.85215,0.85239,0.85303,0.85239,0.85215,0.85239,0.85303,0.85239,0.85215,0.85239,0.85303,0.85239,0.85215,0.85239,0.85303,0.85239,0.85215,0.85239,0.85303,0.85239,0.85215,0.85239,0.85303,0.85239,0.85215,0.85239,0.85303,0.85239,0.85215,0.85239,0.85303,0.85239,0.85215,0.85239,0.85303,0.85239,0.85215,0.85239,0.85303,0.85239,0.85215,0.85239,0.85303,0.85239,0.85215,0.85239,0.85303,0.85239,0.85215,0.85239,0.85303,0.85239,0.85215,0.85239,0.85303,0.85239,0.85215,0.85239,0.85303,0.85239,0.85215,0.85239,0.85303,0.85239,0.85215,0.85335,0.85303,0.85038,0.85801,0.84687,0.85303,0.86444,0.82972,0.87512,0.85303,0.80506,0.96611,0.66594
0.82326,0.88667,0.76629,0.85042,0.82326,0.80885,0.83701,0.81599,0.82326,0.82604,0.82001,0.8242,0.82326,0.82264,0.82241,0.82264,0.82326,0.82264,0.82241,0.82264,0.82326,0.82264,0.82241,0.82264,0.82326,0.82264,0.82241,0.82264,0.82326,0.82264,0.82241,0.82264,0.82326,0.82264,0.82241,0.82264,0.82326,0.82264,0.82241,0.82264,0.82326,0.82264,0.82241,0.82264,0.82326,0.82264,0.82241,0.82264,0.82326,0.82264,0.82241,0.82264,0.82326,0.82264,0.82241,0.82264,0.82326,0.82264,0.82241,0.82264,0.82326,0.82264,0.82241,0.82264,0.82326,0.82264,0.82241,0.82264,0.82326,0.82264,0.82241,0.82264,0.82326,0.82264,0.82241,0.82264,0.82326,0.82264,0.82241,0.82264,0.82326,0.82264,0.82241,0.82264,0.82326,0.82264,0.82241,0.82264,0.82326,0.82264,0.82241,0.82264,0.82326,0.82264,0.82241,0.82264,0.82326,0.82264,0.82241,0.82264,0.82326,0.82264,0.82241,0.82264,0.82326,0.82264,0.82241,0.82264,0.82326,0.82264,0.82241,0.82264,0.82326,0.82264,0.82241,0.8233,0.82326,0.82125,0.82646,0.81883,0.82326,0.83097,0.80691,0.83835,0.82326,0.78994,0.90114,0.69382,0.23389,0.18788,0.27383,0.21383,0.23389,0.24359,0.2232,0.23848,0.23389,0.23128,0.23537,0.2326,0.23389,0.23372,0.23365,0.23372,0.23389,0.23372,0.23365,0.23372,0.23389,0.23372,0.23365,0.23372,0.23389,0.23372,0.23365,0.23372,0.23389,0.23372,0.23365,0.23372,0.23389,0.23372,0.23365,0.23372,0.23389,0.23372,0.23365,0.23372,0.23389,0.23372,0.23365,0.23372,0.23389,0.23372,0.23365,0.23372,0.23389,0.23372,0.23365,0.23372,0.23389,0.23372,0.23365,0.23372,0.23389,0.23372,0.23365,0.23372,0.23389,0.23372,0.23365,0.23372,0.23389,0.23372,0.23365,0.23372,0.23389,0.23372,0.23365,0.23372,0.23389,0.23372,0.23365,0.23372,0.23389,0.23372,0.23365,0.23372,0.23389,0.23372,0.23365,0.23372,0.23389,0.23372,0.23365,0.23372,0.23389,0.23372,0.23365,0.23372,0.23389,0.23372,0.23365,0.23372,0.23389,0.23372,0.23365,0.23372,0.23389,0.23372,0.23365,0.23372,0.23389,0.23372,0.23365,0.23372,0.23389,0.23372,0.23365,0.23372,0.23389,0.23372,0.23365,0.23398,0.23389,0.23317,0.23526,0.23221,0.23389,0.23702,0.2275,0.23995,0.23389,0.22074,0.2649,0.18259
0.77785,0.83777,0.72403,0.80352,0.77785,0.76424,0.79084,0.77099,0.77785,0.78048,0.77478,0.77874,0.77785,0.77727,0.77705,0.77727,0.77785,0.77727,0.77705,0.77727,0.77785,0.77727,0.77705,0.77727,0.77785,0.77727,0.77705,0.77727,0.77785,0.77727,0.77705,0.77727,0.77785,0.77727,0.77705,0.77727,0.77785,0.77727,0.77705,0.77727,0.77785,0.77727,0.77705,0.77727,0.77785,0.77727,0.77705,0.77727,0.77785,0.77727,0.77705,0.77727,0.77785,0.77727,0.77705,0.77727,0.77785,0.77727,0.77705,0.77727,0.77785,0.77727,0.77705,0.77727,0.77785,0.77727,0.77705,0.77727,0.77785,0.77727,0.77705,0.77727,0.77785,0.77727,0.77705,0.77727,0.77785,0.77727,0.77705,0.77727,0.77785,0.77727,0.77705,0.77727,0.77785,0.77727,0.77705,0.77727,0.77785,0.77727,0.77705,0.77727,0.77785,0.77727,0.77705,0.77727,0.77785,0.77727,0.77705,0.77727,0.77785,0.77727,0.77705,0.77727,0.77785,0.77727,0.77705,0.77727,0.77785,0.77727,0.77705,0.77727,0.77785,0.77727,0.77705,0.77727,0.77785,0.77727,0.77705,0.77727,0.77785,0.77727,0.77705,0.77727,0.77785,0.77727,0.77705,0.77727,0.77785,0.77727,0.77705,0.77727,0.77785,0.77727,0.77705,0.77727,0.77785,0.77727,0.77705,0.77727,0.77785,0.77727,0.77705,0.77727,0.77785,0.77727,0.77705,0.77727,0.77785,0.77727,0.77705,0.77727,0.77785,0.77727,0.77705,0.77727,0.77785,0.77727,0.77705,0.77727,0.77785,0.77727,0.77705,0.77727,0.77785,0.77727,0.77705,0.77727,0.77785,0.77727,0.77705,0.77727,0.77785,0.77727,0.77705,0.77727,0.77785,0.77727,0.77705,0.77727,0.77785,0.77727,0.77705,0.77727,0.77785,0.77727,0.77705,0.77727,0.77785,0.77727,0.77705,0.77727,0.77785,0.77727,0.77705,0.77727,0.77785,0.77727,0.77705,0.77727,0.77785,0.77727,0.77705,0.77727,0.77785,0.77727,0.77705,0.77727,0.77785,0.77727,0.77705,0.77727,0.77785,0.77727,0.77705,0.77727,0.77785,0.77727,0.77705,0.77727,0.77785,0.77727,0.77705,0.77727,0.77785,0.77727,0.77705,0.77727,0.77785,0.77727,0.77705,0.77727,0.77785,0.77727,0.77705,0.77727,0.77785,0.77727,0.77705,0.77727,0.77785,0.77727,0.77705,0.77814,0.77785,0.77544,0.78239,0.77224,0.77785,0.78826,0.7566,0.79799,0.77785,0.73411,0.88096,0.60725
0.47903,0.51592,0.44588,0.49483,0.47903,0.47064,0.48703,0.4748,0.47903,0.48065,0.47714,0.47958,0.47903,0.47867,0.47853,0.47867,0.47903,0.47867,0.47853,0.47867,0.47903,0.47867,0.47853,0.47867,0.47903,0.47867,0.47853,0.47867,0.47903,0.47867,0.47853,0.47867,0.47903,0.47867,0.47853,0.47867,0.47903,0.47867,0.47853,0.47867,0.47903,0.47867,0.47853,0.47867,0.47903,0.47867,0.47853,0.47867,0.47903,0.47867,0.47853,0.47867,0.47903,0.47867,0.47853,0.47867,0.47903,0.47867,0.47853,0.47867,0.47903,0.47867,0.47853,0.47867,0.47903,0.47867,0.47853,0.47867,0.47903,0.47867,0.47853,0.47867,0.47903,0.47867,0.47853,0.47867,0.47903,0.47867,0.47853,0.47867,0.47903,0.47867,0.47853,0.47867,0.47903,0.47867,0.47853,0.47867,0.47903,0.47867,0.47853,0.47867,0.47903,0.47867,0.47853,0.47867,0.47903,0.47867,0.47853,0.47867,0.47903,0.47867,0.47853,0.47867,0.47903,0.47867,0.47853,0.47867,0.47903,0.47867,0.47853,0.47867,0.47903,0.47867,0.47853,0.47833,0.47903,0.47935,0.47652,0.48056,0.47903,0.47452,0.48624,0.47085,0.47903,0.49494,0.43935,0.54278,0.77234,0.79457,0.75155,0.78166,0.77234,0.76685,0.77674,0.76939,0.77234,0.77297,0.77069,0.77232,0.77234,0.77176,0.77154,0.77176,0.77234,0.77176,0.77154,0.77176,0.77234,0.77176,0.77154,0.77176,0.77234,0.77176,0.77154,0.77176,0.77234,0.77176,0.77154,0.77176,0.77234,0.77176,0.77154,0.77176,0.77234,0.77176,0.77154,0.77176,0.77234,0.77176,0.77154,0.77176,0.77234,0.77176,0.77154,0.77176,0.77234,0.77176,0.77154,0.77176,0.77234,0.77176,0.77154,0.77176,0.77234,0.77176,0.77154,0.77176,0.77234,0.77176,0.77154,0.77176,0.77234,0.77176,0.77154,0.77176,0.77234,0.77176,0.77154,0.77176,0.77234,0.77176,0.77154,0.77176,0.77234,0.77176,0.77154,0.77176,0.77234,0.77176,0.77154,0.77176,0.77234,0.77176,0.77154,0.77176,0.77234,0.77176,0.77154,0.77176,0.77234,0.77176,0.77154,0.77176,0.77234,0.77176,0.77154,0.77176,0.77234,0.77176,0.77154,0.77176,0.77234,0.77176,0.77154,0.77176,0.77234,0.77176,0.77154,0.77176,0.77234,0.77176,0.77154,0.77263,0.77234,0.76994,0.77685,0.76677,0.77234,0.78267,0.75124,0.79234,0.77234,0.72891,0.87472,0.60294
0.89831,0.96751,0.83615,0.92795,0.89831,0.88259,0.91331,0.89038,0.89831,0.90135,0.89477,0.89934,0.89831,0.89764,0.89739,0.89764,0.89831,0.89764,0.89739,0.89764,0.89831,0.89764,0.89739,0.89764,0.89831,0.89764,0.89739,0.89764,0.89831,0.89764,0.89739,0.89764,0.89831,0.89764,0.89739,0.89764,0.89831,0.89764,0.89739,0.89764,0.89831,0.89764,0.89739,0.89764,0.89831,0.89764,0.89739,0.89764,0.89831,0.89764,0.89739,0.89764,0.89831,0.89764,0.89739,0.89764,0.89831,0.89764,0.89739,0.89764,0.89831,0.89764,0.89739,0.89764,0.89831,0.89764,0.89739,0.89764,0.89831,0.89764,0.89739,0.89764,0.89831,0.89764,0.89739,0.89764,0.89831,0.89764,0.89739,0.89764,0.89831,0.89764,0.89739,0.89764,0.89831,0.89764,0.89739,0.89764,0.89831,0.89764,0.89739,0.89764,0.89831,0.89764,0.89739,0.89764,0.89831,0.89764,0.89739,0.89764,0.89831,0.89764,0.89739,0.89764,0.89831,0.89764,0.89739,0.89764,0.89831,0.89764,0.89739,0.89764,0.89831,0.89764,0.89739,0.89851,0.89831,0.89583,0.90267,0.89266,0.89831,0.90851,0.87716,0.91814,0.89831,0.85496,1.0002,0.72948,0.12897,0.069034,0.18128,0.10291,0.12897,0.14176,0.11519,0.13508,0.12897,0.12569,0.13108,0.12741,0.12897,0.12887,0.12884,0.12887,0.12897,0.12887,0.12884,0.12887,0.12897,0.12887,0.12884,0.12887,0.12897,0.12887,0.12884,0.12887,0.12897,0.12887,0.12884,0.12887,0.12897,0.12887,0.12884,0.12887,0.12897,0.12887,0.12884,0.12887,0.12897,0.12887,0.12884,0.12887,0.12897,0.12887,0.12884,0.12887,0.12897,0.12887,0.12884,0.12887,0.12897,0.12887,0.12884,0.12887,0.12897,0.12887,0.12884,0.12887,0.12897,0.12887,0.12884,0.12887,0.12897,0.12887,0.12884,0.12887,0.12897,0.12887,0.12884,0.12887,0.12897,0.12887,0.12884,0.12887,0.12897,0.12887,0.12884,0.12887,0.12897,0.12887,0.12884,0.12887,0.12897,0.12887,0.12884,0.12887,0.12897,0.12887,0.12884,0.12887,0.12897,0.12887,0.12884,0.12887,0.12897,0.12887,0.12884,0.12887,0.12897,0.12887,0.12884,0.12887,0.12897,0.12887,0.12884,0.12887,0.12897,0.12887,0.12884,0.12887,0.12897,0.12887,0.12884,0.12902,0.12897,0.12857,0.12972,0.12804,0.12897,0.1307,0.12545,0.13231,0.12897,0.12172,0.14607,0.10068
0.72467,0.78048,0.67452,0.74858,0.72467,0.71198,0.73677,0.71827,0.72467,0.72711,0.7218,0.7255,0.72467,0.72412,0.72392,0.72412,0.72467,0.72412,0.72392,0.72412,0.72467,0.72412,0.72392,0.72412,0.72467,0.72412,0.72392,0.72412,0.72467,0.72412,0.72392,0.72412,0.72467,0.72412,0.72392,0.72412,0.72467,0.72412,0.72392,0.72412,0.72467,0.72412,0.72392,0.72412,0.72467,0.72412,0.72392,0.72412,0.72467,0.72412,0.72392,0.72412,0.72467,0.72412,0.72392,0.72412,0.72467,0.72412,0.72392,0.72412,0.72467,0.72412,0.72392,0.72412,0.72467,0.72412,0.72392,0.72412,0.72467,0.72412,0.72392,0.72412,0.72467,0.72412,0.72392,0.72412,0.72467,0.72412,0.72392,0.72412,0.72467,0.72412,0.72392,0.72412,0.72467,0.72412,0.72392,0.72412,0.72467,0.72412,0.72392,0.72412,0.72467,0.72412,0.72392,0.72412,0.72467,0.72412,0.72392,0.72412,0.72467,0.72412,0.72392,0.72412,0.72467,0.72412,0.72392,0.72412,0.72467,0.72412,0.72392,0.72412,0.72467,0.72412,0.72392,0.72464,0.72467,0.72303,0.7271,0.72112,0.72467,0.73067,0.71173,0.73647,0.72467,0.69841,0.78582,0.62283,0.26128,0.22504,0.29259,0.24544,0.26128,0.26884,0.25279,0.26482,0.26128,0.25916,0.26236,0.2602,0.26128,0.26108,0.26101,0.26108,0.26128,0.26108,0.26101,0.26108,0.26128,0.26108,0.26101,0.26108,0.26128,0.26108,0.26101,0.26108,0.26128,0.26108,0.26101,0.26108,0.26128,0.26108,0.26101,0.26108,0.26128,0.26108,0.26101,0.26108,0.26128,0.26108,0.26101,0.26108,0.26128,0.26108,0.26101,0.26108,0.26128,0.26108,0.26101,0.26108,0.26128,0.26108,0.26101,0.26108,0.26128,0.26108,0.26101,0.26108,0.26128,0.26108,0.26101,0.26108,0.26128,0.26108,0.26101,0.26108,0.26128,0.26108,0.26101,0.26108,0.26128,0.26108,0.26101,0.26108,0.26128,0.26108,0.26101,0.26108,0.26128,0.26108,0.26101,0.26108,0.26128,0.26108,0.26101,0.26108,0.26128,0.26108,0.26101,0.26108,0.26128,0.26108,0.26101,0.26108,0.26128,0.26108,0.26101,0.26108,0.26128,0.26108,0.26101,0.26108,0.26128,0.26108,0.26101,0.26108,0.26128,0.26108,0.26101,0.26108,0.26128,0.26108,0.26101,0.26137,0.26128,0.26046,0.2628,0.25939,0.26128,0.26477,0.25414,0.26804,0.26128,0.24658,0.29591,0.20397
0.68155,0.73404,0.63438,0.70403,0.68155,0.66962,0.69293,0.67553,0.68155,0.68385,0.67886,0.68233,0.68155,0.68103,0.68084,0.68103,0.68155,0.68103,0.68084,0.68103,0.68155,0.68103,0.68084,0.68103,0.68155,0.68103,0.68084,0.68103,0.68155,0.68103,0.68084,0.68103,0.68155,0.68103,0.68084,0.68103,0.68155,0.68103,0.68084,0.68103,0.68155,0.68103,0.68084,0.68103,0.68155,0.68103,0.68084,0.68103,0.68155,0.68103,0.68084,0.68103,0.68155,0.68103,0.68084,0.68103,0.68155,0.68103,0.68084,0.68103,0.68155,0.68103,0.68084,0.68103,0.68155,0.68103,0.68084,0.68103,0.68155,0.68103,0.68084,0.68103,0.68155,0.68103,0.68084,0.68103,0.68155,0.68103,0.68084,0.68103,0.68155,0.68103,0.68084,0.68103,0.68155,0.68103,0.68084,0.68103,0.68155,0.68103,0.68084,0.68103,0.68155,0.68103,0.68084,0.68103,0.68155,0.68103,0.68084,0.68103,0.68155,0.68103,0.68084,0.68103,0.68155,0.68103,0.68084,0.68103,0.68155,0.68103,0.68084,0.68103,0.68155,0.68103,0.68084,0.68091,0.68155,0.68128,0.68011,0.68172,0.68155,0.67953,0.68363,0.67821,0.68155,0.68691,0.66668,0.7042,0.78753,0.79518,0.77949,0.79052,0.78753,0.78516,0.7886,0.78608,0.78753,0.78738,0.78641,0.78714,0.78753,0.78694,0.78672,0.78694,0.78753,0.78694,0.78672,0.78694,0.78753,0.78694,0.78672,0.78694,0.78753,0.78694,0.78672,0.78694,0.78753,0.78694,0.78672,0.78694,0.78753,0.78694,0.78672,0.78694,0.78753,0.78694,0.78672,0.78694,0.78753,0.78694,0.78672,0.78694,0.78753,0.78694,0.78672,0.78694,0.78753,0.78694,0.78672,0.78694,0.78753,0.78694,0.78672,0.78694,0.78753,0.78694,0.78672,0.78694,0.78753,0.78694,0.78672,0.78694,0.78753,0.78694,0.78672,0.78694,0.78753,0.78694,0.78672,0.78694,0.78753,0.78694,0.78672,0.78694,0.78753,0.78694,0.78672,0.78694,0.78753,0.78694,0.78672,0.78694,0.78753,0.78694,0.78672,0.78694,0.78753,0.78694,0.78672,0.78694,0.78753,0.78694,0.78672,0.78694,0.78753,0.78694,0.78672,0.78694,0.78753,0.78694,0.78672,0.78694,0.78753,0.78694,0.78672,0.78694,0.78753,0.78694,0.78672,0.78694,0.78753,0.78694,0.78672,0.78783,0.78753,0.78509,0.79213,0.78185,0.78753,0.79807,0.76601,0.80793,0.78753,0.74325,0.89193,0.6148
0.72492,0.78076,0.67476,0.74884,0.72492,0.71224,0.73703,0.71852,0.72492,0.72737,0.72206,0.72575,0.72492,0.72438,0.72417,0.72438,0.72492,0.72438,0.72417,0.72438,0.72492,0.72438,0.72417,0.72438,0.72492,0.72438,0.72417,0.72438,0.72492,0.72438,0.72417,0.72438,0.72492,0.72438,0.72417,0.72438,0.72492,0.72438,0.72417,0.72438,0.72492,0.72438,0.72417,0.72438,0.72492,0.72438,0.72417,0.72438,0.72492,0.72438,0.72417,0.72438,0.72492,0.72438,0.72417,0.72438,0.72492,0.72438,0.72417,0.72438,0.72492,0.72438,0.72417,0.72438,0.72492,0.72438,0.72417,0.72438,0.72492,0.72438,0.72417,0.72438,0.72492,0.72438,0.72417,0.72438,0.72492,0.72438,0.72417,0.72438,0.72492,0.72438,0.72417,0.72438,0.72492,0.72438,0.72417,0.72438,0.72492,0.72438,0.72417,0.72438,0.72492,0.72438,0.72417,0.72438,0.72492,0.72438,0.72417,0.72438,0.72492,0.72438,0.72417,0.72438,0.72492,0.72438,0.72417,0.72438,0.72492,0.72438,0.72417,0.72438,0.72492,0.72438,0.72417,0.72486,0.72492,0.72338,0.7271,0.72162,0.72492,0.73039,0.71298,0.73572,0.72492,0.70076,0.78105,0.63131,0.29916,0.26581,0.32787,0.28456,0.29916,0.30606,0.2913,0.30237,0.29916,0.29717,0.30009,0.29812,0.29916,0.29893,0.29885,0.29893,0.29916,0.29893,0.29885,0.29893,0.29916,0.29893,0.29885,0.29893,0.29916,0.29893,0.29885,0.29893,0.29916,0.29893,0.29885,0.29893,0.29916,0.29893,0.29885,0.29893,0.29916,0.29893,0.29885,0.29893,0.29916,0.29893,0.29885,0.29893,0.29916,0.29893,0.29885,0.29893,0.29916,0.29893,0.29885,0.29893,0.29916,0.29893,0.29885,0.29893,0.29916,0.29893,0.29885,0.29893,0.29916,0.29893,0.29885,0.29893,0.29916,0.29893,0.29885,0.29893,0.29916,0.29893,0.29885,0.29893,0.29916,0.29893,0.29885,0.29893,0.29916,0.29893,0.29885,0.29893,0.29916,0.29893,0.29885,0.29893,0.29916,0.29893,0.29885,0.29893,0.29916,0.29893,0.29885,0.29893,0.29916,0.29893,0.29885,0.29893,0.29916,0.29893,0.29885,0.29893,0.29916,0.29893,0.29885,0.29893,0.29916,0.29893,0.29885,0.29893,0.29916,0.29893,0.29885,0.29893,0.29916,0.29893,0.29885,0.29927,0.29916,0.29823,0.3009,0.297,0.29916,0.30316,0.29098,0.3069,0.29916,0.28233,0.33881,0.23354
0.75381,0.81187,0.70164,0.77868,0.75381,0.74062,0.7664,0.74715,0.75381,0.75639,0.75078,0.75475,0.75381,0.75308,0.75338,0.75291,0.75381,0.7539,0.75169,0.75477,0.75381,0.73791,0.73078,0.7347,0.73417,0.73309,0.73392,0.73333,0.73417,0.73374,0.73322,0.73371,0.73417,0.73344,0.73368,0.73332,0.73417,0.73415,0.73229,0.73472,0.73417,0.7305,0.74654,0.76301,0.76047,0.75878,0.76079,0.75935,0.76047,0.76018,0.75941,0.7601,0.76047,0.75973,0.76006,0.75959,0.76047,0.76056,0.75844,0.76115,0.76047,0.75727,0.76599,0.74957,0.71324,0.70903,0.71572,0.71111,0.71324,0.71349,0.71166,0.71308,0.71324,0.71252,0.71261,0.71265,0.71324,0.71262,0.71267,0.71254,0.71324,0.71302,0.71186,0.71343,0.71324,0.70534,0.70182,0.7038,0.70381,0.70303,0.70333,0.70315,0.70381,0.70334,0.703,0.70331,0.70381,0.70323,0.70315,0.70321,0.70381,0.70341,0.70281,0.70355,0.70381,0.70251,0.70631,0.71051,0.71028,0.70947,0.70982,0.70961,0.71028,0.70981,0.70948,0.70974,0.71028,0.7098,0.70935,0.70993,0.71028,0.70932,0.71032,0.70895,0.71028,0.71138,0.7056,0.7162,0.73983,0.74157,0.73705,0.74027,0.73983,0.73877,0.73959,0.73903,0.73983,0.73941,0.73895,0.73936,0.73983,0.7392,0.73922,0.73912,0.73983,0.73957,0.73846,0.73996,0.73983,0.73234,0.72901,0.73089,0.73095,0.73016,0.73043,0.73027,0.73095,0.73045,0.73013,0.73042,0.73095,0.73037,0.73022,0.73037,0.73095,0.73044,0.73009,0.73049,0.73095,0.73012,0.73135,0.733,0.73327,0.73262,0.73261,0.73267,0.73327,0.73275,0.73249,0.73281,0.73327,0.73257,0.73296,0.73231,0.73327,0.73362,0.73085,0.73441,0.73327,0.72921,0.74097,0.71888,0.66996,0.66453,0.67359,0.66732,0.66996,0.67052,0.66815,0.66997,0.66996,0.66918,0.66948,0.6693,0.66996,0.66952,0.66912,0.6696,0.66996,0.66918,0.66984,0.66881,0.66996,0.67597,0.67872,0.67734,0.67831,0.67802,0.67739,0.67792,0.67831,0.67774,0.6776,0.67784,0.67831,0.67763,0.67793,0.67745,0.67831,0.67845,0.67627,0.67914,0.67831,0.67405,0.69341,0.71315,0.70995,0.70807,0.71055,0.70876,0.70995,0.70976,0.70889,0.71039,0.70995,0.70768,0.71416,0.70482,0.70995,0.71944,0.69055,0.72833,0.70995,0.67002,0.80405,0.55423
0.22442,0.24171,0.20889,0.23183,0.22442,0.2205,0.22817,0.22244,0.22442,0.22518,0.22354,0.22468,0.22442,0.22425,0.22419,0.22425,0.22442,0.22425,0.22419,0.22425,0.22442,0.22425,0.22419,0.22425,0.22442,0.22425,0.22419,0.22425,0.22442,0.22425,0.22419,0.22425,0.22442,0.22425,0.22419,0.22425,0.22442,0.22425,0.22419,0.22425,0.22442,0.22425,0.22419,0.22425,0.22442,0.22425,0.22419,0.22425,0.22442,0.22425,0.22419,0.22425,0.22442,0.22425,0.22419,0.22425,0.22442,0.22425,0.22419,0.22425,0.22442,0.22425,0.22419,0.22425,0.22442,0.22425,0.22419,0.22425,0.22442,0.22425,0.22419,0.22425,0.22442,0.22425,0.22419,0.22425,0.22442,0.22425,0.22419,0.22425,0.22442,0.22425,0.22419,0.22425,0.22442,0.22425,0.22419,0.22425,0.22442,0.22425,0.22419,0.22425,0.22442,0.22425,0.22419,0.22425,0.22442,0.22425,0.22419,0.22425,0.22442,0.22425,0.22419,0.22425,0.22442,0.22425,0.22419,0.22425,0.22442,0.22425,0.22419,0.22425,0.22442,0.22425,0.22419,0.22359,0.22442,0.22563,0.22016,0.22805,0.22442,0.21596,0.23962,0.20862,0.22442,0.2568,0.14581,0.35249,0.81112,0.85614,0.77029,0.83031,0.81112,0.80068,0.82068,0.80577,0.81112,0.81293,0.80857,0.81162,0.81112,0.81051,0.81028,0.81051,0.81112,0.81051,0.81028,0.81051,0.81112,0.81051,0.81028,0.81051,0.81112,0.81051,0.81028,0.81051,0.81112,0.81051,0.81028,0.81051,0.81112,0.81051,0.81028,0.81051,0.81112,0.81051,0.81028,0.81051,0.81112,0.81051,0.81028,0.81051,0.81112,0.81051,0.81028,0.81051,0.81112,0.81051,0.81028,0.81051,0.81112,0.81051,0.81028,0.81051,0.81112,0.81051,0.81028,0.81051,0.81112,0.81051,0.81028,0.81051,0.81112,0.81051,0.81028,0.81051,0.81112,0.81051,0.81028,0.81051,0.81112,0.81051,0.81028,0.81051,0.81112,0.81051,0.81028,0.81051,0.81112,0.81051,0.81028,0.81051,0.81112,0.81051,0.81028,0.81051,0.81112,0.81051,0.81028,0.81051,0.81112,0.81051,0.81028,0.81051,0.81112,0.81051,0.81028,0.81051,0.81112,0.81051,0.81028,0.81051,0.81112,0.81051,0.81028,0.81051,0.81112,0.81051,0.81028,0.81051,0.81112,0.81051,0.81028,0.81142,0.81112,0.8086,0.81585,0.80526,0.81112,0.82197,0.78895,0.83212,0.81112,0.76551,0.91864,0.63322
0.86665,0.93341,0.80668,0.89525,0.86665,0.85148,0.88112,0.859,0.86665,0.86958,0.86323,0.86764,0.86665,0.866,0.86576,0.866,0.86665,0.866,0.86576,0.866,0.86665,0.866,0.86576,0.866,0.86665,0.866,0.86576,0.866,0.86665,0.866,0.86576,0.866,0.86665,0.866,0.86576,0.866,0.86665,0.866,0.86576,0.866,0.86665,0.866,0.86576,0.866,0.86665,0.866,0.86576,0.866,0.86665,0.866,0.86576,0.866,0.86665,0.866,0.86576,0.866,0.86665,0.866,0.86576,0.866,0.86665,0.866,0.86576,0.866,0.86665,0.866,0.86576,0.866,0.86665,0.866,0.86576,0.866,0.86665,0.866,0.86576,0.866,0.86665,0.866,0.86576,0.866,0.86665,0.866,0.86576,0.866,0.86665,0.866,0.86576,0.866,0.86665,0.866,0.86576,0.866,0.86665,0.866,0.86576,0.866,0.86665,0.866,0.86576,0.866,0.86665,0.866,0.86576,0.866,0.86665,0.866,0.86576,0.866,0.86665,0.866,0.86576,0.866,0.86665,0.866,0.86576,0.86643,0.86665,0.8651,0.86839,0.86352,0.86665,0.87141,0.85568,0.87621,0.86665,0.84473,0.91696,0.78222,0.48336,0.45319,0.50899,0.47006,0.48336,0.48942,0.47607,0.48609,0.48336,0.48141,0.48398,0.48227,0.48336,0.483,0.48286,0.483,0.48336,0.483,0.48286,0.483,0.48336,0.483,0.48286,0.483,0.48336,0.483,0.48286,0.483,0.48336,0.483,0.48286,0.483,0.48336,0.483,0.48286,0.483,0.48336,0.483,0.48286,0.483,0.48336,0.483,0.48286,0.483,0.48336,0.483,0.48286,0.483,0.48336,0.483,0.48286,0.483,0.48336,0.483,0.48286,0.483,0.48336,0.483,0.48286,0.483,0.48336,0.483,0.48286,0.483,0.48336,0.483,0.48286,0.483,0.48336,0.483,0.48286,0.483,0.48336,0.483,0.48286,0.483,0.48336,0.483,0.48286,0.483,0.48336,0.483,0.48286,0.483,0.48336,0.483,0.48286,0.483,0.48336,0.483,0.48286,0.483,0.48336,0.483,0.48286,0.483,0.48336,0.483,0.48286,0.483,0.48336,0.483,0.48286,0.483,0.48336,0.483,0.48286,0.483,0.48336,0.483,0.48286,0.483,0.48336,0.483,0.48286,0.48354,0.48336,0.48186,0.48618,0.47987,0.48336,0.48983,0.47016,0.49588,0.48336,0.45618,0.54744,0.37735
0.79165,0.85263,0.73687,0.81777,0.79165,0.7778,0.80487,0.78466,0.79165,0.79433,0.78853,0.79256,0.79165,0.79106,0.79083,0.79106,0.79165,0.79106,0.79083,0.79106,0.79165,0.79106,0.79083,0.79106,0.79165,0.79106,0.79083,0.79106,0.79165,0.79106,0.79083,0.79106,0.79165,0.79106,0.79083,0.79106,0.79165,0.79106,0.79083,0.79106,0.79165,0.79106,0.79083,0.79106,0.79165,0.79106,0.79083,0.79106,0.79165,0.79106,0.79083,0.79106,0.79165,0.79106,0.79083,0.79106,0.79165,0.79106,0.79083,0.79106,0.79165,0.79106,0.79083,0.79106,0.79165,0.79106,0.79083,0.79106,0.79165,0.79106,0.79083,0.79106,0.79165,0.79106,0.79083,0.79106,0.79165,0.79106,0.79083,0.79106,0.79165,0.79106,0.79083,0.79106,0.79165,0.79106,0.79083,0.79106,0.79165,0.79106,0.79083,0.79106,0.79165,0.79106,0.79083,0.79106,0.79165,0.79106,0.79083,0.79106,0.79165,0.79106,0.79083,0.79106,0.79165,0.79106,0.79083,0.79106,0.79165,0.79106,0.79083,0.79106,0.79165,0.79106,0.79083,0.79139,0.79165,0.79036,0.79286,0.78915,0.79165,0.79522,0.78308,0.79891,0.79165,0.7747,0.83022,0.72661,0.49681,0.4735,0.51639,0.48648,0.49681,0.50137,0.49106,0.49881,0.49681,0.49521,0.49715,0.49587,0.49681,0.49643,0.49629,0.49643,0.49681,0.49643,0.49629,0.49643,0.49681,0.49643,0.49629,0.49643,0.49681,0.49643,0.49629,0.49643,0.49681,0.49643,0.49629,0.49643,0.49681,0.49643,0.49629,0.49643,0.49681,0.49643,0.49629,0.49643,0.49681,0.49643,0.49629,0.49643,0.49681,0.49643,0.49629,0.49643,0.49681,0.49643,0.49629,0.49643,0.49681,0.49643,0.49629,0.49643,0.49681,0.49643,0.49629,0.49643,0.49681,0.49643,0.49629,0.49643,0.49681,0.49643,0.49629,0.49643,0.49681,0.49643,0.49629,0.49643,0.49681,0.49643,0.49629,0.49643,0.49681,0.49643,0.49629,0.49643,0.49681,0.49643,0.49629,0.49643,0.49681,0.49643,0.49629,0.49643,0.49681,0.49643,0.49629,0.49643,0.49681,0.49643,0.49629,0.49643,0.49681,0.49643,0.49629,0.49643,0.49681,0.49643,0.49629,0.49643,0.49681,0.49643,0.49629,0.49643,0.49681,0.49643,0.49629,0.49643,0.49681,0.49643,0.49629,0.49699,0.49681,0.49526,0.49971,0.49322,0.49681,0.50345,0.48323,0.50967,0.49681,0.46887,0.56266,0.38784
0.46151,0.49705,0.42957,0.47673,0.46151,0.45343,0.46921,0.45743,0.46151,0.46306,0.45968,0.46203,0.46151,0.46116,0.46103,0.46116,0.46151,0.46116,0.46103,0.46116,0.46151,0.46116,0.46103,0.46116,0.46151,0.46116,0.46103,0.46116,0.46151,0.46116,0.46103,0.46116,0.46151,0.46116,0.46103,0.46116,0.46151,0.46116,0.46103,0.46116,0.46151,0.46116,0.46103,0.46116,0.46151,0.46116,0.46103,0.46116,0.46151,0.46116,0.46103,0.46116,0.46151,0.46116,0.46103,0.46116,0.46151,0.46116,0.46103,0.46116,0.46151,0.46116,0.46103,0.46116,0.46151,0.46116,0.46103,0.46116,0.46151,0.46116,0.46103,0.46116,0.46151,0.46116,0.46103,0.46116,0.46151,0.46116,0.46103,0.46116,0.46151,0.46116,0.46103,0.46116,0.46151,0.46116,0.46103,0.46116,0.46151,0.46116,0.46103,0.46116,0.46151,0.46116,0.46103,0.46116,0.46151,0.46116,0.46103,0.46116,0.46151,0.46116,0.46103,0.46116,0.46151,0.46116,0.46103,0.46116,0.46151,0.46116,0.46103,0.46116,0.46151,0.46116,0.46103,0.46075,0.46151,0.462,0.45857,0.46347,0.46151,0.45611,0.47042,0.45164,0.46151,0.48097,0.41333,0.53921,0.81858,0.84574,0.7934,0.83002,0.81858,0.81198,0.82407,0.81508,0.81858,0.81944,0.8167,0.81864,0.81858,0.81796,0.81774,0.81796,0.81858,0.81796,0.81774,0.81796,0.81858,0.81796,0.81774,0.81796,0.81858,0.81796,0.81774,0.81796,0.81858,0.81796,0.81774,0.81796,0.81858,0.81796,0.81774,0.81796,0.81858,0.81796,0.81774,0.81796,0.81858,0.81796,0.81774,0.81796,0.81858,0.81796,0.81774,0.81796,0.81858,0.81796,0.81774,0.81796,0.81858,0.81796,0.81774,0.81796,0.81858,0.81796,0.81774,0.81796,0.81858,0.81796,0.81774,0.81796,0.81858,0.81796,0.81774,0.81796,0.81858,0.81796,0.81774,0.81796,0.81858,0.81796,0.81774,0.81796,0.81858,0.81796,0.81774,0.81796,0.81858,0.81796,0.81774,0.81796,0.81858,0.81796,0.81774,0.81796,0.81858,0.81796,0.81774,0.81796,0.81858,0.81796,0.81774,0.81796,0.81858,0.81796,0.81774,0.81796,0.81858,0.81796,0.81774,0.81796,0.81858,0.81796,0.81774,0.81796,0.81858,0.81796,0.81774,0.81796,0.81858,0.81796,0.81774,0.81889,0.81858,0.81604,0.82336,0.81267,0.81858,0.82953,0.79621,0.83978,0.81858,0.77255,0.92709,0.63904
0.76068,0.81927,0.70804,0.78578,0.76068,0.74737,0.77338,0.75396,0.76068,0.76321,0.75773,0.76147,0.76068,0.76027,0.75953,0.76044,0.76068,0.75942,0.76127,0.75853,0.76068,0.77589,0.78279,0.77919,0.7809,0.78085,0.77956,0.78059,0.7809,0.78018,0.78026,0.78024,0.7809,0.78041,0.77995,0.78046,0.7809,0.78002,0.78068,0.77972,0.7809,0.78195,0.77315,0.76477,0.767,0.76701,0.76562,0.76671,0.767,0.76626,0.76635,0.76649,0.767,0.76613,0.76709,0.76556,0.767,0.7683,0.7627,0.76997,0.767,0.75903,0.78399,0.73732,0.63389,0.62306,0.64231,0.62892,0.63389,0.63564,0.63088,0.63449,0.63389,0.63292,0.63354,0.63328,0.63389,0.63318,0.63375,0.63293,0.63389,0.63439,0.63127,0.63566,0.63389,0.61088,0.60055,0.60618,0.60503,0.60381,0.60517,0.60417,0.60503,0.60476,0.60417,0.60468,0.60503,0.60443,0.60461,0.60436,0.60503,0.60498,0.60358,0.60541,0.60503,0.60225,0.61421,0.62652,0.62467,0.62336,0.62485,0.62379,0.62467,0.62441,0.62382,0.62425,0.62467,0.62427,0.62372,0.62451,0.62467,0.6235,0.62531,0.62288,0.62467,0.62692,0.61745,0.63494,0.67384,0.67715,0.66979,0.67499,0.67384,0.6725,0.67401,0.67293,0.67384,0.6736,0.6729,0.67356,0.67384,0.67305,0.67375,0.67275,0.67384,0.67449,0.67079,0.67601,0.67384,0.64637,0.63403,0.64074,0.63931,0.6379,0.63955,0.63834,0.63931,0.63905,0.63839,0.63892,0.63931,0.63873,0.63874,0.63872,0.63931,0.63902,0.63825,0.63922,0.63931,0.63772,0.64331,0.64926,0.64864,0.64776,0.64837,0.64796,0.64864,0.64826,0.64788,0.64827,0.64864,0.64799,0.6484,0.64776,0.64864,0.649,0.64639,0.64976,0.64864,0.64481,0.65602,0.63498,0.58839,0.58326,0.59189,0.58591,0.58839,0.58895,0.58671,0.58843,0.58839,0.58766,0.588,0.58776,0.58839,0.58807,0.5875,0.58821,0.58839,0.58741,0.58885,0.58672,0.58839,0.60025,0.60563,0.60282,0.60415,0.60411,0.60311,0.60392,0.60415,0.60359,0.60361,0.60368,0.60415,0.60365,0.60363,0.60358,0.60415,0.60391,0.60309,0.60413,0.60415,0.60248,0.60867,0.6152,0.61445,0.61355,0.61425,0.61377,0.61445,0.6141,0.61371,0.61474,0.61445,0.61252,0.61806,0.61001,0.61445,0.62267,0.59766,0.63036,0.61445,0.5799,0.6959,0.47968
0.75705,0.81536,0.70466,0.78203,0.75705,0.7438,0.76969,0.75037,0.75705,0.75961,0.75406,0.75792,0.75705,0.75648,0.75627,0.75648,0.75705,0.75648,0.75627,0.75648,0.75705,0.75648,0.75627,0.75648,0.75705,0.75648,0.75627,0.75648,0.75705,0.75648,0.75627,0.75648,0.75705,0.75648,0.75627,0.75648,0.75705,0.75648,0.75627,0.75648,0.75705,0.75648,0.75627,0.75648,0.75705,0.75648,0.75627,0.75648,0.75705,0.75648,0.75627,0.75648,0.75705,0.75648,0.75627,0.75648,0.75705,0.75648,0.75627,0.75648,0.75705,0.75648,0.75627,0.75648,0.75705,0.75648,0.75627,0.75648,0.75705,0.75648,0.75627,0.75648,0.75705,0.75648,0.75627,0.75648,0.75705,0.75648,0.75627,0.75648,0.75705,0.75648,0.75627,0.75648,0.75705,0.75648,0.75627,0.75648,0.75705,0.75648,0.75627,0.75648,0.75705,0.75648,0.75627,0.75648,0.75705,0.75648,0.75627,0.75648,0.75705,0.75648,0.75627,0.75648,0.75705,0.75648,0.75627,0.75648,0.75705,0.75648,0.75627,0.75648,0.75705,0.75648,0.75627,0.75648,0.75705,0.75648,0.75627,0.75648,0.75705,0.75648,0.75627,0.75648,0.75705,0.75648,0.75627,0.75648,0.75705,0.75648,0.75627,0.75648,0.75705,0.75648,0.75627,0.75648,0.75705,0.75648,0.75627,0.75648,0.75705,0.75648,0.75627,0.75648,0.75705,0.75648,0.75627,0.75648,0.75705,0.75648,0.75627,0.75648,0.75705,0.75648,0.75627,0.75648,0.75705,0.75648,0.75627,0.75648,0.75705,0.75648,0.75627,0.75648,0.75705,0.75648,0.75627,0.75648,0.75705,0.75648,0.75627,0.75648,0.75705,0.75648,0.75627,0.75648,0.75705,0.75648,0.75627,0.75648,0.75705,0.75648,0.75627,0.75648,0.75705,0.75648,0.75627,0.75648,0.75705,0.75648,0.75627,0.75648,0.75705,0.75648,0.75627,0.75648,0.75705,0.75648,0.75627,0.75648,0.75705,0.75648,0.75627,0.75648,0.75705,0.75648,0.75627,0.75648,0.75705,0.75648,0.75627,0.75648,0.75705,0.75648,0.75627,0.75648,0.75705,0.75648,0.75627,0.75648,0.75705,0.75648,0.75627,0.75648,0.75705,0.75648,0.75627,0.75648,0.75705,0.75648,0.75627,0.75648,0.75705,0.75648,0.75627,0.75648,0.75705,0.75648,0.75627,0.75648,0.75705,0.75648,0.75627,0.75734,0.75705,0.7547,0.76147,0.75159,0.75705,0.76718,0.73636,0.77666,0.75705,0.71448,0.8574,0.59101
0.81277,0.87538,0.75653,0.83959,0.81277,0.79855,0.82635,0.8056,0.81277,0.81552,0.80957,0.81371,0.81277,0.81216,0.81193,0.81216,0.81277,0.81216,0.81193,0.81216,0.81277,0.81216,0.81193,0.81216,0.81277,0.81216,0.81193,0.81216,0.81277,0.81216,0.81193,0.81216,0.81277,0.81216,0.81193,0.81216,0.81277,0.81216,0.81193,0.81216,0.81277,0.81216,0.81193,0.81216,0.81277,0.81216,0.81193,0.81216,0.81277,0.81216,0.81193,0.81216,0.81277,0.81216,0.81193,0.81216,0.81277,0.81216,0.81193,0.81216,0.81277,0.81216,0.81193,0.81216,0.81277,0.81216,0.81193,0.81216,0.81277,0.81216,0.81193,0.81216,0.81277,0.81216,0.81193,0.81216,0.81277,0.81216,0.81193,0.81216,0.81277,0.81216,0.81193,0.81216,0.81277,0.81216,0.81193,0.81216,0.81277,0.81216,0.81193,0.81216,0.81277,0.81216,0.81193,0.81216,0.81277,0.81216,0.81193,0.81216,0.81277,0.81216,0.81193,0.81216,0.81277,0.81216,0.81193,0.81216,0.81277,0.81216,0.81193,0.81216,0.81277,0.81216,0.81193,0.81216,0.81277,0.81216,0.81193,0.81216,0.81277,0.81216,0.81193,0.81216,0.81277,0.81216,0.81193,0.81216,0.81277,0.81216,0.81193,0.81216,0.81277,0.81216,0.81193,0.81216,0.81277,0.81216,0.81193,0.81216,0.81277,0.81216,0.81193,0.81216,0.81277,0.81216,0.81193,0.81216,0.81277,0.81216,0.81193,0.81216,0.81277,0.81216,0.81193,0.81216,0.81277,0.81216,0.81193,0.81216,0.81277,0.81216,0.81193,0.81216,0.81277,0.81216,0.81193,0.81216,0.81277,0.81216,0.81193,0.81216,0.81277,0.81216,0.81193,0.81216,0.81277,0.81216,0.81193,0.81216,0.81277,0.81216,0.81193,0.81216,0.81277,0.81216,0.81193,0.81216,0.81277,0.81216,0.81193,0.81216,0.81277,0.81216,0.81193,0.81216,0.81277,0.81216,0.81193,0.81216,0.81277,0.81216,0.81193,0.81216,0.81277,0.81216,0.81193,0.81216,0.81277,0.81216,0.81193,0.81216,0.81277,0.81216,0.81193,0.81216,0.81277,0.81216,0.81193,0.81216,0.81277,0.81216,0.81193,0.81216,0.81277,0.81216,0.81193,0.81216,0.81277,0.81216,0.81193,0.81216,0.81277,0.81216,0.81193,0.81216,0.81277,0.81216,0.81193,0.81216,0.81277,0.81216,0.81193,0.81308,0.81277,0.81025,0.81752,0.80691,0.81277,0.82365,0.79057,0.83382,0.81277,0.76707,0.92051,0.63451
0.41084,0.44249,0.38241,0.4244,0.41084,0.40365,0.4177,0.40722,0.41084,0.41223,0.40922,0.41132,0.41084,0.41053,0.41042,0.41053,0.41084,0.41053,0.41042,0.41053,0.41084,0.41053,0.41042,0.41053,0.41084,0.41053,0.41042,0.41053,0.41084,0.41053,0.41042,0.41053,0.41084,0.41053,0.41042,0.41053,0.41084,0.41053,0.41042,0.41053,0.41084,0.41053,0.41042,0.41053,0.41084,0.41053,0.41042,0.41053,0.41084,0.41053,0.41042,0.41053,0.41084,0.41053,0.41042,0.41053,0.41084,0.41053,0.41042,0.41053,0.41084,0.41053,0.41042,0.41053,0.41084,0.41053,0.41042,0.41053,0.41084,0.41053,0.41042,0.41053,0.41084,0.41053,0.41042,0.41053,0.41084,0.41053,0.41042,0.41053,0.41084,0.41053,0.41042,0.41053,0.41084,0.41053,0.41042,0.41053,0.41084,0.41053,0.41042,0.41053,0.41084,0.41053,0.41042,0.41053,0.41084,0.41053,0.41042,0.41053,0.41084,0.41053,0.41042,0.41053,0.41084,0.41053,0.41042,0.41053,0.41084,0.41053,0.41042,0.41053,0.41084,0.41053,0.41042,0.41017,0.41084,0.41129,0.4082,0.41262,0.41084,0.40597,0.41891,0.40193,0.41084,0.42846,0.36726,0.48115,0.73389,0.75847,0.71111,0.74424,0.73389,0.72793,0.73886,0.73073,0.73389,0.73468,0.73219,0.73395,0.73389,0.73334,0.73314,0.73334,0.73389,0.73334,0.73314,0.73334,0.73389,0.73334,0.73314,0.73334,0.73389,0.73334,0.73314,0.73334,0.73389,0.73334,0.73314,0.73334,0.73389,0.73334,0.73314,0.73334,0.73389,0.73334,0.73314,0.73334,0.73389,0.73334,0.73314,0.73334,0.73389,0.73334,0.73314,0.73334,0.73389,0.73334,0.73314,0.73334,0.73389,0.73334,0.73314,0.73334,0.73389,0.73334,0.73314,0.73334,0.73389,0.73334,0.73314,0.73334,0.73389,0.73334,0.73314,0.73334,0.73389,0.73334,0.73314,0.73334,0.73389,0.73334,0.73314,0.73334,0.73389,0.73334,0.73314,0.73334,0.73389,0.73334,0.73314,0.73334,0.73389,0.73334,0.73314,0.73334,0.73389,0.73334,0.73314,0.73334,0.73389,0.73334,0.73314,0.73334,0.73389,0.73334,0.73314,0.73334,0.73389,0.73334,0.73314,0.73334,0.73389,0.73334,0.73314,0.73334,0.73389,0.73334,0.73314,0.73334,0.73389,0.73334,0.73314,0.73417,0.73389,0.73162,0.73818,0.7286,0.73389,0.74371,0.71384,0.7529,0.73389,0.69263,0.83118,0.57293
0.70607,0.76046,0.65721,0.72937,0.70607,0.69371,0.71786,0.69984,0.70607,0.70846,0.70328,0.70688,0.70607,0.70554,0.70534,0.70554,0.70607,0.70554,0.70534,0.70554,0.70607,0.70554,0.70534,0.70554,0.70607,0.70554,0.70534,0.70554,0.70607,0.70554,0.70534,0.70554,0.70607,0.70554,0.70534,0.70554,0.70607,0.70554,0.70534,0.70554,0.70607,0.70554,0.70534,0.70554,0.70607,0.70554,0.70534,0.70554,0.70607,0.70554,0.70534,0.70554,0.70607,0.70554,0.70534,0.70554,0.70607,0.70554,0.70534,0.70554,0.70607,0.70554,0.70534,0.70554,0.70607,0.70554,0.70534,0.70554,0.70607,0.70554,0.70534,0.70554,0.70607,0.70554,0.70534,0.70554,0.70607,0.70554,0.70534,0.70554,0.70607,0.70554,0.70534,0.70554,0.70607,0.70554,0.70534,0.70554,0.70607,0.70554,0.70534,0.70554,0.70607,0.70554,0.70534,0.70554,0.70607,0.70554,0.70534,0.70554,0.70607,0.70554,0.70534,0.70554,0.70607,0.70554,0.70534,0.70554,0.70607,0.70554,0.70534,0.70554,0.70607,0.70554,0.70534,0.70592,0.70607,0.70475,0.70765,0.70336,0.70607,0.71029,0.69649,0.71451,0.70607,0.68687,0.7503,0.63198,0.36952,0.34306,0.39208,0.35788,0.36952,0.37487,0.36317,0.37196,0.36952,0.36785,0.37012,0.3686,0.36952,0.36924,0.36914,0.36924,0.36952,0.36924,0.36914,0.36924,0.36952,0.36924,0.36914,0.36924,0.36952,0.36924,0.36914,0.36924,0.36952,0.36924,0.36914,0.36924,0.36952,0.36924,0.36914,0.36924,0.36952,0.36924,0.36914,0.36924,0.36952,0.36924,0.36914,0.36924,0.36952,0.36924,0.36914,0.36924,0.36952,0.36924,0.36914,0.36924,0.36952,0.36924,0.36914,0.36924,0.36952,0.36924,0.36914,0.36924,0.36952,0.36924,0.36914,0.36924,0.36952,0.36924,0.36914,0.36924,0.36952,0.36924,0.36914,0.36924,0.36952,0.36924,0.36914,0.36924,0.36952,0.36924,0.36914,0.36924,0.36952,0.36924,0.36914,0.36924,0.36952,0.36924,0.36914,0.36924,0.36952,0.36924,0.36914,0.36924,0.36952,0.36924,0.36914,0.36924,0.36952,0.36924,0.36914,0.36924,0.36952,0.36924,0.36914,0.36924,0.36952,0.36924,0.36914,0.36924,0.36952,0.36924,0.36914,0.36924,0.36952,0.36924,0.36914,0.36966,0.36952,0.36837,0.37167,0.36685,0.36952,0.37446,0.35942,0.37909,0.36952,0.34874,0.4185,0.28847
0.79085,0.85177,0.73613,0.81695,0.79085,0.77701,0.80406,0.78387,0.79085,0.79353,0.78773,0.79176,0.79085,0.79026,0.79004,0.79026,0.79085,0.79026,0.79004,0.79026,0.79085,0.79026,0.79004,0.79026,0.79085,0.79026,0.79004,0.79026,0.79085,0.79026,0.79004,0.79026,0.79085,0.79026,0.79004,0.79026,0.79085,0.79026,0.79004,0.79026,0.79085,0.79026,0.79004,0.79026,0.79085,0.79026,0.79004,0.79026,0.79085,0.79026,0.79004,0.79026,0.79085,0.79026,0.79004,0.79026,0.79085,0.79026,0.79004,0.79026,0.79085,0.79026,0.79004,0.79026,0.79085,0.79026,0.79004,0.79026,0.79085,0.79026,0.79004,0.79026,0.79085,0.79026,0.79004,0.79026,0.79085,0.79026,0.79004,0.79026,0.79085,0.79026,0.79004,0.79026,0.79085,0.79026,0.79004,0.79026,0.79085,0.79026,0.79004,0.79026,0.79085,0.79026,0.79004,0.79026,0.79085,0.79026,0.79004,0.79026,0.79085,0.79026,0.79004,0.79026,0.79085,0.79026,0.79004,0.79026,0.79085,0.79026,0.79004,0.79026,0.79085,0.79026,0.79004,0.79026,0.79085,0.79026,0.79004,0.79026,0.79085,0.79026,0.79004,0.79026,0.79085,0.79026,0.79004,0.79026,0.79085,0.79026,0.79004,0.79026,0.79085,0.79026,0.79004,0.79026,0.79085,0.79026,0.79004,0.79026,0.79085,0.79026,0.79004,0.79026,0.79085,0.79026,0.79004,0.79026,0.79085,0.79026,0.79004,0.79026,0.79085,0.79026,0.79004,0.79026,0.79085,0.79026,0.79004,0.79026,0.79085,0.79026,0.79004,0.79026,0.79085,0.79026,0.79004,0.79026,0.79085,0.79026,0.79004,0.79026,0.79085,0.79026,0.79004,0.79026,0.79085,0.79026,0.79004,0.79026,0.79085,0.79026,0.79004,0.79026,0.79085,0.79026,0.79004,0.79026,0.79085,0.79026,0.79004,0.79026,0.79085,0.79026,0.79004,0.79026,0.79085,0.79026,0.79004,0.79026,0.79085,0.79026,0.79004,0.79026,0.79085,0.79026,0.79004,0.79026,0.79085,0.79026,0.79004,0.79026,0.79085,0.79026,0.79004,0.79026,0.79085,0.79026,0.79004,0.79026,0.79085,0.79026,0.79004,0.79026,0.79085,0.79026,0.79004,0.79026,0.79085,0.79026,0.79004,0.79026,0.79085,0.79026,0.79004,0.79026,0.79085,0.79026,0.79004,0.79026,0.79085,0.79026,0.79004,0.79115,0.79085,0.7884,0.79547,0.78514,0.79085,0.80143,0.76924,0.81133,0.79085,0.74638,0.89569,0.6174
0.50439,0.54427,0.46668,0.5272,0.54318,0.54224,0.53798,0.55609,0.60496,0.60539,0.61225,0.58519,0.49693,0.48392,0.51189,0.48348,0.47441,0.48291,0.45347,0.50571,0.61034,0.61685,0.60922,0.59881,0.53038,0.5175,0.54669,0.51254,0.47585,0.47665,0.46897,0.48765,0.53297,0.53631,0.53072,0.53004,0.51155,0.5084,0.51317,0.51139,0.52439,0.52829,0.51611,0.53426,0.56312,0.56311,0.56533,0.55605,0.53078,0.52877,0.52927,0.53633,0.57263,0.58,0.55998,0.58588,0.61277,0.60798,0.6257,0.5889,0.50776,0.50164,0.50786,0.51561,0.56605,0.5736,0.55608,0.57327,0.58046,0.57634,0.58806,0.56845,0.53896,0.54022,0.5303,0.55336,0.59913,0.59771,0.60883,0.57692,0.49497,0.48823,0.496,0.50023,0.53071,0.53105,0.53463,0.51921,0.48018,0.47945,0.47273,0.49691,0.57369,0.58394,0.56,0.5861,0.61411,0.61424,0.61447,0.61111,0.60111,0.59981,0.60101,0.60068,0.59814,0.59521,0.60365,0.58787,0.55616,0.554,0.55498,0.55904,0.57094,0.5692,0.57574,0.56067,0.5306,0.53051,0.52394,0.5431,0.59134,0.59383,0.5914,0.58582,0.56901,0.57111,0.55859,0.58642,0.64762,0.64976,0.65076,0.63406,0.57215,0.5634,0.58018,0.56723,0.5816,0.59052,0.56285,0.60554,0.66811,0.66465,0.68345,0.63649,0.52301,0.5143,0.52342,0.53433,0.60528,0.61549,0.59307,0.61218,0.60554,0.59638,0.62194,0.58243,0.5272,0.53068,0.50941,0.5597,0.6811,0.69028,0.67783,0.66909,0.5859,0.56781,0.61176,0.55488,0.48188,0.48244,0.47054,0.50303,0.57835,0.58071,0.58348,0.56061,0.49199,0.48774,0.48756,0.50742,0.58382,0.59317,0.5734,0.5901,0.59564,0.59393,0.59714,0.59217,0.57708,0.57217,0.58532,0.56444,0.52948,0.52839,0.52602,0.53571,0.55692,0.55505,0.56391,0.54077,0.47792,0.47017,0.48428,0.47434,0.48448,0.48952,0.47358,0.49961,0.55659,0.56383,0.54596,0.5661,0.58302,0.57943,0.59136,0.56743,0.51402,0.50889,0.51622,0.51515,0.53355,0.53659,0.52825,0.53955,0.56845,0.57536,0.55405,0.58751,0.64627,0.64806,0.6491,0.6337,0.57312,0.56264,0.58622,0.55795,0.52365,0.52281,0.52031,0.52995,0.55775,0.5601,0.55482,0.55977,0.57007,0.57334,0.56231,0.58216,0.63077,0.63694,0.62541,0.62474,0.53136,0.49278,0.60961,0.41099
0.5982,0.6421,0.56151,0.61215,0.58517,0.57988,0.58196,0.60089,0.67104,0.67437,0.67594,0.65246,0.56818,0.55768,0.57743,0.56142,0.55718,0.55739,0.55642,0.55663,0.56253,0.56634,0.5525,0.57559,0.61167,0.6093,0.62079,0.59265,0.52894,0.52563,0.52454,0.54148,0.5955,0.59849,0.59602,0.58855,0.56997,0.57435,0.55354,0.59681,0.68483,0.68617,0.69399,0.65964,0.56166,0.55375,0.56195,0.57089,0.62179,0.62508,0.6224,0.61287,0.57702,0.57558,0.57155,0.58905,0.63937,0.64252,0.63881,0.633,0.60286,0.59938,0.60362,0.60374,0.61151,0.60991,0.61557,0.603,0.58104,0.58236,0.57269,0.59435,0.63735,0.63633,0.64502,0.61931,0.55578,0.55191,0.5525,0.56673,0.61725,0.62064,0.61656,0.61118,0.5861,0.58531,0.58101,0.59601,0.63368,0.63421,0.63717,0.62273,0.58412,0.58228,0.58003,0.59286,0.62442,0.62286,0.63196,0.60832,0.56014,0.56103,0.54807,0.58288,0.66502,0.668,0.66984,0.64723,0.57727,0.57273,0.5739,0.58874,0.63646,0.6364,0.64404,0.61693,0.54467,0.53972,0.5422,0.55593,0.61409,0.62031,0.6081,0.61508,0.60771,0.60596,0.60741,0.60841,0.61289,0.61118,0.61634,0.60559,0.58527,0.58501,0.58102,0.59196,0.61377,0.61201,0.61971,0.60146,0.56725,0.56864,0.55637,0.58656,0.65529,0.65761,0.65921,0.64054,0.58335,0.57972,0.57994,0.59396,0.64027,0.64193,0.6432,0.62849,0.58223,0.5787,0.58055,0.58898,0.62287,0.62495,0.62255,0.61769,0.59611,0.59436,0.59431,0.59978,0.61308,0.61086,0.61907,0.6017,0.57401,0.57699,0.56078,0.59531,0.66203,0.6607,0.6741,0.63496,0.54018,0.53547,0.53369,0.55971,0.64463,0.65049,0.6444,0.63295,0.57549,0.56904,0.57814,0.57705,0.59517,0.59552,0.59705,0.58798,0.56383,0.5631,0.55951,0.57135,0.5968,0.59509,0.60323,0.58376,0.55016,0.5534,0.53489,0.57623,0.66456,0.66676,0.67159,0.64358,0.56721,0.56445,0.55842,0.58846,0.67196,0.67525,0.6772,0.65237,0.57338,0.56748,0.57145,0.58403,0.63404,0.63576,0.63763,0.62154,0.58052,0.58156,0.56855,0.60264,0.68104,0.68305,0.68741,0.6615,0.58834,0.58448,0.58299,0.60332,0.66374,0.66482,0.67071,0.64412,0.56367,0.55534,0.5688,0.56572,0.60687,0.61799,0.59075,0.61673,0.57314,0.53715,0.65247,0.44575
0.82607,0.8897,0.76891,0.85333,0.82607,0.81161,0.83986,0.81878,0.82607,0.82886,0.82281,0.82702,0.82607,0.82545,0.82521,0.82545,0.82607,0.82545,0.82521,0.82545,0.82607,0.82545,0.82521,0.82545,0.82607,0.82545,0.82521,0.82545,0.82607,0.82545,0.82521,0.82545,0.82607,0.82545,0.82521,0.82545,0.82607,0.82545,0.82521,0.82545,0.82607,0.82545,0.82521,0.82545,0.82607,0.82545,0.82521,0.82545,0.82607,0.82545,0.82521,0.82545,0.82607,0.82545,0.82521,0.82545,0.82607,0.82545,0.82521,0.82545,0.82607,0.82545,0.82521,0.82545,0.82607,0.82545,0.82521,0.82545,0.82607,0.82545,0.82521,0.82545,0.82607,0.82545,0.82521,0.82545,0.82607,0.82545,0.82521,0.82545,0.82607,0.82545,0.82521,0.82545,0.82607,0.82545,0.82521,0.82545,0.82607,0.82545,0.82521,0.82545,0.82607,0.82545,0.82521,0.82545,0.82607,0.82545,0.82521,0.82545,0.82607,0.82545,0.82521,0.82545,0.82607,0.82545,0.82521,0.82545,0.82607,0.82545,0.82521,0.82545,0.82607,0.82545,0.82521,0.82545,0.82607,0.82545,0.82521,0.82545,0.82607,0.82545,0.82521,0.82545,0.82607,0.82545,0.82521,0.82545,0.82607,0.82545,0.82521,0.82545,0.82607,0.82545,0.82521,0.82545,0.82607,0.82545,0.82521,0.82545,0.82607,0.82545,0.82521,0.82545,0.82607,0.82545,0.82521,0.82545,0.82607,0.82545,0.82521,0.82545,0.82607,0.82545,0.82521,0.82545,0.82607,0.82545,0.82521,0.82545,0.82607,0.82545,0.82521,0.82545,0.82607,0.82545,0.82521,0.82545,0.82607,0.82545,0.82521,0.82545,0.82607,0.82545,0.82521,0.82545,0.82607,0.82545,0.82521,0.82545,0.82607,0.82545,0.82521,0.82545,0.82607,0.82545,0.82521,0.82545,0.82607,0.82545,0.82521,0.82545,0.82607,0.82545,0.82521,0.82545,0.82607,0.82545,0.82521,0.82545,0.82607,0.82545,0.82521,0.82545,0.82607,0.82545,0.82521,0.82545,0.82607,0.82545,0.82521,0.82545,0.82607,0.82545,0.82521,0.82545,0.82607,0.82545,0.82521,0.82545,0.82607,0.82545,0.82521,0.82545,0.82607,0.82545,0.82521,0.82545,0.82607,0.82545,0.82521,0.82545,0.82607,0.82545,0.82521,0.82545,0.82607,0.82545,0.82521,0.82545,0.82607,0.82545,0.82521,0.82638,0.82607,0.8235,0.83089,0.82011,0.82607,0.83712,0.8035,0.84746,0.82607,0.77962,0.93557,0.64489
0.83453,0.89881,0.77678,0.86206,0.83453,0.81992,0.84846,0.82716,0.83453,0.83735,0.83123,0.83548,0.83453,0.8339,0.83366,0.8339,0.83453,0.8339,0.83366,0.8339,0.83453,0.8339,0.83366,0.8339,0.83453,0.8339,0.83366,0.8339,0.83453,0.8339,0.83366,0.8339,0.83453,0.8339,0.83366,0.8339,0.83453,0.8339,0.83366,0.8339,0.83453,0.8339,0.83366,0.8339,0.83453,0.8339,0.83366,0.8339,0.83453,0.8339,0.83366,0.8339,0.83453,0.8339,0.83366,0.8339,0.83453,0.8339,0.83366,0.8339,0.83453,0.8339,0.83366,0.8339,0.83453,0.8339,0.83366,0.8339,0.83453,0.8339,0.83366,0.8339,0.83453,0.8339,0.83366,0.8339,0.83453,0.8339,0.83366,0.8339,0.83453,0.8339,0.83366,0.8339,0.83453,0.8339,0.83366,0.8339,0.83453,0.8339,0.83366,0.8339,0.83453,0.8339,0.83366,0.8339,0.83453,0.8339,0.83366,0.8339,0.83453,0.8339,0.83366,0.8339,0.83453,0.8339,0.83366,0.8339,0.83453,0.8339,0.83366,0.8339,0.83453,0.8339,0.83366,0.8339,0.83453,0.8339,0.83366,0.8339,0.83453,0.8339,0.83366,0.8339,0.83453,0.8339,0.83366,0.8339,0.83453,0.8339,0.83366,0.8339,0.83453,0.8339,0.83366,0.8339,0.83453,0.8339,0.83366,0.8339,0.83453,0.8339,0.83366,0.8339,0.83453,0.8339,0.83366,0.8339,0.83453,0.8339,0.83366,0.8339,0.83453,0.8339,0.83366,0.8339,0.83453,0.8339,0.83366,0.8339,0.83453,0.8339,0.83366,0.8339,0.83453,0.8339,0.83366,0.8339,0.83453,0.8339,0.83366,0.8339,0.83453,0.8339,0.83366,0.8339,0.83453,0.8339,0.83366,0.8339,0.83453,0.8339,0.83366,0.8339,0.83453,0.8339,0.83366,0.8339,0.83453,0.8339,0.83366,0.8339,0.83453,0.8339,0.83366,0.8339,0.83453,0.8339,0.83366,0.8339,0.83453,0.8339,0.83366,0.8339,0.83453,0.8339,0.83366,0.8339,0.83453,0.8339,0.83366,0.8339,0.83453,0.8339,0.83366,0.8339,0.83453,0.8339,0.83366,0.8339,0.83453,0.8339,0.83366,0.8339,0.83453,0.8339,0.83366,0.8339,0.83453,0.8339,0.83366,0.8339,0.83453,0.8339,0.83366,0.8339,0.83453,0.8339,0.83366,0.8339,0.83453,0.8339,0.83366,0.83484,0.83453,0.83194,0.8394,0.8285,0.83453,0.84569,0.81172,0.85614,0.83453,0.7876,0.94515,0.65149
0.87214,0.93931,0.81179,0.90091,0.87214,0.85687,0.8867,0.86444,0.87214,0.87508,0.86869,0.87314,0.87214,0.87148,0.87124,0.87148,0.87214,0.87148,0.87124,0.87148,0.87214,0.87148,0.87124,0.87148,0.87214,0.87148,0.87124,0.87148,0.87214,0.87148,0.87124,0.87148,0.87214,0.87148,0.87124,0.87148,0.87214,0.87148,0.87124,0.87148,0.87214,0.87148,0.87124,0.87148,0.87214,0.87148,0.87124,0.87148,0.87214,0.87148,0.87124,0.87148,0.87214,0.87148,0.87124,0.87148,0.87214,0.87148,0.87124,0.87148,0.87214,0.87148,0.87124,0.87148,0.87214,0.87148,0.87124,0.87148,0.87214,0.87148,0.87124,0.87148,0.87214,0.87148,0.87124,0.87148,0.87214,0.87148,0.87124,0.87148,0.87214,0.87148,0.87124,0.87148,0.87214,0.87148,0.87124,0.87148,0.87214,0.87148,0.87124,0.87148,0.87214,0.87148,0.87124,0.87148,0.87214,0.87148,0.87124,0.87148,0.87214,0.87148,0.87124,0.87148,0.87214,0.87148,0.87124,0.87148,0.87214,0.87148,0.87124,0.87148,0.87214,0.87148,0.87124,0.87148,0.87214,0.87148,0.87124,0.87148,0.87214,0.87148,0.87124,0.87148,0.87214,0.87148,0.87124,0.87148,0.87214,0.87148,0.87124,0.87148,0.87214,0.87148,0.87124,0.87148,0.87214,0.87148,0.87124,0.87148,0.87214,0.87148,0.87124,0.87148,0.87214,0.87148,0.87124,0.87148,0.87214,0.87148,0.87124,0.87148,0.87214,0.87148,0.87124,0.87148,0.87214,0.87148,0.87124,0.87148,0.87214,0.87148,0.87124,0.87148,0.87214,0.87148,0.87124,0.87148,0.87214,0.87148,0.87124,0.87148,0.87214,0.87148,0.87124,0.87148,0.87214,0.87148,0.87124,0.87148,0.87214,0.87148,0.87124,0.87148,0.87214,0.87148,0.87124,0.87148,0.87214,0.87148,0.87124,0.87148,0.87214,0.87148,0.87124,0.87148,0.87214,0.87148,0.87124,0.87148,0.87214,0.87148,0.87124,0.87148,0.87214,0.87148,0.87124,0.87148,0.87214,0.87148,0.87124,0.87148,0.87214,0.87148,0.87124,0.87148,0.87214,0.87148,0.87124,0.87148,0.87214,0.87148,0.87124,0.87148,0.87214,0.87148,0.87124,0.87148,0.87214,0.87148,0.87124,0.87148,0.87214,0.87148,0.87124,0.87148,0.87214,0.87148,0.87124,0.87148,0.87214,0.87148,0.87124,0.87246,0.87214,0.86943,0.87723,0.86584,0.87214,0.8838,0.84831,0.89472,0.87214,0.8231,0.98774,0.68085
0.77563,0.83537,0.72196,0.80122,0.77563,0.76206,0.78858,0.76878,0.77563,0.77825,0.77257,0.77652,0.77563,0.77505,0.77483,0.77505,0.77563,0.77505,0.77483,0.77505,0.77563,0.77505,0.77483,0.77505,0.77563,0.77505,0.77483,0.77505,0.77563,0.77505,0.77483,0.77505,0.77563,0.77505,0.77483,0.77505,0.77563,0.77505,0.77483,0.77505,0.77563,0.77505,0.77483,0.77505,0.77563,0.77505,0.77483,0.77505,0.77563,0.77505,0.77483,0.77505,0.77563,0.77505,0.77483,0.77505,0.77563,0.77505,0.77483,0.77505,0.77563,0.77505,0.77483,0.77505,0.77563,0.77505,0.77483,0.77505,0.77563,0.77505,0.77483,0.77505,0.77563,0.77505,0.77483,0.77505,0.77563,0.77505,0.77483,0.77505,0.77563,0.77505,0.77483,0.77505,0.77563,0.77505,0.77483,0.77505,0.77563,0.77505,0.77483,0.77505,0.77563,0.77505,0.77483,0.77505,0.77563,0.77505,0.77483,0.77505,0.77563,0.77505,0.77483,0.77505,0.77563,0.77505,0.77483,0.77505,0.77563,0.77505,0.77483,0.77505,0.77563,0.77505,0.77483,0.77505,0.77563,0.77505,0.77483,0.77505,0.77563,0.77505,0.77483,0.77505,0.77563,0.77505,0.77483,0.77505,0.77563,0.77505,0.77483,0.77505,0.77563,0.77505,0.77483,0.77505,0.77563,0.77505,0.77483,0.77505,0.77563,0.77505,0.77483,0.77505,0.77563,0.77505,0.77483,0.77505,0.77563,0.77505,0.77483,0.77505,0.77563,0.77505,0.77483,0.77505,0.77563,0.77505,0.77483,0.77505,0.77563,0.77505,0.77483,0.77505,0.77563,0.77505,0.77483,0.77505,0.77563,0.77505,0.77483,0.77505,0.77563,0.77505,0.77483,0.77505,0.77563,0.77505,0.77483,0.77505,0.77563,0.77505,0.77483,0.77505,0.77563,0.77505,0.77483,0.77505,0.77563,0.77505,0.77483,0.77505,0.77563,0.77505,0.77483,0.77505,0.77563,0.77505,0.77483,0.77505,0.77563,0.77505,0.77483,0.77505,0.77563,0.77505,0.77483,0.77505,0.77563,0.77505,0.77483,0.77505,0.77563,0.77505,0.77483,0.77505,0.77563,0.77505,0.77483,0.77505,0.77563,0.77505,0.77483,0.77505,0.77563,0.77505,0.77483,0.77505,0.77563,0.77505,0.77483,0.77505,0.77563,0.77505,0.77483,0.77505,0.77563,0.77505,0.77483,0.77505,0.77563,0.77505,0.77483,0.77592,0.77563,0.77322,0.78016,0.77003,0.77563,0.78601,0.75444,0.79572,0.77563,0.73202,0.87845,0.60551
0.73815,0.795,0.68707,0.7625,0.73815,0.72523,0.75047,0.73163,0.73815,0.74064,0.73523,0.73899,0.73815,0.73759,0.73738,0.73759,0.73815,0.73759,0.73738,0.73759,0.73815,0.73759,0.73738,0.73759,0.73815,0.73759,0.73738,0.73759,0.73815,0.73759,0.73738,0.73759,0.73815,0.73759,0.73738,0.73759,0.73815,0.73759,0.73738,0.73759,0.73815,0.73759,0.73738,0.73759,0.73815,0.73759,0.73738,0.73759,0.73815,0.73759,0.73738,0.73759,0.73815,0.73759,0.73738,0.73759,0.73815,0.73759,0.73738,0.73759,0.73815,0.73759,0.73738,0.73759,0.73815,0.73759,0.73738,0.73759,0.73815,0.73759,0.73738,0.73759,0.73815,0.73759,0.73738,0.73759,0.73815,0.73759,0.73738,0.73759,0.73815,0.73759,0.73738,0.73759,0.73815,0.73759,0.73738,0.73759,0.73815,0.73759,0.73738,0.73759,0.73815,0.73759,0.73738,0.73759,0.73815,0.73759,0.73738,0.73759,0.73815,0.73759,0.73738,0.73759,0.73815,0.73759,0.73738,0.73759,0.73815,0.73759,0.73738,0.73759,0.73815,0.73759,0.73738,0.73759,0.73815,0.73759,0.73738,0.73759,0.73815,0.73759,0.73738,0.73759,0.73815,0.73759,0.73738,0.73759,0.73815,0.73759,0.73738,0.73759,0.73815,0.73759,0.73738,0.73759,0.73815,0.73759,0.73738,0.73759,0.73815,0.73759,0.73738,0.73759,0.73815,0.73759,0.73738,0.73759,0.73815,0.73759,0.73738,0.73759,0.73815,0.73759,0.73738,0.73759,0.73815,0.73759,0.73738,0.73759,0.73815,0.73759,0.73738,0.73759,0.73815,0.73759,0.73738,0.73759,0.73815,0.73759,0.73738,0.73759,0.73815,0.73759,0.73738,0.73759,0.73815,0.73759,0.73738,0.73759,0.73815,0.73759,0.73738,0.73759,0.73815,0.73759,0.73738,0.73759,0.73815,0.73759,0.73738,0.73759,0.73815,0.73759,0.73738,0.73759,0.73815,0.73759,0.73738,0.73759,0.73815,0.73759,0.73738,0.73759,0.73815,0.73759,0.73738,0.73759,0.73815,0.73759,0.73738,0.73759,0.73815,0.73759,0.73738,0.73759,0.73815,0.73759,0.73738,0.73759,0.73815,0.73759,0.73738,0.73759,0.73815,0.73759,0.73738,0.73759,0.73815,0.73759,0.73738,0.73759,0.73815,0.73759,0.73738,0.73759,0.73815,0.73759,0.73738,0.73759,0.73815,0.73759,0.73738,0.73842,0.73815,0.73585,0.74245,0.73282,0.73815,0.74802,0.71798,0.75726,0.73815,0.69664,0.83599,0.57625
0.88475,0.9529,0.82353,0.91394,0.88475,0.86927,0.89952,0.87694,0.88475,0.88774,0.88126,0.88576,0.88475,0.88408,0.88384,0.88408,0.88475,0.88408,0.88384,0.88408,0.88475,0.88408,0.88384,0.88408,0.88475,0.88408,0.88384,0.88408,0.88475,0.88408,0.88384,0.88408,0.88475,0.88408,0.88384,0.88408,0.88475,0.88408,0.88384,0.88408,0.88475,0.88408,0.88384,0.88408,0.88475,0.88408,0.88384,0.88408,0.88475,0.88408,0.88384,0.88408,0.88475,0.88408,0.88384,0.88408,0.88475,0.88408,0.88384,0.88408,0.88475,0.88408,0.88384,0.88408,0.88475,0.88408,0.88384,0.88408,0.88475,0.88408,0.88384,0.88408,0.88475,0.88408,0.88384,0.88408,0.88475,0.88408,0.88384,0.88408,0.88475,0.88408,0.88384,0.88408,0.88475,0.88408,0.88384,0.88408,0.88475,0.88408,0.88384,0.88408,0.88475,0.88408,0.88384,0.88408,0.88475,0.88408,0.88384,0.88408,0.88475,0.88408,0.88384,0.88408,0.88475,0.88408,0.88384,0.88408,0.88475,0.88408,0.88384,0.88408,0.88475,0.88408,0.88384,0.88496,0.88475,0.88227,0.88914,0.87909,0.88475,0.895,0.86352,0.90467,0.88475,0.84122,0.98705,0.71521,0.11212,0.051945,0.16467,0.085963,0.11212,0.12498,0.098307,0.11828,0.11212,0.10885,0.11426,0.11057,0.11212,0.11204,0.11201,0.11204,0.11212,0.11204,0.11201,0.11204,0.11212,0.11204,0.11201,0.11204,0.11212,0.11204,0.11201,0.11204,0.11212,0.11204,0.11201,0.11204,0.11212,0.11204,0.11201,0.11204,0.11212,0.11204,0.11201,0.11204,0.11212,0.11204,0.11201,0.11204,0.11212,0.11204,0.11201,0.11204,0.11212,0.11204,0.11201,0.11204,0.11212,0.11204,0.11201,0.11204,0.11212,0.11204,0.11201,0.11204,0.11212,0.11204,0.11201,0.11204,0.11212,0.11204,0.11201,0.11204,0.11212,0.11204,0.11201,0.11204,0.11212,0.11204,0.11201,0.11204,0.11212,0.11204,0.11201,0.11204,0.11212,0.11204,0.11201,0.11204,0.11212,0.11204,0.11201,0.11204,0.11212,0.11204,0.11201,0.11204,0.11212,0.11204,0.11201,0.11204,0.11212,0.11204,0.11201,0.11204,0.11212,0.11204,0.11201,0.11204,0.11212,0.11204,0.11201,0.11204,0.11212,0.11204,0.11201,0.11204,0.11212,0.11204,0.11201,0.11217,0.11212,0.11178,0.11278,0.11131,0.11212,0.11362,0.10906,0.11503,0.11212,0.10582,0.12699,0.087531
0.76416,0.82302,0.71128,0.78938,0.76416,0.75079,0.77692,0.75742,0.76416,0.76675,0.76115,0.76504,0.76416,0.76359,0.76337,0.76359,0.76416,0.76359,0.76337,0.76359,0.76416,0.76359,0.76337,0.76359,0.76416,0.76359,0.76337,0.76359,0.76416,0.76359,0.76337,0.76359,0.76416,0.76359,0.76337,0.76359,0.76416,0.76359,0.76337,0.76359,0.76416,0.76359,0.76337,0.76359,0.76416,0.76359,0.76337,0.76359,0.76416,0.76359,0.76337,0.76359,0.76416,0.76359,0.76337,0.76359,0.76416,0.76359,0.76337,0.76359,0.76416,0.76359,0.76337,0.76359,0.76416,0.76359,0.76337,0.76359,0.76416,0.76359,0.76337,0.76359,0.76416,0.76359,0.76337,0.76359,0.76416,0.76359,0.76337,0.76359,0.76416,0.76359,0.76337,0.76359,0.76416,0.76359,0.76337,0.76359,0.76416,0.76359,0.76337,0.76359,0.76416,0.76359,0.76337,0.76359,0.76416,0.76359,0.76337,0.76359,0.76416,0.76359,0.76337,0.76359,0.76416,0.76359,0.76337,0.76359,0.76416,0.76359,0.76337,0.76359,0.76416,0.76359,0.76337,0.76418,0.76416,0.76234,0.76701,0.76017,0.76416,0.77106,0.74947,0.77768,0.76416,0.73425,0.83402,0.648,0.23536,0.19406,0.27117,0.21734,0.23536,0.24404,0.22574,0.23946,0.23536,0.233,0.23666,0.23418,0.23536,0.23519,0.23512,0.23519,0.23536,0.23519,0.23512,0.23519,0.23536,0.23519,0.23512,0.23519,0.23536,0.23519,0.23512,0.23519,0.23536,0.23519,0.23512,0.23519,0.23536,0.23519,0.23512,0.23519,0.23536,0.23519,0.23512,0.23519,0.23536,0.23519,0.23512,0.23519,0.23536,0.23519,0.23512,0.23519,0.23536,0.23519,0.23512,0.23519,0.23536,0.23519,0.23512,0.23519,0.23536,0.23519,0.23512,0.23519,0.23536,0.23519,0.23512,0.23519,0.23536,0.23519,0.23512,0.23519,0.23536,0.23519,0.23512,0.23519,0.23536,0.23519,0.23512,0.23519,0.23536,0.23519,0.23512,0.23519,0.23536,0.23519,0.23512,0.23519,0.23536,0.23519,0.23512,0.23519,0.23536,0.23519,0.23512,0.23519,0.23536,0.23519,0.23512,0.23519,0.23536,0.23519,0.23512,0.23519,0.23536,0.23519,0.23512,0.23519,0.23536,0.23519,0.23512,0.23519,0.23536,0.23519,0.23512,0.23519,0.23536,0.23519,0.23512,0.23545,0.23536,0.23463,0.23674,0.23367,0.23536,0.23851,0.22893,0.24146,0.23536,0.22213,0.26656,0.18374
0.88865,0.9571,0.82715,0.91797,0.88865,0.8731,0.90349,0.8808,0.88865,0.89165,0.88514,0.88967,0.88865,0.88798,0.88773,0.88798,0.88865,0.88798,0.88773,0.88798,0.88865,0.88798,0.88773,0.88798,0.88865,0.88798,0.88773,0.88798,0.88865,0.88798,0.88773,0.88798,0.88865,0.88798,0.88773,0.88798,0.88865,0.88798,0.88773,0.88798,0.88865,0.88798,0.88773,0.88798,0.88865,0.88798,0.88773,0.88798,0.88865,0.88798,0.88773,0.88798,0.88865,0.88798,0.88773,0.88798,0.88865,0.88798,0.88773,0.88798,0.88865,0.88798,0.88773,0.88798,0.88865,0.88798,0.88773,0.88798,0.88865,0.88798,0.88773,0.88798,0.88865,0.88798,0.88773,0.88798,0.88865,0.88798,0.88773,0.88798,0.88865,0.88798,0.88773,0.88798,0.88865,0.88798,0.88773,0.88798,0.88865,0.88798,0.88773,0.88798,0.88865,0.88798,0.88773,0.88798,0.88865,0.88798,0.88773,0.88798,0.88865,0.88798,0.88773,0.88798,0.88865,0.88798,0.88773,0.88798,0.88865,0.88798,0.88773,0.88798,0.88865,0.88798,0.88773,0.88798,0.88865,0.88798,0.88773,0.88798,0.88865,0.88798,0.88773,0.88798,0.88865,0.88798,0.88773,0.88798,0.88865,0.88798,0.88773,0.88798,0.88865,0.88798,0.88773,0.88798,0.88865,0.88798,0.88773,0.88798,0.88865,0.88798,0.88773,0.88798,0.88865,0.88798,0.88773,0.88798,0.88865,0.88798,0.88773,0.88798,0.88865,0.88798,0.88773,0.88798,0.88865,0.88798,0.88773,0.88798,0.88865,0.88798,0.88773,0.88798,0.88865,0.88798,0.88773,0.88798,0.88865,0.88798,0.88773,0.88798,0.88865,0.88798,0.88773,0.88798,0.88865,0.88798,0.88773,0.88798,0.88865,0.88798,0.88773,0.88798,0.88865,0.88798,0.88773,0.88798,0.88865,0.88798,0.88773,0.88798,0.88865,0.88798,0.88773,0.88798,0.88865,0.88798,0.88773,0.88798,0.88865,0.88798,0.88773,0.88798,0.88865,0.88798,0.88773,0.88798,0.88865,0.88798,0.88773,0.88798,0.88865,0.88798,0.88773,0.88798,0.88865,0.88798,0.88773,0.88798,0.88865,0.88798,0.88773,0.88798,0.88865,0.88798,0.88773,0.88798,0.88865,0.88798,0.88773,0.88798,0.88865,0.88798,0.88773,0.88798,0.88865,0.88798,0.88773,0.88798,0.88865,0.88798,0.88773,0.88898,0.88865,0.88589,0.89384,0.88223,0.88865,0.90054,0.86437,0.91166,0.88865,0.83868,1.0064,0.69374
0.75762,0.81597,0.70519,0.78261,0.75762,0.74436,0.77027,0.75093,0.75762,0.76017,0.75462,0.75848,0.75762,0.75704,0.75683,0.75704,0.75762,0.75704,0.75683,0.75704,0.75762,0.75704,0.75683,0.75704,0.75762,0.75704,0.75683,0.75704,0.75762,0.75704,0.75683,0.75704,0.75762,0.75704,0.75683,0.75704,0.75762,0.75704,0.75683,0.75704,0.75762,0.75704,0.75683,0.75704,0.75762,0.75704,0.75683,0.75704,0.75762,0.75704,0.75683,0.75704,0.75762,0.75704,0.75683,0.75704,0.75762,0.75704,0.75683,0.75704,0.75762,0.75704,0.75683,0.75704,0.75762,0.75704,0.75683,0.75704,0.75762,0.75704,0.75683,0.75704,0.75762,0.75704,0.75683,0.75704,0.75762,0.75704,0.75683,0.75704,0.75762,0.75704,0.75683,0.75704,0.75762,0.75704,0.75683,0.75704,0.75762,0.75704,0.75683,0.75704,0.75762,0.75704,0.75683,0.75704,0.75762,0.75704,0.75683,0.75704,0.75762,0.75704,0.75683,0.75704,0.75762,0.75704,0.75683,0.75704,0.75762,0.75704,0.75683,0.75704,0.75762,0.75704,0.75683,0.75704,0.75762,0.75704,0.75683,0.75704,0.75762,0.75704,0.75683,0.75704,0.75762,0.75704,0.75683,0.75704,0.75762,0.75704,0.75683,0.75704,0.75762,0.75704,0.75683,0.75704,0.75762,0.75704,0.75683,0.75704,0.75762,0.75704,0.75683,0.75704,0.75762,0.75704,0.75683,0.75704,0.75762,0.75704,0.75683,0.75704,0.75762,0.75704,0.75683,0.75704,0.75762,0.75704,0.75683,0.75704,0.75762,0.75704,0.75683,0.75704,0.75762,0.75704,0.75683,0.75704,0.75762,0.75704,0.75683,0.75704,0.75762,0.75704,0.75683,0.75704,0.75762,0.75704,0.75683,0.75704,0.75762,0.75704,0.75683,0.75704,0.75762,0.75704,0.75683,0.75704,0.75762,0.75704,0.75683,0.75704,0.75762,0.75704,0.75683,0.75704,0.75762,0.75704,0.75683,0.75704,0.75762,0.75704,0.75683,0.75704,0.75762,0.75704,0.75683,0.75704,0.75762,0.75704,0.75683,0.75704,0.75762,0.75704,0.75683,0.75704,0.75762,0.75704,0.75683,0.75704,0.75762,0.75704,0.75683,0.75704,0.75762,0.75704,0.75683,0.75704,0.75762,0.75704,0.75683,0.75704,0.75762,0.75704,0.75683,0.75704,0.75762,0.75704,0.75683,0.75704,0.75762,0.75704,0.75683,0.7579,0.75762,0.75526,0.76204,0.75215,0.75762,0.76775,0.73691,0.77723,0.75762,0.71501,0.85804,0.59145
0.73666,0.7934,0.68568,0.76096,0.73666,0.72376,0.74896,0.73015,0.73666,0.73915,0.73375,0.7375,0.73666,0.7361,0.7359,0.7361,0.73666,0.7361,0.7359,0.7361,0.73666,0.7361,0.7359,0.7361,0.73666,0.7361,0.7359,0.7361,0.73666,0.7361,0.7359,0.7361,0.73666,0.7361,0.7359,0.7361,0.73666,0.7361,0.7359,0.7361,0.73666,0.7361,0.7359,0.7361,0.73666,0.7361,0.7359,0.7361,0.73666,0.7361,0.7359,0.7361,0.73666,0.7361,0.7359,0.7361,0.73666,0.7361,0.7359,0.7361,0.73666,0.7361,0.7359,0.7361,0.73666,0.7361,0.7359,0.7361,0.73666,0.7361,0.7359,0.7361,0.73666,0.7361,0.7359,0.7361,0.73666,0.7361,0.7359,0.7361,0.73666,0.7361,0.7359,0.7361,0.73666,0.7361,0.7359,0.7361,0.73666,0.7361,0.7359,0.7361,0.73666,0.7361,0.7359,0.7361,0.73666,0.7361,0.7359,0.7361,0.73666,0.7361,0.7359,0.7361,0.73666,0.7361,0.7359,0.7361,0.73666,0.7361,0.7359,0.7361,0.73666,0.7361,0.7359,0.7361,0.73666,0.7361,0.7359,0.7361,0.73666,0.7361,0.7359,0.7361,0.73666,0.7361,0.7359,0.7361,0.73666,0.7361,0.7359,0.7361,0.73666,0.7361,0.7359,0.7361,0.73666,0.7361,0.7359,0.7361,0.73666,0.7361,0.7359,0.7361,0.73666,0.7361,0.7359,0.7361,0.73666,0.7361,0.7359,0.7361,0.73666,0.7361,0.7359,0.7361,0.73666,0.7361,0.7359,0.7361,0.73666,0.7361,0.7359,0.7361,0.73666,0.7361,0.7359,0.7361,0.73666,0.7361,0.7359,0.7361,0.73666,0.7361,0.7359,0.7361,0.73666,0.7361,0.7359,0.7361,0.73666,0.7361,0.7359,0.7361,0.73666,0.7361,0.7359,0.7361,0.73666,0.7361,0.7359,0.7361,0.73666,0.7361,0.7359,0.7361,0.73666,0.7361,0.7359,0.7361,0.73666,0.7361,0.7359,0.7361,0.73666,0.7361,0.7359,0.7361,0.73666,0.7361,0.7359,0.7361,0.73666,0.7361,0.7359,0.7361,0.73666,0.7361,0.7359,0.7361,0.73666,0.7361,0.7359,0.7361,0.73666,0.7361,0.7359,0.7361,0.73666,0.7361,0.7359,0.7361,0.73666,0.7361,0.7359,0.7361,0.73666,0.7361,0.7359,0.7361,0.73666,0.7361,0.7359,0.73693,0.73666,0.73437,0.74096,0.73134,0.73666,0.74651,0.71653,0.75573,0.73666,0.69523,0.83431,0.57509
0.8556,0.9215,0.79639,0.88383,0.8556,0.84063,0.86989,0.84805,0.8556,0.85849,0.85222,0.85658,0.8556,0.85496,0.85472,0.85496,0.8556,0.85496,0.85472,0.85496,0.8556,0.85496,0.85472,0.85496,0.8556,0.85496,0.85472,0.85496,0.8556,0.85496,0.85472,0.85496,0.8556,0.85496,0.85472,0.85496,0.8556,0.85496,0.85472,0.85496,0.8556,0.85496,0.85472,0.85496,0.8556,0.85496,0.85472,0.85496,0.8556,0.85496,0.85472,0.85496,0.8556,0.85496,0.85472,0.85496,0.8556,0.85496,0.85472,0.85496,0.8556,0.85496,0.85472,0.85496,0.8556,0.85496,0.85472,0.85496,0.8556,0.85496,0.85472,0.85496,0.8556,0.85496,0.85472,0.85496,0.8556,0.85496,0.85472,0.85496,0.8556,0.85496,0.85472,0.85496,0.8556,0.85496,0.85472,0.85496,0.8556,0.85496,0.85472,0.85496,0.8556,0.85496,0.85472,0.85496,0.8556,0.85496,0.85472,0.85496,0.8556,0.85496,0.85472,0.85496,0.8556,0.85496,0.85472,0.85496,0.8556,0.85496,0.85472,0.85496,0.8556,0.85496,0.85472,0.85496,0.8556,0.85496,0.85472,0.85496,0.8556,0.85496,0.85472,0.85496,0.8556,0.85496,0.85472,0.85496,0.8556,0.85496,0.85472,0.85496,0.8556,0.85496,0.85472,0.85496,0.8556,0.85496,0.85472,0.85496,0.8556,0.85496,0.85472,0.85496,0.8556,0.85496,0.85472,0.85496,0.8556,0.85496,0.85472,0.85496,0.8556,0.85496,0.85472,0.85496,0.8556,0.85496,0.85472,0.85496,0.8556,0.85496,0.85472,0.85496,0.8556,0.85496,0.85472,0.85496,0.8556,0.85496,0.85472,0.85496,0.8556,0.85496,0.85472,0.85496,0.8556,0.85496,0.85472,0.85496,0.8556,0.85496,0.85472,0.85496,0.8556,0.85496,0.85472,0.85496,0.8556,0.85496,0.85472,0.85496,0.8556,0.85496,0.85472,0.85496,0.8556,0.85496,0.85472,0.85496,0.8556,0.85496,0.85472,0.85496,0.8556,0.85496,0.85472,0.85496,0.8556,0.85496,0.85472,0.85496,0.8556,0.85496,0.85472,0.85496,0.8556,0.85496,0.85472,0.85496,0.8556,0.85496,0.85472,0.85496,0.8556,0.85496,0.85472,0.85496,0.8556,0.85496,0.85472,0.85496,0.8556,0.85496,0.85472,0.85496,0.8556,0.85496,0.85472,0.85496,0.8556,0.85496,0.85472,0.85592,0.8556,0.85295,0.8606,0.84942,0.8556,0.86705,0.83222,0.87776,0.8556,0.80749,0.96902,0.66794
0.52296,0.56324,0.48677,0.54022,0.52296,0.51381,0.5317,0.51835,0.52296,0.52473,0.5209,0.52356,0.52296,0.52257,0.52242,0.52257,0.52296,0.52257,0.52242,0.52257,0.52296,0.52257,0.52242,0.52257,0.52296,0.52257,0.52242,0.52257,0.52296,0.52257,0.52242,0.52257,0.52296,0.52257,0.52242,0.52257,0.52296,0.52257,0.52242,0.52257,0.52296,0.52257,0.52242,0.52257,0.52296,0.52257,0.52242,0.52257,0.52296,0.52257,0.52242,0.52257,0.52296,0.52257,0.52242,0.52257,0.52296,0.52257,0.52242,0.52257,0.52296,0.52257,0.52242,0.52257,0.52296,0.52257,0.52242,0.52257,0.52296,0.52257,0.52242,0.52257,0.52296,0.52257,0.52242,0.52257,0.52296,0.52257,0.52242,0.52257,0.52296,0.52257,0.52242,0.52257,0.52296,0.52257,0.52242,0.52257,0.52296,0.52257,0.52242,0.52257,0.52296,0.52257,0.52242,0.52257,0.52296,0.52257,0.52242,0.52257,0.52296,0.52257,0.52242,0.52257,0.52296,0.52257,0.52242,0.52257,0.52296,0.52257,0.52242,0.52257,0.52296,0.52257,0.52242,0.52231,0.52296,0.5231,0.52086,0.52404,0.52296,0.51935,0.52841,0.51649,0.52296,0.53521,0.49198,0.57238,0.75086,0.76802,0.73455,0.75799,0.75086,0.74648,0.75413,0.74846,0.75086,0.75124,0.74942,0.75073,0.75086,0.7503,0.75009,0.7503,0.75086,0.7503,0.75009,0.7503,0.75086,0.7503,0.75009,0.7503,0.75086,0.7503,0.75009,0.7503,0.75086,0.7503,0.75009,0.7503,0.75086,0.7503,0.75009,0.7503,0.75086,0.7503,0.75009,0.7503,0.75086,0.7503,0.75009,0.7503,0.75086,0.7503,0.75009,0.7503,0.75086,0.7503,0.75009,0.7503,0.75086,0.7503,0.75009,0.7503,0.75086,0.7503,0.75009,0.7503,0.75086,0.7503,0.75009,0.7503,0.75086,0.7503,0.75009,0.7503,0.75086,0.7503,0.75009,0.7503,0.75086,0.7503,0.75009,0.7503,0.75086,0.7503,0.75009,0.7503,0.75086,0.7503,0.75009,0.7503,0.75086,0.7503,0.75009,0.7503,0.75086,0.7503,0.75009,0.7503,0.75086,0.7503,0.75009,0.7503,0.75086,0.7503,0.75009,0.7503,0.75086,0.7503,0.75009,0.7503,0.75086,0.7503,0.75009,0.7503,0.75086,0.7503,0.75009,0.7503,0.75086,0.7503,0.75009,0.75115,0.75086,0.74853,0.75525,0.74544,0.75086,0.76091,0.73035,0.77031,0.75086,0.70864,0.8504,0.58618
0.7676,0.82672,0.71448,0.79292,0.7676,0.75416,0.78041,0.76082,0.7676,0.77019,0.76457,0.76848,0.7676,0.76702,0.7668,0.76702,0.7676,0.76702,0.7668,0.76702,0.7676,0.76702,0.7668,0.76702,0.7676,0.76702,0.7668,0.76702,0.7676,0.76702,0.7668,0.76702,0.7676,0.76702,0.7668,0.76702,0.7676,0.76702,0.7668,0.76702,0.7676,0.76702,0.7668,0.76702,0.7676,0.76702,0.7668,0.76702,0.7676,0.76702,0.7668,0.76702,0.7676,0.76702,0.7668,0.76702,0.7676,0.76702,0.7668,0.76702,0.7676,0.76702,0.7668,0.76702,0.7676,0.76702,0.7668,0.76702,0.7676,0.76702,0.7668,0.76702,0.7676,0.76702,0.7668,0.76702,0.7676,0.76702,0.7668,0.76702,0.7676,0.76702,0.7668,0.76702,0.7676,0.76702,0.7668,0.76702,0.7676,0.76702,0.7668,0.76702,0.7676,0.76702,0.7668,0.76702,0.7676,0.76702,0.7668,0.76702,0.7676,0.76702,0.7668,0.76702,0.7676,0.76702,0.7668,0.76702,0.7676,0.76702,0.7668,0.76702,0.7676,0.76702,0.7668,0.76702,0.7676,0.76702,0.7668,0.76702,0.7676,0.76702,0.7668,0.76702,0.7676,0.76702,0.7668,0.76702,0.7676,0.76702,0.7668,0.76702,0.7676,0.76702,0.7668,0.76702,0.7676,0.76702,0.7668,0.76702,0.7676,0.76702,0.7668,0.76702,0.7676,0.76702,0.7668,0.76702,0.7676,0.76702,0.7668,0.76702,0.7676,0.76702,0.7668,0.76702,0.7676,0.76702,0.7668,0.76702,0.7676,0.76702,0.7668,0.76702,0.7676,0.76702,0.7668,0.76702,0.7676,0.76702,0.7668,0.76702,0.7676,0.76702,0.7668,0.76702,0.7676,0.76702,0.7668,0.76702,0.7676,0.76702,0.7668,0.76702,0.7676,0.76702,0.7668,0.76702,0.7676,0.76702,0.7668,0.76702,0.7676,0.76702,0.7668,0.76702,0.7676,0.76702,0.7668,0.76702,0.7676,0.76702,0.7668,0.76702,0.7676,0.76702,0.7668,0.76702,0.7676,0.76702,0.7668,0.76702,0.7676,0.76702,0.7668,0.76702,0.7676,0.76702,0.7668,0.76702,0.7676,0.76702,0.7668,0.76702,0.7676,0.76702,0.7668,0.76702,0.7676,0.76702,0.7668,0.76702,0.7676,0.76702,0.7668,0.76702,0.7676,0.76702,0.7668,0.76702,0.7676,0.76702,0.7668,0.76788,0.7676,0.76521,0.77208,0.76205,0.7676,0.77786,0.74662,0.78747,0.7676,0.72443,0.86935,0.59924
0.60996,0.65694,0.56775,0.63008,0.60996,0.59928,0.62014,0.60457,0.60996,0.61202,0.60755,0.61066,0.60996,0.6095,0.60933,0.6095,0.60996,0.6095,0.60933,0.6095,0.60996,0.6095,0.60933,0.6095,0.60996,0.6095,0.60933,0.6095,0.60996,0.6095,0.60933,0.6095,0.60996,0.6095,0.60933,0.6095,0.60996,0.6095,0.60933,0.6095,0.60996,0.6095,0.60933,0.6095,0.60996,0.6095,0.60933,0.6095,0.60996,0.6095,0.60933,0.6095,0.60996,0.6095,0.60933,0.6095,0.60996,0.6095,0.60933,0.6095,0.60996,0.6095,0.60933,0.6095,0.60996,0.6095,0.60933,0.6095,0.60996,0.6095,0.60933,0.6095,0.60996,0.6095,0.60933,0.6095,0.60996,0.6095,0.60933,0.6095,0.60996,0.6095,0.60933,0.6095,0.60996,0.6095,0.60933,0.6095,0.60996,0.6095,0.60933,0.6095,0.60996,0.6095,0.60933,0.6095,0.60996,0.6095,0.60933,0.6095,0.60996,0.6095,0.60933,0.6095,0.60996,0.6095,0.60933,0.6095,0.60996,0.6095,0.60933,0.6095,0.60996,0.6095,0.60933,0.6092,0.60996,0.61012,0.6075,0.61121,0.60996,0.60575,0.61631,0.60242,0.60996,0.62422,0.57386,0.66752,0.87543,0.89541,0.85642,0.88372,0.87543,0.87032,0.87923,0.87262,0.87543,0.87586,0.87375,0.87527,0.87543,0.87476,0.87452,0.87476,0.87543,0.87476,0.87452,0.87476,0.87543,0.87476,0.87452,0.87476,0.87543,0.87476,0.87452,0.87476,0.87543,0.87476,0.87452,0.87476,0.87543,0.87476,0.87452,0.87476,0.87543,0.87476,0.87452,0.87476,0.87543,0.87476,0.87452,0.87476,0.87543,0.87476,0.87452,0.87476,0.87543,0.87476,0.87452,0.87476,0.87543,0.87476,0.87452,0.87476,0.87543,0.87476,0.87452,0.87476,0.87543,0.87476,0.87452,0.87476,0.87543,0.87476,0.87452,0.87476,0.87543,0.87476,0.87452,0.87476,0.87543,0.87476,0.87452,0.87476,0.87543,0.87476,0.87452,0.87476,0.87543,0.87476,0.87452,0.87476,0.87543,0.87476,0.87452,0.87476,0.87543,0.87476,0.87452,0.87476,0.87543,0.87476,0.87452,0.87476,0.87543,0.87476,0.87452,0.87476,0.87543,0.87476,0.87452,0.87476,0.87543,0.87476,0.87452,0.87476,0.87543,0.87476,0.87452,0.87476,0.87543,0.87476,0.87452,0.87575,0.87543,0.87271,0.88054,0.86911,0.87543,0.88714,0.8515,0.89809,0.87543,0.8262,0.99147,0.68342
0.22198,0.23908,0.20662,0.2293,0.22198,0.21809,0.22568,0.22002,0.22198,0.22273,0.2211,0.22223,0.22198,0.22181,0.22175,0.22181,0.22198,0.22181,0.22175,0.22181,0.22198,0.22181,0.22175,0.22181,0.22198,0.22181,0.22175,0.22181,0.22198,0.22181,0.22175,0.22181,0.22198,0.22181,0.22175,0.22181,0.22198,0.22181,0.22175,0.22181,0.22198,0.22181,0.22175,0.22181,0.22198,0.22181,0.22175,0.22181,0.22198,0.22181,0.22175,0.22181,0.22198,0.22181,0.22175,0.22181,0.22198,0.22181,0.22175,0.22181,0.22198,0.22181,0.22175,0.22181,0.22198,0.22181,0.22175,0.22181,0.22198,0.22181,0.22175,0.22181,0.22198,0.22181,0.22175,0.22181,0.22198,0.22181,0.22175,0.22181,0.22198,0.22181,0.22175,0.22181,0.22198,0.22181,0.22175,0.22181,0.22198,0.22181,0.22175,0.22181,0.22198,0.22181,0.22175,0.22181,0.22198,0.22181,0.22175,0.22181,0.22198,0.22181,0.22175,0.22181,0.22198,0.22181,0.22175,0.22181,0.22198,0.22181,0.22175,0.22181,0.22198,0.22181,0.22175,0.22111,0.22198,0.22327,0.21748,0.22582,0.22198,0.21304,0.23806,0.20527,0.22198,0.25624,0.13885,0.35745,0.84255,0.89018,0.79937,0.86286,0.84255,0.83152,0.85268,0.8369,0.84255,0.84448,0.83987,0.84309,0.84255,0.84191,0.84168,0.84191,0.84255,0.84191,0.84168,0.84191,0.84255,0.84191,0.84168,0.84191,0.84255,0.84191,0.84168,0.84191,0.84255,0.84191,0.84168,0.84191,0.84255,0.84191,0.84168,0.84191,0.84255,0.84191,0.84168,0.84191,0.84255,0.84191,0.84168,0.84191,0.84255,0.84191,0.84168,0.84191,0.84255,0.84191,0.84168,0.84191,0.84255,0.84191,0.84168,0.84191,0.84255,0.84191,0.84168,0.84191,0.84255,0.84191,0.84168,0.84191,0.84255,0.84191,0.84168,0.84191,0.84255,0.84191,0.84168,0.84191,0.84255,0.84191,0.84168,0.84191,0.84255,0.84191,0.84168,0.84191,0.84255,0.84191,0.84168,0.84191,0.84255,0.84191,0.84168,0.84191,0.84255,0.84191,0.84168,0.84191,0.84255,0.84191,0.84168,0.84191,0.84255,0.84191,0.84168,0.84191,0.84255,0.84191,0.84168,0.84191,0.84255,0.84191,0.84168,0.84191,0.84255,0.84191,0.84168,0.84191,0.84255,0.84191,0.84168,0.84286,0.84255,0.83993,0.84747,0.83646,0.84255,0.85382,0.81952,0.86437,0.84255,0.79517,0.95423,0.65775
0.47604,0.51271,0.4431,0.49175,0.47604,0.46771,0.48399,0.47184,0.47604,0.47765,0.47416,0.47658,0.47604,0.47568,0.47555,0.47568,0.47604,0.47568,0.47555,0.47568,0.47604,0.47568,0.47555,0.47568,0.47604,0.47568,0.47555,0.47568,0.47604,0.47568,0.47555,0.47568,0.47604,0.47568,0.47555,0.47568,0.47604,0.47568,0.47555,0.47568,0.47604,0.47568,0.47555,0.47568,0.47604,0.47568,0.47555,0.47568,0.47604,0.47568,0.47555,0.47538,0.47604,0.47631,0.47371,0.4774,0.47604,0.47191,0.48256,0.46857,0.47604,0.49047,0.43992,0.53397,0.74272,0.76291,0.72378,0.75116,0.74272,0.7377,0.74668,0.74001,0.74272,0.74327,0.74118,0.74267,0.74272,0.74216,0.74196,0.74216,0.74272,0.74216,0.74196,0.74216,0.74272,0.74216,0.74196,0.74216,0.74272,0.74216,0.74196,0.74216,0.74272,0.74216,0.74196,0.74216,0.74272,0.74216,0.74196,0.74216,0.74272,0.74216,0.74196,0.74216,0.74272,0.74216,0.74196,0.74216,0.74272,0.74216,0.74196,0.74216,0.74272,0.74216,0.74196,0.74242,0.74272,0.74162,0.74354,0.74067,0.74272,0.74543,0.73589,0.74832,0.74272,0.72935,0.7728,0.69169,0.51182,0.49348,0.52703,0.50365,0.51182,0.51531,0.5072,0.5133,0.51182,0.51048,0.51197,0.511,0.51182,0.51144,0.5113,0.51144,0.51182,0.51144,0.5113,0.51144,0.51182,0.51144,0.5113,0.51144,0.51182,0.51144,0.5113,0.51144,0.51182,0.51144,0.5113,0.51144,0.51182,0.51144,0.5113,0.51144,0.51182,0.51144,0.5113,0.51144,0.51182,0.51144,0.5113,0.51144,0.51182,0.51144,0.5113,0.51144,0.51182,0.51144,0.5113,0.51147,0.51182,0.51137,0.5115,0.51124,0.51182,0.51187,0.51049,0.51225,0.51182,0.50975,0.51536,0.50478,0.48138,0.47865,0.48295,0.47999,0.48138,0.48152,0.48034,0.48126,0.48138,0.48089,0.48097,0.48096,0.48138,0.48101,0.48088,0.48101,0.48138,0.48101,0.48088,0.48101,0.48138,0.48101,0.48088,0.48101,0.48138,0.48101,0.48088,0.48101,0.48138,0.48101,0.48088,0.48101,0.48138,0.48101,0.48088,0.48101,0.48138,0.48101,0.48088,0.48101,0.48138,0.48101,0.48088,0.48101,0.48138,0.48101,0.48088,0.48101,0.48138,0.48101,0.48088,0.48156,0.48138,0.47988,0.48419,0.4779,0.48138,0.48782,0.46822,0.49384,0.48138,0.45431,0.54519,0.3758
0.81723,0.88017,0.76067,0.84419,0.81723,0.80292,0.83087,0.81001,0.81723,0.81999,0.814,0.81816,0.81723,0.81661,0.81638,0.81661,0.81723,0.81661,0.81638,0.81661,0.81723,0.81661,0.81638,0.81661,0.81723,0.81661,0.81638,0.81661,0.81723,0.81661,0.81638,0.81661,0.81723,0.81661,0.81638,0.81661,0.81723,0.81661,0.81638,0.81661,0.81723,0.81661,0.81638,0.81661,0.81723,0.81661,0.81638,0.81661,0.81723,0.81661,0.81638,0.81661,0.81723,0.81661,0.81638,0.81661,0.81723,0.81661,0.81638,0.81661,0.81723,0.81661,0.81638,0.81661,0.81723,0.81661,0.81638,0.81661,0.81723,0.81661,0.81638,0.81661,0.81723,0.81661,0.81638,0.81661,0.81723,0.81661,0.81638,0.81661,0.81723,0.81661,0.81638,0.81661,0.81723,0.81661,0.81638,0.81661,0.81723,0.81661,0.81638,0.81661,0.81723,0.81661,0.81638,0.81661,0.81723,0.81661,0.81638,0.81661,0.81723,0.81661,0.81638,0.81661,0.81723,0.81661,0.81638,0.81661,0.81723,0.81661,0.81638,0.81661,0.81723,0.81661,0.81638,0.81661,0.81723,0.81661,0.81638,0.81661,0.81723,0.81661,0.81638,0.81661,0.81723,0.81661,0.81638,0.81661,0.81723,0.81661,0.81638,0.81661,0.81723,0.81661,0.81638,0.81661,0.81723,0.81661,0.81638,0.81661,0.81723,0.81661,0.81638,0.81661,0.81723,0.81661,0.81638,0.81661,0.81723,0.81661,0.81638,0.81661,0.81723,0.81661,0.81638,0.81661,0.81723,0.81661,0.81638,0.81661,0.81723,0.81661,0.81638,0.81661,0.81723,0.81661,0.81638,0.81661,0.81723,0.81661,0.81638,0.81661,0.81723,0.81661,0.81638,0.81661,0.81723,0.81661,0.81638,0.81661,0.81723,0.81661,0.81638,0.81661,0.81723,0.81661,0.81638,0.81661,0.81723,0.81661,0.81638,0.81661,0.81723,0.81661,0.81638,0.81661,0.81723,0.81661,0.81638,0.81661,0.81723,0.81661,0.81638,0.81661,0.81723,0.81661,0.81638,0.81661,0.81723,0.81661,0.81638,0.81661,0.81723,0.81661,0.81638,0.81661,0.81723,0.81661,0.81638,0.81661,0.81723,0.81661,0.81638,0.81661,0.81723,0.81661,0.81638,0.81661,0.81723,0.81661,0.81638,0.81661,0.81723,0.81661,0.81638,0.81661,0.81723,0.81661,0.81638,0.81661,0.81723,0.81661,0.81638,0.81753,0.81723,0.81469,0.822,0.81133,0.81723,0.82816,0.7949,0.83839,0.81723,0.77127,0.92555,0.63798
0.81242,0.87499,0.7562,0.83922,0.81242,0.7982,0.82598,0.80524,0.81242,0.81516,0.80921,0.81335,0.81242,0.8118,0.81158,0.8118,0.81242,0.8118,0.81158,0.8118,0.81242,0.8118,0.81158,0.8118,0.81242,0.8118,0.81158,0.8118,0.81242,0.8118,0.81158,0.8118,0.81242,0.8118,0.81158,0.8118,0.81242,0.8118,0.81158,0.8118,0.81242,0.8118,0.81158,0.8118,0.81242,0.8118,0.81158,0.8118,0.81242,0.8118,0.81158,0.8118,0.81242,0.8118,0.81158,0.8118,0.81242,0.8118,0.81158,0.8118,0.81242,0.8118,0.81158,0.8118,0.81242,0.8118,0.81158,0.8118,0.81242,0.8118,0.81158,0.8118,0.81242,0.8118,0.81158,0.8118,0.81242,0.8118,0.81158,0.8118,0.81242,0.8118,0.81158,0.8118,0.81242,0.8118,0.81158,0.8118,0.81242,0.8118,0.81158,0.8118,0.81242,0.8118,0.81158,0.8118,0.81242,0.8118,0.81158,0.8118,0.81242,0.8118,0.81158,0.8118,0.81242,0.8118,0.81158,0.8118,0.81242,0.8118,0.81158,0.8118,0.81242,0.8118,0.81158,0.8125,0.81242,0.81034,0.81584,0.80779,0.81242,0.82058,0.79525,0.82835,0.81242,0.77735,0.89454,0.67605,0.19136,0.14291,0.2335,0.17025,0.19136,0.20162,0.18015,0.19623,0.19136,0.18865,0.19297,0.19003,0.19136,0.19121,0.19116,0.19121,0.19136,0.19121,0.19116,0.19121,0.19136,0.19121,0.19116,0.19121,0.19136,0.19121,0.19116,0.19121,0.19136,0.19121,0.19116,0.19121,0.19136,0.19121,0.19116,0.19121,0.19136,0.19121,0.19116,0.19121,0.19136,0.19121,0.19116,0.19121,0.19136,0.19121,0.19116,0.19121,0.19136,0.19121,0.19116,0.19121,0.19136,0.19121,0.19116,0.19121,0.19136,0.19121,0.19116,0.19121,0.19136,0.19121,0.19116,0.19121,0.19136,0.19121,0.19116,0.19121,0.19136,0.19121,0.19116,0.19121,0.19136,0.19121,0.19116,0.19121,0.19136,0.19121,0.19116,0.19121,0.19136,0.19121,0.19116,0.19121,0.19136,0.19121,0.19116,0.19121,0.19136,0.19121,0.19116,0.19121,0.19136,0.19121,0.19116,0.19121,0.19136,0.19121,0.19116,0.19121,0.19136,0.19121,0.19116,0.19121,0.19136,0.19121,0.19116,0.19121,0.19136,0.19121,0.19116,0.19121,0.19136,0.19121,0.19116,0.19143,0.19136,0.19077,0.19248,0.18998,0.19136,0.19392,0.18613,0.19631,0.19136,0.1806,0.21673,0.14939
0.47218,0.50855,0.43951,0.48776,0.47218,0.46392,0.48007,0.46801,0.47218,0.47378,0.47032,0.47272,0.47218,0.47182,0.47169,0.47182,0.47218,0.47182,0.47169,0.47182,0.47218,0.47182,0.47169,0.47182,0.47218,0.47182,0.47169,0.47182,0.47218,0.47182,0.47169,0.47182,0.47218,0.47182,0.47169,0.47182,0.47218,0.47182,0.47169,0.47182,0.47218,0.47182,0.47169,0.47182,0.47218,0.47182,0.47169,0.47182,0.47218,0.47182,0.47169,0.47182,0.47218,0.47182,0.47169,0.47182,0.47218,0.47182,0.47169,0.47182,0.47218,0.47182,0.47169,0.47182,0.47218,0.47182,0.47169,0.47182,0.47218,0.47182,0.47169,0.47182,0.47218,0.47182,0.47169,0.47182,0.47218,0.47182,0.47169,0.47182,0.47218,0.47182,0.47169,0.47182,0.47218,0.47182,0.47169,0.47182,0.47218,0.47182,0.47169,0.47182,0.47218,0.47182,0.47169,0.47182,0.47218,0.47182,0.47169,0.47182,0.47218,0.47182,0.47169,0.47182,0.47218,0.47182,0.47169,0.47182,0.47218,0.47182,0.47169,0.47182,0.47218,0.47182,0.47169,0.47142,0.47218,0.47266,0.46926,0.47411,0.47218,0.46682,0.48099,0.4624,0.47218,0.49145,0.42443,0.54916,0.82598,0.85287,0.80101,0.83729,0.82598,0.81943,0.8314,0.8225,0.82598,0.82682,0.82409,0.82603,0.82598,0.82535,0.82512,0.82535,0.82598,0.82535,0.82512,0.82535,0.82598,0.82535,0.82512,0.82535,0.82598,0.82535,0.82512,0.82535,0.82598,0.82535,0.82512,0.82535,0.82598,0.82535,0.82512,0.82535,0.82598,0.82535,0.82512,0.82535,0.82598,0.82535,0.82512,0.82535,0.82598,0.82535,0.82512,0.82535,0.82598,0.82535,0.82512,0.82535,0.82598,0.82535,0.82512,0.82535,0.82598,0.82535,0.82512,0.82535,0.82598,0.82535,0.82512,0.82535,0.82598,0.82535,0.82512,0.82535,0.82598,0.82535,0.82512,0.82535,0.82598,0.82535,0.82512,0.82535,0.82598,0.82535,0.82512,0.82535,0.82598,0.82535,0.82512,0.82535,0.82598,0.82535,0.82512,0.82535,0.82598,0.82535,0.82512,0.82535,0.82598,0.82535,0.82512,0.82535,0.82598,0.82535,0.82512,0.82535,0.82598,0.82535,0.82512,0.82535,0.82598,0.82535,0.82512,0.82535,0.82598,0.82535,0.82512,0.82535,0.82598,0.82535,0.82512,0.82629,0.82598,0.82341,0.8308,0.82001,0.82598,0.83703,0.80341,0.84737,0.82598,0.77953,0.93547,0.64482
0.81904,0.88213,0.76236,0.84606,0.81904,0.80471,0.83272,0.81181,0.81904,0.82181,0.81581,0.81998,0.81904,0.81842,0.81819,0.81842,0.81904,0.81842,0.81819,0.81842,0.81904,0.81842,0.81819,0.81842,0.81904,0.81842,0.81819,0.81842,0.81904,0.81842,0.81819,0.81842,0.81904,0.81842,0.81819,0.81842,0.81904,0.81842,0.81819,0.81842,0.81904,0.81842,0.81819,0.81842,0.81904,0.81842,0.81819,0.81842,0.81904,0.81842,0.81819,0.81842,0.81904,0.81842,0.81819,0.81842,0.81904,0.81842,0.81819,0.81842,0.81904,0.81842,0.81819,0.81842,0.81904,0.81842,0.81819,0.81842,0.81904,0.81842,0.81819,0.81842,0.81904,0.81842,0.81819,0.81842,0.81904,0.81842,0.81819,0.81842,0.81904,0.81842,0.81819,0.81842,0.81904,0.81842,0.81819,0.81842,0.81904,0.81842,0.81819,0.81842,0.81904,0.81842,0.81819,0.81842,0.81904,0.81842,0.81819,0.81842,0.81904,0.81842,0.81819,0.81842,0.81904,0.81842,0.81819,0.81842,0.81904,0.81842,0.81819,0.81842,0.81904,0.81842,0.81819,0.81875,0.81904,0.81774,0.82017,0.81656,0.81904,0.82249,0.81062,0.8261,0.81904,0.80244,0.85667,0.75546,0.531,0.5082,0.55009,0.52088,0.531,0.53543,0.52535,0.53293,0.531,0.52941,0.53129,0.53006,0.531,0.5306,0.53045,0.5306,0.531,0.5306,0.53045,0.5306,0.531,0.5306,0.53045,0.5306,0.531,0.5306,0.53045,0.5306,0.531,0.5306,0.53045,0.5306,0.531,0.5306,0.53045,0.5306,0.531,0.5306,0.53045,0.5306,0.531,0.5306,0.53045,0.5306,0.531,0.5306,0.53045,0.5306,0.531,0.5306,0.53045,0.5306,0.531,0.5306,0.53045,0.5306,0.531,0.5306,0.53045,0.5306,0.531,0.5306,0.53045,0.5306,0.531,0.5306,0.53045,0.5306,0.531,0.5306,0.53045,0.5306,0.531,0.5306,0.53045,0.5306,0.531,0.5306,0.53045,0.5306,0.531,0.5306,0.53045,0.5306,0.531,0.5306,0.53045,0.5306,0.531,0.5306,0.53045,0.5306,0.531,0.5306,0.53045,0.5306,0.531,0.5306,0.53045,0.5306,0.531,0.5306,0.53045,0.5306,0.531,0.5306,0.53045,0.5306,0.531,0.5306,0.53045,0.5306,0.531,0.5306,0.53045,0.5312,0.531,0.52936,0.5341,0.52717,0.531,0.53811,0.51649,0.54475,0.531,0.50114,0.60139,0.41454
0.83622,0.90063,0.77836,0.86382,0.83622,0.82159,0.85019,0.82884,0.83622,0.83905,0.83292,0.83718,0.83622,0.83559,0.83536,0.83559,0.83622,0.83559,0.83536,0.83559,0.83622,0.83559,0.83536,0.83559,0.83622,0.83559,0.83536,0.83559,0.83622,0.83559,0.83536,0.83559,0.83622,0.83559,0.83536,0.83559,0.83622,0.83559,0.83536,0.83559,0.83622,0.83559,0.83536,0.83559,0.83622,0.83559,0.83536,0.83559,0.83622,0.83559,0.83536,0.83559,0.83622,0.83559,0.83536,0.83559,0.83622,0.83559,0.83536,0.83559,0.83622,0.83559,0.83536,0.83559,0.83622,0.83559,0.83536,0.83559,0.83622,0.83559,0.83536,0.83559,0.83622,0.83559,0.83536,0.83559,0.83622,0.83559,0.83536,0.83559,0.83622,0.83559,0.83536,0.83559,0.83622,0.83559,0.83536,0.83559,0.83622,0.83559,0.83536,0.83559,0.83622,0.83559,0.83536,0.83559,0.83622,0.83559,0.83536,0.83559,0.83622,0.83559,0.83536,0.83559,0.83622,0.83559,0.83536,0.83559,0.83622,0.83559,0.83536,0.83559,0.83622,0.83559,0.83536,0.83599,0.83622,0.83478,0.83775,0.83335,0.83622,0.84051,0.82622,0.84486,0.83622,0.81631,0.88179,0.75963,0.48868,0.46128,0.51186,0.47658,0.48868,0.49413,0.48201,0.49112,0.48868,0.48687,0.48919,0.48765,0.48868,0.48831,0.48817,0.48831,0.48868,0.48831,0.48817,0.48831,0.48868,0.48831,0.48817,0.48831,0.48868,0.48831,0.48817,0.48831,0.48868,0.48831,0.48817,0.48831,0.48868,0.48831,0.48817,0.48831,0.48868,0.48831,0.48817,0.48831,0.48868,0.48831,0.48817,0.48831,0.48868,0.48831,0.48817,0.48831,0.48868,0.48831,0.48817,0.48831,0.48868,0.48831,0.48817,0.48831,0.48868,0.48831,0.48817,0.48831,0.48868,0.48831,0.48817,0.48831,0.48868,0.48831,0.48817,0.48831,0.48868,0.48831,0.48817,0.48831,0.48868,0.48831,0.48817,0.48831,0.48868,0.48831,0.48817,0.48831,0.48868,0.48831,0.48817,0.48831,0.48868,0.48831,0.48817,0.48831,0.48868,0.48831,0.48817,0.48831,0.48868,0.48831,0.48817,0.48831,0.48868,0.48831,0.48817,0.48831,0.48868,0.48831,0.48817,0.48831,0.48868,0.48831,0.48817,0.48831,0.48868,0.48831,0.48817,0.48831,0.48868,0.48831,0.48817,0.48886,0.48868,0.48716,0.49153,0.48515,0.48868,0.49522,0.47533,0.50133,0.48868,0.4612,0.55346,0.3815
0.7651,0.82403,0.71215,0.79034,0.7651,0.75171,0.77787,0.75834,0.7651,0.76768,0.76207,0.76597,0.7651,0.76452,0.7643,0.76452,0.7651,0.76452,0.7643,0.76452,0.7651,0.76452,0.7643,0.76452,0.7651,0.76452,0.7643,0.76452,0.7651,0.76452,0.7643,0.76452,0.7651,0.76452,0.7643,0.76452,0.7651,0.76452,0.7643,0.76452,0.7651,0.76452,0.7643,0.76452,0.7651,0.76452,0.7643,0.76452,0.7651,0.76452,0.7643,0.76452,0.7651,0.76452,0.7643,0.76452,0.7651,0.76452,0.7643,0.76452,0.7651,0.76452,0.7643,0.76452,0.7651,0.76452,0.7643,0.76452,0.7651,0.76452,0.7643,0.76452,0.7651,0.76452,0.7643,0.76452,0.7651,0.76452,0.7643,0.76452,0.7651,0.76452,0.7643,0.76452,0.7651,0.76452,0.7643,0.76452,0.7651,0.76452,0.7643,0.76452,0.7651,0.76452,0.7643,0.76452,0.7651,0.76452,0.7643,0.76452,0.7651,0.76452,0.7643,0.76452,0.7651,0.76452,0.7643,0.76452,0.7651,0.76452,0.7643,0.76452,0.7651,0.76452,0.7643,0.76452,0.7651,0.76452,0.7643,0.76452,0.7651,0.76452,0.7643,0.76452,0.7651,0.76452,0.7643,0.76452,0.7651,0.76452,0.7643,0.76452,0.7651,0.76452,0.7643,0.76452,0.7651,0.76452,0.7643,0.76452,0.7651,0.76452,0.7643,0.76452,0.7651,0.76452,0.7643,0.76452,0.7651,0.76452,0.7643,0.76452,0.7651,0.76452,0.7643,0.76452,0.7651,0.76452,0.7643,0.76452,0.7651,0.76452,0.7643,0.76452,0.7651,0.76452,0.7643,0.76452,0.7651,0.76452,0.7643,0.76452,0.7651,0.76452,0.7643,0.76452,0.7651,0.76452,0.7643,0.76452,0.7651,0.76452,0.7643,0.76452,0.7651,0.76452,0.7643,0.76452,0.7651,0.76452,0.7643,0.76452,0.7651,0.76452,0.7643,0.76452,0.7651,0.76452,0.7643,0.76452,0.7651,0.76452,0.7643,0.76452,0.7651,0.76452,0.7643,0.76452,0.7651,0.76452,0.7643,0.76452,0.7651,0.76452,0.7643,0.76452,0.7651,0.76452,0.7643,0.76452,0.7651,0.76452,0.7643,0.76452,0.7651,0.76452,0.7643,0.76452,0.7651,0.76452,0.7643,0.76452,0.7651,0.76452,0.7643,0.76452,0.7651,0.76452,0.7643,0.76452,0.7651,0.76452,0.7643,0.76538,0.7651,0.76272,0.76956,0.75957,0.7651,0.77533,0.74419,0.78491,0.7651,0.72207,0.86651,0.59729
0.7567,0.81499,0.70434,0.78167,0.7567,0.74346,0.76934,0.75002,0.7567,0.75926,0.75372,0.75757,0.7567,0.75613,0.75592,0.75613,0.7567,0.75613,0.75592,0.75613,0.7567,0.75613,0.75592,0.75613,0.7567,0.75613,0.75592,0.75613,0.7567,0.75613,0.75592,0.75613,0.7567,0.75613,0.75592,0.75613,0.7567,0.75613,0.75592,0.75613,0.7567,0.75613,0.75592,0.75613,0.7567,0.75613,0.75592,0.75613,0.7567,0.75613,0.75592,0.75613,0.7567,0.75613,0.75592,0.75613,0.7567,0.75613,0.75592,0.75613,0.7567,0.75613,0.75592,0.75613,0.7567,0.75613,0.75592,0.75613,0.7567,0.75613,0.75592,0.75613,0.7567,0.75613,0.75592,0.75613,0.7567,0.75613,0.75592,0.75613,0.7567,0.75613,0.75592,0.75613,0.7567,0.75613,0.75592,0.75613,0.7567,0.75613,0.75592,0.75613,0.7567,0.75613,0.75592,0.75613,0.7567,0.75613,0.75592,0.75613,0.7567,0.75613,0.75592,0.75613,0.7567,0.75613,0.75592,0.75613,0.7567,0.75613,0.75592,0.75613,0.7567,0.75613,0.75592,0.75662,0.7567,0.75512,0.75888,0.75334,0.7567,0.76223,0.74458,0.76762,0.7567,0.73221,0.81353,0.66187,0.32546,0.29167,0.35452,0.31066,0.32546,0.33244,0.31748,0.3287,0.32546,0.32343,0.32638,0.3244,0.32546,0.32521,0.32512,0.32521,0.32546,0.32521,0.32512,0.32521,0.32546,0.32521,0.32512,0.32521,0.32546,0.32521,0.32512,0.32521,0.32546,0.32521,0.32512,0.32521,0.32546,0.32521,0.32512,0.32521,0.32546,0.32521,0.32512,0.32521,0.32546,0.32521,0.32512,0.32521,0.32546,0.32521,0.32512,0.32521,0.32546,0.32521,0.32512,0.32521,0.32546,0.32521,0.32512,0.32521,0.32546,0.32521,0.32512,0.32521,0.32546,0.32521,0.32512,0.32521,0.32546,0.32521,0.32512,0.32521,0.32546,0.32521,0.32512,0.32521,0.32546,0.32521,0.32512,0.32521,0.32546,0.32521,0.32512,0.32521,0.32546,0.32521,0.32512,0.32521,0.32546,0.32521,0.32512,0.32521,0.32546,0.32521,0.32512,0.32521,0.32546,0.32521,0.32512,0.32521,0.32546,0.32521,0.32512,0.32521,0.32546,0.32521,0.32512,0.32521,0.32546,0.32521,0.32512,0.32521,0.32546,0.32521,0.32512,0.32521,0.32546,0.32521,0.32512,0.32558,0.32546,0.32445,0.32736,0.32311,0.32546,0.32981,0.31657,0.33389,0.32546,0.30716,0.3686,0.25408
0.81288,0.87549,0.75663,0.8397,0.81288,0.79865,0.82645,0.8057,0.81288,0.81563,0.80967,0.81381,0.81288,0.81227,0.81204,0.81227,0.81288,0.81227,0.81204,0.81227,0.81288,0.81227,0.81204,0.81227,0.81288,0.81227,0.81204,0.81227,0.81288,0.81227,0.81204,0.81227,0.81288,0.81227,0.81204,0.81227,0.81288,0.81227,0.81204,0.81227,0.81288,0.81227,0.81204,0.81227,0.81288,0.81227,0.81204,0.81227,0.81288,0.81227,0.81204,0.81227,0.81288,0.81227,0.81204,0.81227,0.81288,0.81227,0.81204,0.81227,0.81288,0.81227,0.81204,0.81227,0.81288,0.81227,0.81204,0.81227,0.81288,0.81227,0.81204,0.81227,0.81288,0.81227,0.81204,0.81227,0.81288,0.81227,0.81204,0.81227,0.81288,0.81227,0.81204,0.81227,0.81288,0.81227,0.81204,0.81227,0.81288,0.81227,0.81204,0.81227,0.81288,0.81227,0.81204,0.81227,0.81288,0.81227,0.81204,0.81227,0.81288,0.81227,0.81204,0.81227,0.81288,0.81227,0.81204,0.81227,0.81288,0.81227,0.81204,0.81227,0.81288,0.81227,0.81204,0.81227,0.81288,0.81227,0.81204,0.81227,0.81288,0.81227,0.81204,0.81227,0.81288,0.81227,0.81204,0.81227,0.81288,0.81227,0.81204,0.81227,0.81288,0.81227,0.81204,0.81227,0.81288,0.81227,0.81204,0.81227,0.81288,0.81227,0.81204,0.81227,0.81288,0.81227,0.81204,0.81227,0.81288,0.81227,0.81204,0.81227,0.81288,0.81227,0.81204,0.81227,0.81288,0.81227,0.81204,0.81227,0.81288,0.81227,0.81204,0.81227,0.81288,0.81227,0.81204,0.81227,0.81288,0.81227,0.81204,0.81227,0.81288,0.81227,0.81204,0.81227,0.81288,0.81227,0.81204,0.81227,0.81288,0.81227,0.81204,0.81227,0.81288,0.81227,0.81204,0.81227,0.81288,0.81227,0.81204,0.81227,0.81288,0.81227,0.81204,0.81227,0.81288,0.81227,0.81204,0.81227,0.81288,0.81227,0.81204,0.81227,0.81288,0.81227,0.81204,0.81227,0.81288,0.81227,0.81204,0.81227,0.81288,0.81227,0.81204,0.81227,0.81288,0.81227,0.81204,0.81227,0.81288,0.81227,0.81204,0.81227,0.81288,0.81227,0.81204,0.81227,0.81288,0.81227,0.81204,0.81227,0.81288,0.81227,0.81204,0.81227,0.81288,0.81227,0.81204,0.81227,0.81288,0.81227,0.81204,0.81318,0.81288,0.81036,0.81762,0.80701,0.81288,0.82375,0.79067,0.83393,0.81288,0.76717,0.92063,0.63459
0.12427,0.13384,0.11567,0.12837,0.12427,0.12209,0.12634,0.12317,0.12427,0.12469,0.12378,0.12441,0.12427,0.12418,0.12414,0.12418,0.12427,0.12418,0.12414,0.12418,0.12427,0.12418,0.12414,0.12418,0.12427,0.12418,0.12414,0.12418,0.12427,0.12418,0.12414,0.12418,0.12427,0.12418,0.12414,0.12418,0.12427,0.12418,0.12414,0.12418,0.12427,0.12418,0.12414,0.12418,0.12427,0.12418,0.12414,0.12418,0.12427,0.12418,0.12414,0.12418,0.12427,0.12418,0.12414,0.12418,0.12427,0.12418,0.12414,0.12418,0.12427,0.12418,0.12414,0.12418,0.12427,0.12418,0.12414,0.12418,0.12427,0.12418,0.12414,0.12418,0.12427,0.12418,0.12414,0.12418,0.12427,0.12418,0.12414,0.12418,0.12427,0.12418,0.12414,0.12418,0.12427,0.12418,0.12414,0.12418,0.12427,0.12418,0.12414,0.12418,0.12427,0.12418,0.12414,0.12418,0.12427,0.12418,0.12414,0.12418,0.12427,0.12418,0.12414,0.12418,0.12427,0.12418,0.12414,0.12418,0.12427,0.12418,0.12414,0.12418,0.12427,0.12418,0.12414,0.1233,0.12427,0.12599,0.11884,0.12916,0.12427,0.11327,0.14443,0.10361,0.12427,0.16699,0.021031,0.29288,0.8961,0.95546,0.84256,0.92148,0.8961,0.8825,0.90886,0.8892,0.8961,0.89862,0.89293,0.89689,0.8961,0.89543,0.89518,0.89543,0.8961,0.89543,0.89518,0.89543,0.8961,0.89543,0.89518,0.89543,0.8961,0.89543,0.89518,0.89543,0.8961,0.89543,0.89518,0.89543,0.8961,0.89543,0.89518,0.89543,0.8961,0.89543,0.89518,0.89543,0.8961,0.89543,0.89518,0.89543,0.8961,0.89543,0.89518,0.89543,0.8961,0.89543,0.89518,0.89543,0.8961,0.89543,0.89518,0.89543,0.8961,0.89543,0.89518,0.89543,0.8961,0.89543,0.89518,0.89543,0.8961,0.89543,0.89518,0.89543,0.8961,0.89543,0.89518,0.89543,0.8961,0.89543,0.89518,0.89543,0.8961,0.89543,0.89518,0.89543,0.8961,0.89543,0.89518,0.89543,0.8961,0.89543,0.89518,0.89543,0.8961,0.89543,0.89518,0.89543,0.8961,0.89543,0.89518,0.89543,0.8961,0.89543,0.89518,0.89543,0.8961,0.89543,0.89518,0.89543,0.8961,0.89543,0.89518,0.89543,0.8961,0.89543,0.89518,0.89543,0.8961,0.89543,0.89518,0.89644,0.8961,0.89332,0.90133,0.88963,0.8961,0.90809,0.87162,0.91931,0.8961,0.84571,1.0149,0.69956
0.82058,0.88378,0.76379,0.84765,0.82058,0.80621,0.83428,0.81333,0.82058,0.82335,0.81734,0.82152,0.82058,0.81996,0.81973,0.81996,0.82058,0.81996,0.81973,0.81996,0.82058,0.81996,0.81973,0.81996,0.82058,0.81996,0.81973,0.81996,0.82058,0.81996,0.81973,0.81996,0.82058,0.81996,0.81973,0.81996,0.82058,0.81996,0.81973,0.81996,0.82058,0.81996,0.81973,0.81996,0.82058,0.81996,0.81973,0.81996,0.82058,0.81996,0.81973,0.81996,0.82058,0.81996,0.81973,0.81996,0.82058,0.81996,0.81973,0.81996,0.82058,0.81996,0.81973,0.81996,0.82058,0.81996,0.81973,0.81996,0.82058,0.81996,0.81973,0.81996,0.82058,0.81996,0.81973,0.81996,0.82058,0.81996,0.81973,0.81996,0.82058,0.81996,0.81973,0.81996,0.82058,0.81996,0.81973,0.81996,0.82058,0.81996,0.81973,0.81996,0.82058,0.81996,0.81973,0.81996,0.82058,0.81996,0.81973,0.81996,0.82058,0.81996,0.81973,0.81996,0.82058,0.81996,0.81973,0.81996,0.82058,0.81996,0.81973,0.81996,0.82058,0.81996,0.81973,0.82024,0.82058,0.81936,0.82148,0.81831,0.82058,0.82356,0.81302,0.82675,0.82058,0.80581,0.85379,0.76422,0.56559,0.54533,0.58239,0.55656,0.56559,0.56943,0.56048,0.56722,0.56559,0.56411,0.56575,0.56468,0.56559,0.56516,0.56501,0.56516,0.56559,0.56516,0.56501,0.56516,0.56559,0.56516,0.56501,0.56516,0.56559,0.56516,0.56501,0.56516,0.56559,0.56516,0.56501,0.56516,0.56559,0.56516,0.56501,0.56516,0.56559,0.56516,0.56501,0.56516,0.56559,0.56516,0.56501,0.56516,0.56559,0.56516,0.56501,0.56516,0.56559,0.56516,0.56501,0.56516,0.56559,0.56516,0.56501,0.56516,0.56559,0.56516,0.56501,0.56516,0.56559,0.56516,0.56501,0.56516,0.56559,0.56516,0.56501,0.56516,0.56559,0.56516,0.56501,0.56516,0.56559,0.56516,0.56501,0.56516,0.56559,0.56516,0.56501,0.56516,0.56559,0.56516,0.56501,0.56516,0.56559,0.56516,0.56501,0.56516,0.56559,0.56516,0.56501,0.56516,0.56559,0.56516,0.56501,0.56516,0.56559,0.56516,0.56501,0.56516,0.56559,0.56516,0.56501,0.56516,0.56559,0.56516,0.56501,0.56516,0.56559,0.56516,0.56501,0.56516,0.56559,0.56516,0.56501,0.5658,0.56559,0.56383,0.56889,0.56151,0.56559,0.57316,0.55014,0.58024,0.56559,0.53379,0.64056,0.44154
0.84085,0.90562,0.78267,0.8686,0.84085,0.82614,0.8549,0.83343,0.84085,0.8437,0.83754,0.84182,0.84085,0.84022,0.83998,0.84022,0.84085,0.84022,0.83998,0.84022,0.84085,0.84022,0.83998,0.84022,0.84085,0.84022,0.83998,0.84022,0.84085,0.84022,0.83998,0.84022,0.84085,0.84022,0.83998,0.84022,0.84085,0.84022,0.83998,0.84022,0.84085,0.84022,0.83998,0.84022,0.84085,0.84022,0.83998,0.84022,0.84085,0.84022,0.83998,0.84022,0.84085,0.84022,0.83998,0.84022,0.84085,0.84022,0.83998,0.84022,0.84085,0.84022,0.83998,0.84022,0.84085,0.84022,0.83998,0.84022,0.84085,0.84022,0.83998,0.84022,0.84085,0.84022,0.83998,0.84022,0.84085,0.84022,0.83998,0.84022,0.84085,0.84022,0.83998,0.84022,0.84085,0.84022,0.83998,0.84022,0.84085,0.84022,0.83998,0.84022,0.84085,0.84022,0.83998,0.84022,0.84085,0.84022,0.83998,0.84022,0.84085,0.84022,0.83998,0.84022,0.84085,0.84022,0.83998,0.84022,0.84085,0.84022,0.83998,0.84022,0.84085,0.84022,0.83998,0.84092,0.84085,0.83877,0.84422,0.83623,0.84085,0.84894,0.82377,0.85665,0.84085,0.80601,0.92237,0.70542,0.22414,0.176,0.26595,0.20316,0.22414,0.2343,0.21297,0.22895,0.22414,0.22142,0.2257,0.2228,0.22414,0.22397,0.22391,0.22397,0.22414,0.22397,0.22391,0.22397,0.22414,0.22397,0.22391,0.22397,0.22414,0.22397,0.22391,0.22397,0.22414,0.22397,0.22391,0.22397,0.22414,0.22397,0.22391,0.22397,0.22414,0.22397,0.22391,0.22397,0.22414,0.22397,0.22391,0.22397,0.22414,0.22397,0.22391,0.22397,0.22414,0.22397,0.22391,0.22397,0.22414,0.22397,0.22391,0.22397,0.22414,0.22397,0.22391,0.22397,0.22414,0.22397,0.22391,0.22397,0.22414,0.22397,0.22391,0.22397,0.22414,0.22397,0.22391,0.22397,0.22414,0.22397,0.22391,0.22397,0.22414,0.22397,0.22391,0.22397,0.22414,0.22397,0.22391,0.22397,0.22414,0.22397,0.22391,0.22397,0.22414,0.22397,0.22391,0.22397,0.22414,0.22397,0.22391,0.22397,0.22414,0.22397,0.22391,0.22397,0.22414,0.22397,0.22391,0.22397,0.22414,0.22397,0.22391,0.22397,0.22414,0.22397,0.22391,0.22397,0.22414,0.22397,0.22391,0.22422,0.22414,0.22344,0.22545,0.22252,0.22414,0.22714,0.21801,0.22994,0.22414,0.21154,0.25385,0.17498
0.82023,0.88341,0.76347,0.84729,0.82023,0.80588,0.83393,0.81299,0.82023,0.823,0.81699,0.82117,0.82023,0.81961,0.81938,0.81961,0.82023,0.81961,0.81938,0.81961,0.82023,0.81961,0.81938,0.81961,0.82023,0.81961,0.81938,0.81961,0.82023,0.81961,0.81938,0.81961,0.82023,0.81961,0.81938,0.81961,0.82023,0.81961,0.81938,0.81961,0.82023,0.81961,0.81938,0.81961,0.82023,0.81961,0.81938,0.81961,0.82023,0.81961,0.81938,0.81961,0.82023,0.81961,0.81938,0.81961,0.82023,0.81961,0.81938,0.81961,0.82023,0.81961,0.81938,0.81961,0.82023,0.81961,0.81938,0.81961,0.82023,0.81961,0.81938,0.81961,0.82023,0.81961,0.81938,0.81961,0.82023,0.81961,0.81938,0.81961,0.82023,0.81961,0.81938,0.81961,0.82023,0.81961,0.81938,0.81961,0.82023,0.81961,0.81938,0.81961,0.82023,0.81961,0.81938,0.81961,0.82023,0.81961,0.81938,0.81961,0.82023,0.81961,0.81938,0.81961,0.82023,0.81961,0.81938,0.81961,0.82023,0.81961,0.81938,0.81961,0.82023,0.81961,0.81938,0.81961,0.82023,0.81961,0.81938,0.81961,0.82023,0.81961,0.81938,0.81961,0.82023,0.81961,0.81938,0.81961,0.82023,0.81961,0.81938,0.81961,0.82023,0.81961,0.81938,0.81961,0.82023,0.81961,0.81938,0.81961,0.82023,0.81961,0.81938,0.81961,0.82023,0.81961,0.81938,0.81961,0.82023,0.81961,0.81938,0.81961,0.82023,0.81961,0.81938,0.81961,0.82023,0.81961,0.81938,0.81961,0.82023,0.81961,0.81938,0.81961,0.82023,0.81961,0.81938,0.81961,0.82023,0.81961,0.81938,0.81961,0.82023,0.81961,0.81938,0.81961,0.82023,0.81961,0.81938,0.81961,0.82023,0.81961,0.81938,0.81961,0.82023,0.81961,0.81938,0.81961,0.82023,0.81961,0.81938,0.81961,0.82023,0.81961,0.81938,0.81961,0.82023,0.81961,0.81938,0.81961,0.82023,0.81961,0.81938,0.81961,0.82023,0.81961,0.81938,0.81961,0.82023,0.81961,0.81938,0.81961,0.82023,0.81961,0.81938,0.81961,0.82023,0.81961,0.81938,0.81961,0.82023,0.81961,0.81938,0.81961,0.82023,0.81961,0.81938,0.81961,0.82023,0.81961,0.81938,0.81961,0.82023,0.81961,0.81938,0.81961,0.82023,0.81961,0.81938,0.81961,0.82023,0.81961,0.81938,0.82054,0.82023,0.81768,0.82502,0.81431,0.82023,0.8312,0.79782,0.84147,0.82023,0.77411,0.92896,0.64033
0.72137,0.77694,0.67145,0.74518,0.72137,0.70875,0.73342,0.71501,0.72137,0.72381,0.71853,0.7222,0.72137,0.72083,0.72063,0.72083,0.72137,0.72083,0.72063,0.72102,0.72137,0.72044,0.72178,0.71975,0.72137,0.72319,0.71624,0.72528,0.72137,0.71156,0.74295,0.68431,0.5543,0.54088,0.56511,0.54824,0.5543,0.55668,0.55076,0.55523,0.5543,0.55319,0.55421,0.55356,0.5543,0.55388,0.55372,0.55388,0.5543,0.55388,0.55372,0.55387,0.5543,0.55389,0.5537,0.5539,0.5543,0.55382,0.55382,0.55378,0.5543,0.55409,0.55322,0.5547,0.55807,0.55794,0.55724,0.55778,0.55807,0.55759,0.55756,0.55762,0.55807,0.55766,0.55748,0.55766,0.55807,0.55765,0.55749,0.55765,0.55807,0.55765,0.55749,0.55763,0.55807,0.55769,0.55739,0.55775,0.55807,0.55743,0.5579,0.55724,0.55807,0.5585,0.55543,0.56102,0.57348,0.57425,0.57184,0.57357,0.57348,0.57279,0.57316,0.57292,0.57348,0.57311,0.57284,0.57308,0.57348,0.57305,0.57289,0.57305,0.57348,0.57305,0.57289,0.57298,0.57348,0.57318,0.57249,0.57342,0.57348,0.57223,0.57441,0.57151,0.57348,0.57625,0.56517,0.58568,0.63127,0.63528,0.62667,0.63274,0.63127,0.62982,0.63164,0.63032,0.63127,0.63103,0.63044,0.6309,0.63127,0.63079,0.63061,0.63079,0.63127,0.63079,0.63061,0.63089,0.63127,0.63059,0.6312,0.63023,0.63127,0.632,0.62836,0.63308,0.63127,0.62603,0.64208,0.61203,0.54543,0.53834,0.55071,0.54212,0.54543,0.54645,0.54334,0.54571,0.54543,0.54466,0.54511,0.54485,0.54543,0.54502,0.54486,0.54502,0.54543,0.54502,0.54486,0.54497,0.54543,0.5451,0.54461,0.54525,0.54543,0.54451,0.54581,0.54405,0.54543,0.54702,0.54004,0.55291,0.58152,0.58389,0.57846,0.5823,0.58152,0.58048,0.58156,0.58079,0.58152,0.58123,0.58082,0.58115,0.58152,0.58108,0.58092,0.58108,0.58152,0.58108,0.58092,0.58099,0.58152,0.58128,0.58034,0.58163,0.58152,0.57989,0.58314,0.57883,0.58152,0.58577,0.56964,0.59954,0.66597,0.67203,0.65952,0.66832,0.66597,0.66405,0.66678,0.66478,0.66597,0.66582,0.66503,0.66563,0.66597,0.66547,0.66528,0.66547,0.66597,0.66547,0.66528,0.66622,0.66597,0.6639,0.66986,0.66116,0.66597,0.67488,0.64777,0.68321,0.66597,0.62852,0.75425,0.5199
0.86023,0.92649,0.8007,0.88861,0.86023,0.84517,0.87459,0.85263,0.86023,0.86314,0.85683,0.86121,0.86023,0.85958,0.85934,0.85958,0.86023,0.85958,0.85934,0.85958,0.86023,0.85958,0.85934,0.85958,0.86023,0.85958,0.85934,0.85958,0.86023,0.85958,0.85934,0.85958,0.86023,0.85958,0.85934,0.85958,0.86023,0.85958,0.85934,0.85958,0.86023,0.85958,0.85934,0.85958,0.86023,0.85958,0.85934,0.85958,0.86023,0.85958,0.85934,0.85958,0.86023,0.85958,0.85934,0.85958,0.86023,0.85958,0.85934,0.85958,0.86023,0.85958,0.85934,0.85958,0.86023,0.85958,0.85934,0.85958,0.86023,0.85958,0.85934,0.85958,0.86023,0.85958,0.85934,0.85958,0.86023,0.85958,0.85934,0.85958,0.86023,0.85958,0.85934,0.85958,0.86023,0.85958,0.85934,0.85958,0.86023,0.85958,0.85934,0.85958,0.86023,0.85958,0.85934,0.85958,0.86023,0.85958,0.85934,0.85958,0.86023,0.85958,0.85934,0.85958,0.86023,0.85958,0.85934,0.85958,0.86023,0.85958,0.85934,0.85958,0.86023,0.85958,0.85934,0.85958,0.86023,0.85958,0.85934,0.85958,0.86023,0.85958,0.85934,0.85958,0.86023,0.85958,0.85934,0.85958,0.86023,0.85958,0.85934,0.85958,0.86023,0.85958,0.85934,0.85958,0.86023,0.85958,0.85934,0.85958,0.86023,0.85958,0.85934,0.85958,0.86023,0.85958,0.85934,0.85958,0.86023,0.85958,0.85934,0.85958,0.86023,0.85958,0.85934,0.85958,0.86023,0.85958,0.85934,0.85958,0.86023,0.85958,0.85934,0.85958,0.86023,0.85958,0.85934,0.85958,0.86023,0.85958,0.85934,0.85958,0.86023,0.85958,0.85934,0.85958,0.86023,0.85958,0.85934,0.85958,0.86023,0.85958,0.85934,0.85958,0.86023,0.85958,0.85934,0.85958,0.86023,0.85958,0.85934,0.85958,0.86023,0.85958,0.85934,0.85958,0.86023,0.85958,0.85934,0.85958,0.86023,0.85958,0.85934,0.85958,0.86023,0.85958,0.85934,0.85958,0.86023,0.85958,0.85934,0.85958,0.86023,0.85958,0.85934,0.85958,0.86023,0.85958,0.85934,0.85958,0.86023,0.85958,0.85934,0.85958,0.86023,0.85958,0.85934,0.85958,0.86023,0.85958,0.85934,0.85958,0.86023,0.85958,0.85934,0.85958,0.86023,0.85958,0.85934,0.85958,0.86023,0.85958,0.85934,0.86055,0.86023,0.85756,0.86525,0.85402,0.86023,0.87174,0.83672,0.8825,0.86023,0.81186,0.97426,0.67155
0.82036,0.88355,0.76359,0.84743,0.82036,0.80601,0.83406,0.81312,0.82036,0.82313,0.81712,0.8213,0.82036,0.81974,0.81951,0.81974,0.82036,0.81974,0.81951,0.81974,0.82036,0.81974,0.81951,0.81974,0.82036,0.81974,0.81951,0.81974,0.82036,0.81974,0.81951,0.81974,0.82036,0.81974,0.81951,0.81974,0.82036,0.81974,0.81951,0.81974,0.82036,0.81974,0.81951,0.81974,0.82036,0.81974,0.81951,0.81974,0.82036,0.81974,0.81951,0.81974,0.82036,0.81974,0.81951,0.81974,0.82036,0.81974,0.81951,0.81974,0.82036,0.81974,0.81951,0.81974,0.82036,0.81974,0.81951,0.81974,0.82036,0.81974,0.81951,0.81974,0.82036,0.81974,0.81951,0.81974,0.82036,0.81974,0.81951,0.81974,0.82036,0.81974,0.81951,0.81974,0.82036,0.81974,0.81951,0.81974,0.82036,0.81974,0.81951,0.81974,0.82036,0.81974,0.81951,0.81974,0.82036,0.81974,0.81951,0.81974,0.82036,0.81974,0.81951,0.81974,0.82036,0.81974,0.81951,0.81974,0.82036,0.81974,0.81951,0.81974,0.82036,0.81974,0.81951,0.81974,0.82036,0.81974,0.81951,0.81974,0.82036,0.81974,0.81951,0.81974,0.82036,0.81974,0.81951,0.81974,0.82036,0.81974,0.81951,0.81974,0.82036,0.81974,0.81951,0.81974,0.82036,0.81974,0.81951,0.81974,0.82036,0.81974,0.81951,0.81974,0.82036,0.81974,0.81951,0.81974,0.82036,0.81974,0.81951,0.81974,0.82036,0.81974,0.81951,0.81974,0.82036,0.81974,0.81951,0.81974,0.82036,0.81974,0.81951,0.81974,0.82036,0.81974,0.81951,0.81974,0.82036,0.81974,0.81951,0.81974,0.82036,0.81974,0.81951,0.81974,0.82036,0.81974,0.81951,0.81974,0.82036,0.81974,0.81951,0.81974,0.82036,0.81974,0.81951,0.81974,0.82036,0.81974,0.81951,0.81974,0.82036,0.81974,0.81951,0.81974,0.82036,0.81974,0.81951,0.81974,0.82036,0.81974,0.81951,0.81974,0.82036,0.81974,0.81951,0.81974,0.82036,0.81974,0.81951,0.81974,0.82036,0.81974,0.81951,0.81974,0.82036,0.81974,0.81951,0.81974,0.82036,0.81974,0.81951,0.81974,0.82036,0.81974,0.81951,0.81974,0.82036,0.81974,0.81951,0.81974,0.82036,0.81974,0.81951,0.81974,0.82036,0.81974,0.81951,0.81974,0.82036,0.81974,0.81951,0.82067,0.82036,0.81782,0.82515,0.81444,0.82036,0.83134,0.79795,0.84161,0.82036,0.77423,0.92911,0.64043
0.76542,0.82437,0.71245,0.79067,0.76542,0.75202,0.7782,0.75866,0.76542,0.768,0.7624,0.76629,0.76542,0.76484,0.76463,0.76484,0.76542,0.76484,0.76463,0.76484,0.76542,0.76484,0.76463,0.76484,0.76542,0.76484,0.76463,0.76484,0.76542,0.76484,0.76463,0.76484,0.76542,0.76484,0.76463,0.76484,0.76542,0.76484,0.76463,0.76484,0.76542,0.76484,0.76463,0.76484,0.76542,0.76484,0.76463,0.76484,0.76542,0.76484,0.76463,0.76484,0.76542,0.76484,0.76463,0.76484,0.76542,0.76484,0.76463,0.76484,0.76542,0.76484,0.76463,0.76484,0.76542,0.76484,0.76463,0.76484,0.76542,0.76484,0.76463,0.76484,0.76542,0.76484,0.76463,0.76484,0.76542,0.76484,0.76463,0.76484,0.76542,0.76484,0.76463,0.76484,0.76542,0.76484,0.76463,0.76484,0.76542,0.76484,0.76463,0.76484,0.76542,0.76484,0.76463,0.76484,0.76542,0.76484,0.76463,0.76484,0.76542,0.76484,0.76463,0.76484,0.76542,0.76484,0.76463,0.76484,0.76542,0.76484,0.76463,0.76484,0.76542,0.76484,0.76463,0.76515,0.76542,0.76419,0.76651,0.76306,0.76542,0.76872,0.7574,0.77216,0.76542,0.7496,0.80133,0.70478,0.49065,0.4689,0.50887,0.481,0.49065,0.49488,0.48527,0.49249,0.49065,0.48914,0.49094,0.48975,0.49065,0.49028,0.49014,0.49028,0.49065,0.49028,0.49014,0.49028,0.49065,0.49028,0.49014,0.49028,0.49065,0.49028,0.49014,0.49028,0.49065,0.49028,0.49014,0.49028,0.49065,0.49028,0.49014,0.49028,0.49065,0.49028,0.49014,0.49028,0.49065,0.49028,0.49014,0.49028,0.49065,0.49028,0.49014,0.49028,0.49065,0.49028,0.49014,0.49028,0.49065,0.49028,0.49014,0.49028,0.49065,0.49028,0.49014,0.49028,0.49065,0.49028,0.49014,0.49028,0.49065,0.49028,0.49014,0.49028,0.49065,0.49028,0.49014,0.49028,0.49065,0.49028,0.49014,0.49028,0.49065,0.49028,0.49014,0.49028,0.49065,0.49028,0.49014,0.49028,0.49065,0.49028,0.49014,0.49028,0.49065,0.49028,0.49014,0.49028,0.49065,0.49028,0.49014,0.49028,0.49065,0.49028,0.49014,0.49028,0.49065,0.49028,0.49014,0.49028,0.49065,0.49028,0.49014,0.49028,0.49065,0.49028,0.49014,0.49028,0.49065,0.49028,0.49014,0.49083,0.49065,0.48912,0.49351,0.4871,0.49065,0.49721,0.47724,0.50335,0.49065,0.46306,0.55568,0.38303
0.7996,0.86119,0.74427,0.82598,0.7996,0.7856,0.81295,0.79254,0.7996,0.8023,0.79644,0.80051,0.7996,0.79899,0.79877,0.79899,0.7996,0.79899,0.79877,0.79899,0.7996,0.79899,0.79877,0.79899,0.7996,0.79899,0.79877,0.79899,0.7996,0.79899,0.79877,0.79899,0.7996,0.79899,0.79877,0.79899,0.7996,0.79899,0.79877,0.79899,0.7996,0.79899,0.79877,0.79899,0.7996,0.79899,0.79877,0.79899,0.7996,0.79899,0.79877,0.79899,0.7996,0.79899,0.79877,0.79899,0.7996,0.79899,0.79877,0.79899,0.7996,0.79899,0.79877,0.79899,0.7996,0.79899,0.79877,0.79899,0.7996,0.79899,0.79877,0.79899,0.7996,0.79899,0.79877,0.79899,0.7996,0.79899,0.79877,0.79899,0.7996,0.79899,0.79877,0.79899,0.7996,0.79899,0.79877,0.79899,0.7996,0.79899,0.79877,0.79899,0.7996,0.79899,0.79877,0.79899,0.7996,0.79899,0.79877,0.79899,0.7996,0.79899,0.79877,0.79899,0.7996,0.79899,0.79877,0.79899,0.7996,0.79899,0.79877,0.79899,0.7996,0.79899,0.79877,0.79924,0.7996,0.79849,0.80025,0.7976,0.7996,0.80204,0.79311,0.80473,0.7996,0.78705,0.82754,0.75193,0.58426,0.56707,0.59833,0.57655,0.58426,0.58742,0.57983,0.58555,0.58426,0.58292,0.58428,0.58341,0.58426,0.58381,0.58365,0.58381,0.58426,0.58381,0.58365,0.58381,0.58426,0.58381,0.58365,0.58381,0.58426,0.58381,0.58365,0.58381,0.58426,0.58381,0.58365,0.58381,0.58426,0.58381,0.58365,0.58381,0.58426,0.58381,0.58365,0.58381,0.58426,0.58381,0.58365,0.58381,0.58426,0.58381,0.58365,0.58381,0.58426,0.58381,0.58365,0.58381,0.58426,0.58381,0.58365,0.58381,0.58426,0.58381,0.58365,0.58381,0.58426,0.58381,0.58365,0.58381,0.58426,0.58381,0.58365,0.58381,0.58426,0.58381,0.58365,0.58381,0.58426,0.58381,0.58365,0.58381,0.58426,0.58381,0.58365,0.58381,0.58426,0.58381,0.58365,0.58381,0.58426,0.58381,0.58365,0.58381,0.58426,0.58381,0.58365,0.58381,0.58426,0.58381,0.58365,0.58381,0.58426,0.58381,0.58365,0.58381,0.58426,0.58381,0.58365,0.58381,0.58426,0.58381,0.58365,0.58381,0.58426,0.58381,0.58365,0.58381,0.58426,0.58381,0.58365,0.58447,0.58426,0.58244,0.58767,0.58004,0.58426,0.59207,0.56829,0.59938,0.58426,0.5514,0.6617,0.45611
0.73425,0.7908,0.68344,0.75847,0.73425,0.7214,0.74651,0.72776,0.73425,0.73673,0.73135,0.73509,0.73425,0.73369,0.73349,0.73369,0.73425,0.73369,0.73349,0.73369,0.73425,0.73369,0.73349,0.73369,0.73425,0.73369,0.73349,0.73369,0.73425,0.73369,0.73349,0.73369,0.73425,0.73369,0.73349,0.73369,0.73425,0.73369,0.73349,0.73369,0.73425,0.73369,0.73349,0.73369,0.73425,0.73369,0.73349,0.73369,0.73425,0.73369,0.73349,0.73369,0.73425,0.73369,0.73349,0.73369,0.73425,0.73369,0.73349,0.73369,0.73425,0.73369,0.73349,0.73369,0.73425,0.73369,0.73349,0.73369,0.73425,0.73369,0.73349,0.73369,0.73425,0.73369,0.73349,0.73369,0.73425,0.73369,0.73349,0.73369,0.73425,0.73369,0.73349,0.73369,0.73425,0.73369,0.73349,0.73369,0.73425,0.73369,0.73349,0.73369,0.73425,0.73369,0.73349,0.73369,0.73425,0.73369,0.73349,0.73369,0.73425,0.73369,0.73349,0.73369,0.73425,0.73369,0.73349,0.73369,0.73425,0.73369,0.73349,0.73369,0.73425,0.73369,0.73349,0.73369,0.73425,0.73369,0.73349,0.73369,0.73425,0.73369,0.73349,0.73369,0.73425,0.73369,0.73349,0.73369,0.73425,0.73369,0.73349,0.73369,0.73425,0.73369,0.73349,0.73369,0.73425,0.73369,0.73349,0.73369,0.73425,0.73369,0.73349,0.73369,0.73425,0.73369,0.73349,0.73369,0.73425,0.73369,0.73349,0.73369,0.73425,0.73369,0.73349,0.73369,0.73425,0.73369,0.73349,0.73369,0.73425,0.73369,0.73349,0.73369,0.73425,0.73369,0.73349,0.73369,0.73425,0.73369,0.73349,0.73369,0.73425,0.73369,0.73349,0.73369,0.73425,0.73369,0.73349,0.73369,0.73425,0.73369,0.73349,0.73369,0.73425,0.73369,0.73349,0.73369,0.73425,0.73369,0.73349,0.73369,0.73425,0.73369,0.73349,0.73369,0.73425,0.73369,0.73349,0.73369,0.73425,0.73369,0.73349,0.73369,0.73425,0.73369,0.73349,0.73369,0.73425,0.73369,0.73349,0.73369,0.73425,0.73369,0.73349,0.73369,0.73425,0.73369,0.73349,0.73369,0.73425,0.73369,0.73349,0.73369,0.73425,0.73369,0.73349,0.73369,0.73425,0.73369,0.73349,0.73369,0.73425,0.73369,0.73349,0.73369,0.73425,0.73369,0.73349,0.73369,0.73425,0.73369,0.73349,0.73452,0.73425,0.73197,0.73853,0.72895,0.73425,0.74407,0.71418,0.75326,0.73425,0.69296,0.83158,0.5732
0.66525,0.71688,0.61839,0.68825,0.66525,0.64033,0.6551,0.64373,0.64746,0.64569,0.66248,0.69197,0.68529,0.67971,0.69478,0.66921,0.61395,0.60682,0.62089,0.60776,0.61395,0.65118,0.66601,0.65806,0.66109,0.66286,0.65367,0.64802,0.64949,0.64945,0.64816,0.64956,0.64908,0.64751,0.65055,0.64619,0.64908,0.67577,0.69086,0.68068,0.68499,0.69052,0.66164,0.63585,0.64119,0.64269,0.63785,0.64315,0.64808,0.64727,0.64811,0.64682,0.64808,0.64808,0.64271,0.64945,0.64672,0.63728,0.68504,0.73638,0.72652,0.72062,0.73376,0.71745,0.69931,0.69937,0.69591,0.7026,0.69931,0.6536,0.6304,0.64442,0.64033,0.63501,0.65556,0.6733,0.67038,0.66742,0.67439,0.6631,0.64142,0.63893,0.64251,0.63997,0.64142,0.64463,0.64614,0.64491,0.64604,0.64742,0.63548,0.61852,0.62327,0.62702,0.61388,0.63554,0.67633,0.67837,0.67495,0.67444,0.67633,0.70819,0.72704,0.71494,0.71969,0.72418,0.70405,0.6941,0.69533,0.69252,0.70113,0.68335,0.64118,0.63624,0.64445,0.63876,0.64118,0.63891,0.63367,0.63826,0.63698,0.63306,0.65016,0.66784,0.66486,0.66247,0.66699,0.66087,0.65044,0.64854,0.65157,0.6484,0.65044,0.65763,0.65679,0.65996,0.65868,0.65253,0.68375,0.71955,0.71252,0.7074,0.71925,0.70374,0.68815,0.68984,0.68142,0.69523,0.68815,0.6021,0.55906,0.58493,0.57692,0.56779,0.60227,0.62402,0.62149,0.62124,0.61842,0.62641,0.65081,0.65353,0.64645,0.65309,0.65081,0.62803,0.61434,0.62493,0.62115,0.61188,0.65781,0.70802,0.69798,0.69061,0.70923,0.68164,0.63448,0.63059,0.63586,0.63408,0.63448,0.61088,0.59316,0.60657,0.6019,0.59244,0.63649,0.67968,0.67174,0.66692,0.67745,0.66432,0.64927,0.64901,0.64688,0.65133,0.64927,0.61808,0.60219,0.61182,0.60915,0.60545,0.61913,0.63107,0.62922,0.62701,0.63196,0.62401,0.61014,0.60893,0.60952,0.61033,0.61014,0.60039,0.59703,0.59789,0.59853,0.60048,0.58492,0.56413,0.56946,0.57291,0.56148,0.57889,0.60726,0.60748,0.60826,0.60345,0.60726,0.65282,0.6764,0.66244,0.66751,0.67131,0.65512,0.64738,0.64859,0.64728,0.65036,0.64404,0.63106,0.62996,0.62996,0.6327,0.63106,0.60544,0.59733,0.59819,0.59951,0.60335,0.5988,0.65034,0.63078,0.59419,0.7155,0.49186
0.83682,0.90127,0.77891,0.86443,0.83682,0.82217,0.85079,0.82943,0.83682,0.83964,0.83351,0.83778,0.83682,0.83619,0.83595,0.83619,0.83682,0.83619,0.83595,0.83619,0.83682,0.83619,0.83595,0.83619,0.83682,0.83619,0.83595,0.83619,0.83682,0.83619,0.83595,0.83619,0.83682,0.83619,0.83595,0.83619,0.83682,0.83619,0.83595,0.83619,0.83682,0.83619,0.83595,0.83619,0.83682,0.83619,0.83595,0.83619,0.83682,0.83619,0.83595,0.83619,0.83682,0.83619,0.83595,0.83619,0.83682,0.83619,0.83595,0.83619,0.83682,0.83619,0.83595,0.83619,0.83682,0.83619,0.83595,0.83619,0.83682,0.83619,0.83595,0.83619,0.83682,0.83619,0.83595,0.83619,0.83682,0.83619,0.83595,0.83619,0.83682,0.83619,0.83595,0.83619,0.83682,0.83619,0.83595,0.83619,0.83682,0.83619,0.83595,0.83619,0.83682,0.83619,0.83595,0.83619,0.83682,0.83619,0.83595,0.83619,0.83682,0.83619,0.83595,0.83619,0.83682,0.83619,0.83595,0.83619,0.83682,0.83619,0.83595,0.83619,0.83682,0.83619,0.83595,0.83619,0.83682,0.83619,0.83595,0.83619,0.83682,0.83619,0.83595,0.83619,0.83682,0.83619,0.83595,0.83619,0.83682,0.83619,0.83595,0.83619,0.83682,0.83619,0.83595,0.83619,0.83682,0.83619,0.83595,0.83619,0.83682,0.83619,0.83595,0.83619,0.83682,0.83619,0.83595,0.83619,0.83682,0.83619,0.83595,0.83619,0.83682,0.83619,0.83595,0.83619,0.83682,0.83619,0.83595,0.83619,0.83682,0.83619,0.83595,0.83619,0.83682,0.83619,0.83595,0.83619,0.83682,0.83619,0.83595,0.83619,0.83682,0.83619,0.83595,0.83619,0.83682,0.83619,0.83595,0.83619,0.83682,0.83619,0.83595,0.83619,0.83682,0.83619,0.83595,0.83619,0.83682,0.83619,0.83595,0.83619,0.83682,0.83619,0.83595,0.83619,0.83682,0.83619,0.83595,0.83619,0.83682,0.83619,0.83595,0.83619,0.83682,0.83619,0.83595,0.83619,0.83682,0.83619,0.83595,0.83619,0.83682,0.83619,0.83595,0.83619,0.83682,0.83619,0.83595,0.83619,0.83682,0.83619,0.83595,0.83619,0.83682,0.83619,0.83595,0.83619,0.83682,0.83619,0.83595,0.83619,0.83682,0.83619,0.83595,0.83619,0.83682,0.83619,0.83595,0.83619,0.83682,0.83619,0.83595,0.83713,0.83682,0.83422,0.8417,0.83078,0.83682,0.84801,0.81395,0.85849,0.83682,0.78976,0.94774,0.65328
0.84964,0.91508,0.79084,0.87767,0.84964,0.83477,0.86383,0.84214,0.84964,0.85251,0.84628,0.85061,0.84964,0.849,0.84876,0.849,0.84964,0.849,0.84876,0.849,0.84964,0.849,0.84876,0.849,0.84964,0.849,0.84876,0.849,0.84964,0.849,0.84876,0.849,0.84964,0.849,0.84876,0.849,0.84964,0.849,0.84876,0.849,0.84964,0.849,0.84876,0.849,0.84964,0.849,0.84876,0.849,0.84964,0.849,0.84876,0.849,0.84964,0.849,0.84876,0.849,0.84964,0.849,0.84876,0.849,0.84964,0.849,0.84876,0.849,0.84964,0.849,0.84876,0.849,0.84964,0.849,0.84876,0.849,0.84964,0.849,0.84876,0.849,0.84964,0.849,0.84876,0.849,0.84964,0.849,0.84876,0.849,0.84964,0.849,0.84876,0.849,0.84964,0.849,0.84876,0.849,0.84964,0.849,0.84876,0.849,0.84964,0.849,0.84876,0.849,0.84964,0.849,0.84876,0.849,0.84964,0.849,0.84876,0.849,0.84964,0.849,0.84876,0.849,0.84964,0.849,0.84876,0.849,0.84964,0.849,0.84876,0.849,0.84964,0.849,0.84876,0.849,0.84964,0.849,0.84876,0.849,0.84964,0.849,0.84876,0.849,0.84964,0.849,0.84876,0.849,0.84964,0.849,0.84876,0.849,0.84964,0.849,0.84876,0.849,0.84964,0.849,0.84876,0.849,0.84964,0.849,0.84876,0.849,0.84964,0.849,0.84876,0.849,0.84964,0.849,0.84876,0.849,0.84964,0.849,0.84876,0.849,0.84964,0.849,0.84876,0.849,0.84964,0.849,0.84876,0.849,0.84964,0.849,0.84876,0.849,0.84964,0.849,0.84876,0.849,0.84964,0.849,0.84876,0.849,0.84964,0.849,0.84876,0.849,0.84964,0.849,0.84876,0.849,0.84964,0.849,0.84876,0.849,0.84964,0.849,0.84876,0.849,0.84964,0.849,0.84876,0.849,0.84964,0.849,0.84876,0.849,0.84964,0.849,0.84876,0.849,0.84964,0.849,0.84876,0.849,0.84964,0.849,0.84876,0.849,0.84964,0.849,0.84876,0.849,0.84964,0.849,0.84876,0.849,0.84964,0.849,0.84876,0.849,0.84964,0.849,0.84876,0.849,0.84964,0.849,0.84876,0.849,0.84964,0.849,0.84876,0.84996,0.84964,0.847,0.8546,0.8435,0.84964,0.861,0.82642,0.87164,0.84964,0.80186,0.96226,0.66329
0.69042,0.7436,0.64264,0.7132,0.69042,0.67834,0.70195,0.68433,0.69042,0.69275,0.6877,0.69121,0.69042,0.6899,0.68971,0.6899,0.69042,0.6899,0.68971,0.6899,0.69042,0.6899,0.68971,0.6899,0.69042,0.6899,0.68971,0.6899,0.69042,0.6899,0.68971,0.6899,0.69042,0.6899,0.68971,0.6899,0.69042,0.6899,0.68971,0.6899,0.69042,0.6899,0.68971,0.6899,0.69042,0.6899,0.68971,0.6899,0.69042,0.6899,0.68971,0.69009,0.69042,0.6895,0.69088,0.68879,0.69042,0.69232,0.6852,0.69447,0.69042,0.6804,0.71259,0.65245,0.5191,0.50538,0.53024,0.51293,0.5191,0.52158,0.51553,0.52009,0.5191,0.518,0.51906,0.51838,0.5191,0.51871,0.51856,0.51871,0.5191,0.51871,0.51856,0.51871,0.5191,0.51871,0.51856,0.51871,0.5191,0.51871,0.51856,0.51871,0.5191,0.51871,0.51856,0.51871,0.5191,0.51871,0.51856,0.51871,0.5191,0.51871,0.51856,0.51871,0.5191,0.51871,0.51856,0.51871,0.5191,0.51871,0.51856,0.51871,0.5191,0.51871,0.51856,0.51866,0.5191,0.51881,0.51828,0.51897,0.5191,0.51813,0.51964,0.51762,0.5191,0.52097,0.51312,0.52762,0.55988,0.56263,0.55652,0.56083,0.55988,0.55877,0.56002,0.55912,0.55988,0.55962,0.55918,0.55953,0.55988,0.55945,0.5593,0.55945,0.55988,0.55945,0.5593,0.55945,0.55988,0.55945,0.5593,0.55945,0.55988,0.55945,0.5593,0.55945,0.55988,0.55945,0.5593,0.55945,0.55988,0.55945,0.5593,0.55945,0.55988,0.55945,0.5593,0.55945,0.55988,0.55945,0.5593,0.55945,0.55988,0.55945,0.5593,0.55945,0.55988,0.55945,0.5593,0.55937,0.55988,0.55963,0.55879,0.55993,0.55988,0.55841,0.56125,0.55748,0.55988,0.56357,0.54939,0.57567,0.63406,0.63936,0.62835,0.63609,0.63406,0.63234,0.63472,0.63299,0.63406,0.63389,0.63319,0.63373,0.63406,0.63359,0.63341,0.63359,0.63406,0.63359,0.63341,0.63359,0.63406,0.63359,0.63341,0.63359,0.63406,0.63359,0.63341,0.63359,0.63406,0.63359,0.63341,0.63359,0.63406,0.63359,0.63341,0.63359,0.63406,0.63359,0.63341,0.63359,0.63406,0.63359,0.63341,0.63359,0.63406,0.63359,0.63341,0.63359,0.63406,0.63359,0.63341,0.6343,0.63406,0.6321,0.63777,0.62949,0.63406,0.64255,0.61674,0.65048,0.63406,0.59841,0.71811,0.49499
0.59241,0.63804,0.55142,0.61196,0.59241,0.58205,0.60231,0.58718,0.59241,0.59442,0.59008,0.59309,0.59241,0.59197,0.5918,0.59197,0.59241,0.59197,0.5918,0.59197,0.59241,0.59197,0.5918,0.59197,0.59241,0.59197,0.5918,0.59197,0.59241,0.59197,0.5918,0.59197,0.59241,0.59197,0.5918,0.59197,0.59241,0.59197,0.5918,0.59197,0.59241,0.59197,0.5918,0.59197,0.59241,0.59197,0.5918,0.59197,0.59241,0.59197,0.5918,0.59197,0.59241,0.59197,0.5918,0.59197,0.59241,0.59197,0.5918,0.59197,0.59241,0.59197,0.5918,0.59197,0.59241,0.59197,0.5918,0.59197,0.59241,0.59197,0.5918,0.59197,0.59241,0.59197,0.5918,0.59197,0.59241,0.59197,0.5918,0.59197,0.59241,0.59197,0.5918,0.59197,0.59241,0.59197,0.5918,0.59197,0.59241,0.59197,0.5918,0.59197,0.59241,0.59197,0.5918,0.59197,0.59241,0.59197,0.5918,0.59197,0.59241,0.59197,0.5918,0.59197,0.59241,0.59197,0.5918,0.59197,0.59241,0.59197,0.5918,0.59197,0.59241,0.59197,0.5918,0.59172,0.59241,0.59248,0.5903,0.59338,0.59241,0.58888,0.59755,0.58614,0.59241,0.60409,0.56261,0.63974,0.81096,0.82735,0.79523,0.81773,0.81096,0.80669,0.814,0.80859,0.81096,0.81125,0.80949,0.81077,0.81096,0.81035,0.81012,0.81035,0.81096,0.81035,0.81012,0.81035,0.81096,0.81035,0.81012,0.81035,0.81096,0.81035,0.81012,0.81035,0.81096,0.81035,0.81012,0.81035,0.81096,0.81035,0.81012,0.81035,0.81096,0.81035,0.81012,0.81035,0.81096,0.81035,0.81012,0.81035,0.81096,0.81035,0.81012,0.81035,0.81096,0.81035,0.81012,0.81035,0.81096,0.81035,0.81012,0.81035,0.81096,0.81035,0.81012,0.81035,0.81096,0.81035,0.81012,0.81035,0.81096,0.81035,0.81012,0.81035,0.81096,0.81035,0.81012,0.81035,0.81096,0.81035,0.81012,0.81035,0.81096,0.81035,0.81012,0.81035,0.81096,0.81035,0.81012,0.81035,0.81096,0.81035,0.81012,0.81035,0.81096,0.81035,0.81012,0.81035,0.81096,0.81035,0.81012,0.81035,0.81096,0.81035,0.81012,0.81035,0.81096,0.81035,0.81012,0.81035,0.81096,0.81035,0.81012,0.81035,0.81096,0.81035,0.81012,0.81035,0.81096,0.81035,0.81012,0.81127,0.81096,0.80844,0.8157,0.80511,0.81096,0.82181,0.7888,0.83196,0.81096,0.76536,0.91846,0.63309
0.51176,0.55811,0.46015,0.55399,0.61852,0.61358,0.62968,0.60167,0.55098,0.54794,0.55019,0.55563,0.57407,0.5724,0.58077,0.56014,0.51882,0.51964,0.50825,0.53921,0.61917,0.62543,0.61607,0.61268,0.56806,0.55909,0.57903,0.55466,0.51828,0.51406,0.522,0.51594,0.53199,0.54138,0.51093,0.56206,0.65905,0.664,0.66005,0.64569,0.57828,0.56803,0.58894,0.56739,0.54088,0.53633,0.54758,0.53181,0.51932,0.52501,0.50217,0.54715,0.64935,0.65844,0.64201,0.64806,0.61794,0.60952,0.6298,0.60064,0.53868,0.52754,0.55486,0.5194,0.48697,0.49507,0.4622,0.52732,0.66697,0.67573,0.66608,0.65214,0.57515,0.56562,0.58138,0.57314,0.57878,0.57607,0.58657,0.56392,0.52179,0.52315,0.50972,0.54488,0.63672,0.64515,0.62993,0.6358,0.61382,0.609,0.61829,0.60768,0.58325,0.57533,0.59741,0.56303,0.51563,0.51957,0.49797,0.54631,0.65494,0.66069,0.65725,0.63708,0.55029,0.53846,0.56101,0.54226,0.53559,0.53552,0.53521,0.5346,0.53687,0.53943,0.52872,0.55029,0.61067,0.62069,0.59461,0.62719,0.65951,0.65355,0.67596,0.62832,0.51071,0.49654,0.5242,0.50211,0.51505,0.52585,0.49242,0.54566,0.63736,0.63979,0.64281,0.6192,0.55037,0.54637,0.54604,0.56281,0.60804,0.60524,0.62159,0.5805,0.49093,0.48924,0.47814,0.52069,0.64506,0.65665,0.63706,0.64135,0.59884,0.59046,0.60765,0.58895,0.5604,0.55418,0.57038,0.54694,0.5223,0.52793,0.50392,0.55239,0.65848,0.66537,0.65726,0.64681,0.58083,0.56992,0.593,0.56731,0.53074,0.52476,0.53946,0.51882,0.49349,0.49607,0.4819,0.51445,0.60353,0.61571,0.58703,0.6177,0.63807,0.6317,0.65278,0.61179,0.51587,0.50432,0.52684,0.50884,0.5212,0.53099,0.50037,0.54972,0.63831,0.64201,0.64053,0.62461,0.56353,0.55653,0.56738,0.56304,0.57101,0.56915,0.57635,0.56086,0.53826,0.5425,0.52251,0.56514,0.6648,0.67284,0.66016,0.65839,0.60543,0.59286,0.62359,0.581,0.50576,0.49716,0.51427,0.49954,0.51072,0.52109,0.4872,0.5452,0.66242,0.67151,0.65647,0.6579,0.61341,0.60286,0.62775,0.59498,0.54202,0.5364,0.54707,0.53764,0.53892,0.54249,0.52956,0.5535,0.6105,0.6176,0.60128,0.61931,0.64402,0.64603,0.6438,0.63306,0.52907,0.49011,0.60742,0.40901
0.84212,0.90698,0.78384,0.8699,0.84212,0.82738,0.85618,0.83468,0.84212,0.84496,0.83879,0.84308,0.84212,0.84148,0.84125,0.84148,0.84212,0.84148,0.84125,0.84148,0.84212,0.84148,0.84125,0.84148,0.84212,0.84148,0.84125,0.84148,0.84212,0.84148,0.84125,0.84148,0.84212,0.84148,0.84125,0.84148,0.84212,0.84148,0.84125,0.84148,0.84212,0.84148,0.84125,0.84148,0.84212,0.84148,0.84125,0.84148,0.84212,0.84148,0.84125,0.84148,0.84212,0.84148,0.84125,0.84148,0.84212,0.84148,0.84125,0.84148,0.84212,0.84148,0.84125,0.84148,0.84212,0.84148,0.84125,0.84148,0.84212,0.84148,0.84125,0.84148,0.84212,0.84148,0.84125,0.84148,0.84212,0.84148,0.84125,0.84148,0.84212,0.84148,0.84125,0.84148,0.84212,0.84148,0.84125,0.84148,0.84212,0.84148,0.84125,0.84148,0.84212,0.84148,0.84125,0.84148,0.84212,0.84148,0.84125,0.84148,0.84212,0.84148,0.84125,0.84148,0.84212,0.84148,0.84125,0.84148,0.84212,0.84148,0.84125,0.84148,0.84212,0.84148,0.84125,0.84148,0.84212,0.84148,0.84125,0.84148,0.84212,0.84148,0.84125,0.84148,0.84212,0.84148,0.84125,0.84148,0.84212,0.84148,0.84125,0.84148,0.84212,0.84148,0.84125,0.84148,0.84212,0.84148,0.84125,0.84148,0.84212,0.84148,0.84125,0.84148,0.84212,0.84148,0.84125,0.84148,0.84212,0.84148,0.84125,0.84148,0.84212,0.84148,0.84125,0.84148,0.84212,0.84148,0.84125,0.84148,0.84212,0.84148,0.84125,0.84148,0.84212,0.84148,0.84125,0.84148,0.84212,0.84148,0.84125,0.84148,0.84212,0.84148,0.84125,0.84148,0.84212,0.84148,0.84125,0.84148,0.84212,0.84148,0.84125,0.84148,0.84212,0.84148,0.84125,0.84148,0.84212,0.84148,0.84125,0.84148,0.84212,0.84148,0.84125,0.84148,0.84212,0.84148,0.84125,0.84148,0.84212,0.84148,0.84125,0.84148,0.84212,0.84148,0.84125,0.84148,0.84212,0.84148,0.84125,0.84148,0.84212,0.84148,0.84125,0.84148,0.84212,0.84148,0.84125,0.84148,0.84212,0.84148,0.84125,0.84148,0.84212,0.84148,0.84125,0.84148,0.84212,0.84148,0.84125,0.84148,0.84212,0.84148,0.84125,0.84148,0.84212,0.84148,0.84125,0.84148,0.84212,0.84148,0.84125,0.84243,0.84212,0.8395,0.84703,0.83604,0.84212,0.85338,0.81911,0.86392,0.84212,0.79476,0.95375,0.65742
0.30098,0.32416,0.28015,0.31091,0.30098,0.29571,0.306,0.29832,0.30098,0.30199,0.29979,0.30132,0.30098,0.30075,0.30066,0.30075,0.30098,0.30075,0.30066,0.30075,0.30098,0.30075,0.30066,0.30075,0.30098,0.30075,0.30066,0.30075,0.30098,0.30075,0.30066,0.30075,0.30098,0.30075,0.30066,0.30075,0.30098,0.30075,0.30066,0.30075,0.30098,0.30075,0.30066,0.30075,0.30098,0.30075,0.30066,0.30075,0.30098,0.30075,0.30066,0.30075,0.30098,0.30075,0.30066,0.30075,0.30098,0.30075,0.30066,0.30075,0.30098,0.30075,0.30066,0.30075,0.30098,0.30075,0.30066,0.30075,0.30098,0.30075,0.30066,0.30075,0.30098,0.30075,0.30066,0.30075,0.30098,0.30075,0.30066,0.30075,0.30098,0.30075,0.30066,0.30075,0.30098,0.30075,0.30066,0.30075,0.30098,0.30075,0.30066,0.30075,0.30098,0.30075,0.30066,0.30075,0.30098,0.30075,0.30066,0.30075,0.30098,0.30075,0.30066,0.30075,0.30098,0.30075,0.30066,0.30075,0.30098,0.30075,0.30066,0.30075,0.30098,0.30075,0.30066,0.3002,0.30098,0.30189,0.29732,0.3039,0.30098,0.29386,0.31347,0.28777,0.30098,0.32777,0.23559,0.40721,0.78807,0.82536,0.75405,0.80391,0.78807,0.77932,0.79589,0.78354,0.78807,0.78949,0.78583,0.7884,0.78807,0.78747,0.78725,0.78747,0.78807,0.78747,0.78725,0.78747,0.78807,0.78747,0.78725,0.78747,0.78807,0.78747,0.78725,0.78747,0.78807,0.78747,0.78725,0.78747,0.78807,0.78747,0.78725,0.78747,0.78807,0.78747,0.78725,0.78747,0.78807,0.78747,0.78725,0.78747,0.78807,0.78747,0.78725,0.78747,0.78807,0.78747,0.78725,0.78747,0.78807,0.78747,0.78725,0.78747,0.78807,0.78747,0.78725,0.78747,0.78807,0.78747,0.78725,0.78747,0.78807,0.78747,0.78725,0.78747,0.78807,0.78747,0.78725,0.78747,0.78807,0.78747,0.78725,0.78747,0.78807,0.78747,0.78725,0.78747,0.78807,0.78747,0.78725,0.78747,0.78807,0.78747,0.78725,0.78747,0.78807,0.78747,0.78725,0.78747,0.78807,0.78747,0.78725,0.78747,0.78807,0.78747,0.78725,0.78747,0.78807,0.78747,0.78725,0.78747,0.78807,0.78747,0.78725,0.78747,0.78807,0.78747,0.78725,0.78747,0.78807,0.78747,0.78725,0.78836,0.78807,0.78562,0.79267,0.78238,0.78807,0.79861,0.76653,0.80848,0.78807,0.74375,0.89253,0.61522
0.88602,0.95427,0.82471,0.91526,0.88602,0.87051,0.90082,0.8782,0.88602,0.88901,0.88252,0.88704,0.88602,0.88535,0.8851,0.88535,0.88602,0.88535,0.8851,0.88535,0.88602,0.88535,0.8851,0.88535,0.88602,0.88535,0.8851,0.88535,0.88602,0.88535,0.8851,0.88535,0.88602,0.88535,0.8851,0.88535,0.88602,0.88535,0.8851,0.88535,0.88602,0.88535,0.8851,0.88535,0.88602,0.88535,0.8851,0.88535,0.88602,0.88535,0.8851,0.88535,0.88602,0.88535,0.8851,0.88535,0.88602,0.88535,0.8851,0.88535,0.88602,0.88535,0.8851,0.88535,0.88602,0.88535,0.8851,0.88535,0.88602,0.88535,0.8851,0.88535,0.88602,0.88535,0.8851,0.88535,0.88602,0.88535,0.8851,0.88535,0.88602,0.88535,0.8851,0.88535,0.88602,0.88535,0.8851,0.88535,0.88602,0.88535,0.8851,0.88535,0.88602,0.88535,0.8851,0.88535,0.88602,0.88535,0.8851,0.88535,0.88602,0.88535,0.8851,0.88535,0.88602,0.88535,0.8851,0.88535,0.88602,0.88535,0.8851,0.88535,0.88602,0.88535,0.8851,0.88535,0.88602,0.88535,0.8851,0.88535,0.88602,0.88535,0.8851,0.88535,0.88602,0.88535,0.8851,0.88535,0.88602,0.88535,0.8851,0.88535,0.88602,0.88535,0.8851,0.88535,0.88602,0.88535,0.8851,0.88535,0.88602,0.88535,0.8851,0.88535,0.88602,0.88535,0.8851,0.88535,0.88602,0.88535,0.8851,0.88535,0.88602,0.88535,0.8851,0.88535,0.88602,0.88535,0.8851,0.88535,0.88602,0.88535,0.8851,0.88535,0.88602,0.88535,0.8851,0.88535,0.88602,0.88535,0.8851,0.88535,0.88602,0.88535,0.8851,0.88535,0.88602,0.88535,0.8851,0.88535,0.88602,0.88535,0.8851,0.88535,0.88602,0.88535,0.8851,0.88535,0.88602,0.88535,0.8851,0.88535,0.88602,0.88535,0.8851,0.88535,0.88602,0.88535,0.8851,0.88535,0.88602,0.88535,0.8851,0.88535,0.88602,0.88535,0.8851,0.88535,0.88602,0.88535,0.8851,0.88535,0.88602,0.88535,0.8851,0.88535,0.88602,0.88535,0.8851,0.88535,0.88602,0.88535,0.8851,0.88535,0.88602,0.88535,0.8851,0.88535,0.88602,0.88535,0.8851,0.88535,0.88602,0.88535,0.8851,0.88535,0.88602,0.88535,0.8851,0.88535,0.88602,0.88535,0.8851,0.88635,0.88602,0.88327,0.89119,0.87962,0.88602,0.89787,0.86181,0.90896,0.88602,0.8362,1.0035,0.69169
0.71847,0.77381,0.66875,0.74217,0.71847,0.70589,0.73046,0.71212,0.71847,0.7209,0.71563,0.71929,0.71847,0.71793,0.71772,0.71793,0.71847,0.71793,0.71772,0.71793,0.71847,0.71793,0.71772,0.71793,0.71847,0.71793,0.71772,0.71793,0.71847,0.71793,0.71772,0.71793,0.71847,0.71793,0.71772,0.71793,0.71847,0.71793,0.71772,0.71793,0.71847,0.71793,0.71772,0.71793,0.71847,0.71793,0.71772,0.71793,0.71847,0.71793,0.71772,0.71793,0.71847,0.71793,0.71772,0.71793,0.71847,0.71793,0.71772,0.71793,0.71847,0.71793,0.71772,0.71793,0.71847,0.71793,0.71772,0.71793,0.71847,0.71793,0.71772,0.71793,0.71847,0.71793,0.71772,0.71793,0.71847,0.71793,0.71772,0.71793,0.71847,0.71793,0.71772,0.71793,0.71847,0.71793,0.71772,0.71793,0.71847,0.71793,0.71772,0.71793,0.71847,0.71793,0.71772,0.71793,0.71847,0.71793,0.71772,0.71793,0.71847,0.71793,0.71772,0.71793,0.71847,0.71793,0.71772,0.71793,0.71847,0.71793,0.71772,0.71793,0.71847,0.71793,0.71772,0.71828,0.71847,0.7172,0.71985,0.71592,0.71847,0.7223,0.70958,0.72618,0.71847,0.70073,0.75912,0.65019,0.40858,0.38416,0.42928,0.39781,0.40858,0.41346,0.40266,0.41077,0.40858,0.40699,0.40906,0.40768,0.40858,0.40827,0.40815,0.40827,0.40858,0.40827,0.40815,0.40827,0.40858,0.40827,0.40815,0.40827,0.40858,0.40827,0.40815,0.40827,0.40858,0.40827,0.40815,0.40827,0.40858,0.40827,0.40815,0.40827,0.40858,0.40827,0.40815,0.40827,0.40858,0.40827,0.40815,0.40827,0.40858,0.40827,0.40815,0.40827,0.40858,0.40827,0.40815,0.40827,0.40858,0.40827,0.40815,0.40827,0.40858,0.40827,0.40815,0.40827,0.40858,0.40827,0.40815,0.40827,0.40858,0.40827,0.40815,0.40827,0.40858,0.40827,0.40815,0.40827,0.40858,0.40827,0.40815,0.40827,0.40858,0.40827,0.40815,0.40827,0.40858,0.40827,0.40815,0.40827,0.40858,0.40827,0.40815,0.40827,0.40858,0.40827,0.40815,0.40827,0.40858,0.40827,0.40815,0.40827,0.40858,0.40827,0.40815,0.40827,0.40858,0.40827,0.40815,0.40827,0.40858,0.40827,0.40815,0.40827,0.40858,0.40827,0.40815,0.40827,0.40858,0.40827,0.40815,0.40873,0.40858,0.40731,0.41096,0.40563,0.40858,0.41404,0.39741,0.41916,0.40858,0.3856,0.46274,0.31896
0.8684,0.93528,0.8083,0.89705,0.8684,0.8532,0.8829,0.86073,0.8684,0.87133,0.86497,0.86939,0.8684,0.86774,0.8675,0.86774,0.8684,0.86774,0.8675,0.86774,0.8684,0.86774,0.8675,0.86774,0.8684,0.86774,0.8675,0.86774,0.8684,0.86774,0.8675,0.86774,0.8684,0.86774,0.8675,0.86774,0.8684,0.86774,0.8675,0.86774,0.8684,0.86774,0.8675,0.86774,0.8684,0.86774,0.8675,0.86774,0.8684,0.86774,0.8675,0.86774,0.8684,0.86774,0.8675,0.86774,0.8684,0.86774,0.8675,0.86774,0.8684,0.86774,0.8675,0.86774,0.8684,0.86774,0.8675,0.86774,0.8684,0.86774,0.8675,0.86774,0.8684,0.86774,0.8675,0.86774,0.8684,0.86774,0.8675,0.86774,0.8684,0.86774,0.8675,0.86774,0.8684,0.86774,0.8675,0.86774,0.8684,0.86774,0.8675,0.86774,0.8684,0.86774,0.8675,0.86774,0.8684,0.86774,0.8675,0.86774,0.8684,0.86774,0.8675,0.86774,0.8684,0.86774,0.8675,0.86774,0.8684,0.86774,0.8675,0.86774,0.8684,0.86774,0.8675,0.86858,0.8684,0.866,0.8726,0.86294,0.8684,0.87824,0.84797,0.88753,0.8684,0.82654,0.96672,0.70541,0.12571,0.067848,0.1762,0.10055,0.12571,0.13805,0.11241,0.13161,0.12571,0.12254,0.12774,0.1242,0.12571,0.12561,0.12558,0.12561,0.12571,0.12561,0.12558,0.12561,0.12571,0.12561,0.12558,0.12561,0.12571,0.12561,0.12558,0.12561,0.12571,0.12561,0.12558,0.12561,0.12571,0.12561,0.12558,0.12561,0.12571,0.12561,0.12558,0.12561,0.12571,0.12561,0.12558,0.12561,0.12571,0.12561,0.12558,0.12561,0.12571,0.12561,0.12558,0.12561,0.12571,0.12561,0.12558,0.12561,0.12571,0.12561,0.12558,0.12561,0.12571,0.12561,0.12558,0.12561,0.12571,0.12561,0.12558,0.12561,0.12571,0.12561,0.12558,0.12561,0.12571,0.12561,0.12558,0.12561,0.12571,0.12561,0.12558,0.12561,0.12571,0.12561,0.12558,0.12561,0.12571,0.12561,0.12558,0.12561,0.12571,0.12561,0.12558,0.12561,0.12571,0.12561,0.12558,0.12561,0.12571,0.12561,0.12558,0.12561,0.12571,0.12561,0.12558,0.12561,0.12571,0.12561,0.12558,0.12561,0.12571,0.12561,0.12558,0.12561,0.12571,0.12561,0.12558,0.12576,0.12571,0.12532,0.12644,0.1248,0.12571,0.12739,0.12227,0.12896,0.12571,0.11864,0.14237,0.098137
0.83841,0.90298,0.78039,0.86607,0.83841,0.82373,0.85241,0.83101,0.83841,0.84124,0.8351,0.83937,0.83841,0.83777,0.83754,0.83777,0.83841,0.83777,0.83754,0.83777,0.83841,0.83777,0.83754,0.83777,0.83841,0.83777,0.83754,0.83777,0.83841,0.83777,0.83754,0.83777,0.83841,0.83777,0.83754,0.83777,0.83841,0.83777,0.83754,0.83777,0.83841,0.83777,0.83754,0.83777,0.83841,0.83777,0.83754,0.83777,0.83841,0.83777,0.83754,0.83777,0.83841,0.83777,0.83754,0.83777,0.83841,0.83777,0.83754,0.83777,0.83841,0.83777,0.83754,0.83777,0.83841,0.83777,0.83754,0.83777,0.83841,0.83777,0.83754,0.83777,0.83841,0.83777,0.83754,0.83777,0.83841,0.83777,0.83754,0.83777,0.83841,0.83777,0.83754,0.83777,0.83841,0.83777,0.83754,0.83777,0.83841,0.83777,0.83754,0.83777,0.83841,0.83777,0.83754,0.83777,0.83841,0.83777,0.83754,0.83777,0.83841,0.83777,0.83754,0.83777,0.83841,0.83777,0.83754,0.83777,0.83841,0.83777,0.83754,0.83777,0.83841,0.83777,0.83754,0.83777,0.83841,0.83777,0.83754,0.83777,0.83841,0.83777,0.83754,0.83777,0.83841,0.83777,0.83754,0.83777,0.83841,0.83777,0.83754,0.83777,0.83841,0.83777,0.83754,0.83777,0.83841,0.83777,0.83754,0.83777,0.83841,0.83777,0.83754,0.83777,0.83841,0.83777,0.83754,0.83777,0.83841,0.83777,0.83754,0.83777,0.83841,0.83777,0.83754,0.83777,0.83841,0.83777,0.83754,0.83777,0.83841,0.83777,0.83754,0.83777,0.83841,0.83777,0.83754,0.83777,0.83841,0.83777,0.83754,0.83777,0.83841,0.83777,0.83754,0.83777,0.83841,0.83777,0.83754,0.83777,0.83841,0.83777,0.83754,0.83777,0.83841,0.83777,0.83754,0.83777,0.83841,0.83777,0.83754,0.83777,0.83841,0.83777,0.83754,0.83777,0.83841,0.83777,0.83754,0.83777,0.83841,0.83777,0.83754,0.83777,0.83841,0.83777,0.83754,0.83777,0.83841,0.83777,0.83754,0.83777,0.83841,0.83777,0.83754,0.83777,0.83841,0.83777,0.83754,0.83777,0.83841,0.83777,0.83754,0.83777,0.83841,0.83777,0.83754,0.83777,0.83841,0.83777,0.83754,0.83777,0.83841,0.83777,0.83754,0.83777,0.83841,0.83777,0.83754,0.83777,0.83841,0.83777,0.83754,0.83872,0.83841,0.8358,0.8433,0.83235,0.83841,0.84962,0.8155,0.86012,0.83841,0.79126,0.94954,0.65452
0.78334,0.84367,0.72913,0.80918,0.78334,0.76963,0.79642,0.77642,0.78334,0.78598,0.78024,0.78423,0.78334,0.78274,0.78252,0.78274,0.78334,0.78274,0.78252,0.78274,0.78334,0.78274,0.78252,0.78274,0.78334,0.78274,0.78252,0.78274,0.78334,0.78274,0.78252,0.78274,0.78334,0.78274,0.78252,0.78274,0.78334,0.78274,0.78252,0.78274,0.78334,0.78274,0.78252,0.78274,0.78334,0.78274,0.78252,0.78274,0.78334,0.78274,0.78252,0.78274,0.78334,0.78274,0.78252,0.78274,0.78334,0.78274,0.78252,0.78274,0.78334,0.78274,0.78252,0.78274,0.78334,0.78274,0.78252,0.78274,0.78334,0.78274,0.78252,0.78274,0.78334,0.78274,0.78252,0.78274,0.78334,0.78274,0.78252,0.78274,0.78334,0.78274,0.78252,0.78274,0.78334,0.78274,0.78252,0.78274,0.78334,0.78274,0.78252,0.78274,0.78334,0.78274,0.78252,0.78274,0.78334,0.78274,0.78252,0.78274,0.78334,0.78274,0.78252,0.78274,0.78334,0.78274,0.78252,0.78274,0.78334,0.78274,0.78252,0.78274,0.78334,0.78274,0.78252,0.78274,0.78334,0.78274,0.78252,0.78274,0.78334,0.78274,0.78252,0.78274,0.78334,0.78274,0.78252,0.78274,0.78334,0.78274,0.78252,0.78274,0.78334,0.78274,0.78252,0.78274,0.78334,0.78274,0.78252,0.78274,0.78334,0.78274,0.78252,0.78274,0.78334,0.78274,0.78252,0.78274,0.78334,0.78274,0.78252,0.78274,0.78334,0.78274,0.78252,0.78274,0.78334,0.78274,0.78252,0.78274,0.78334,0.78274,0.78252,0.78274,0.78334,0.78274,0.78252,0.78274,0.78334,0.78274,0.78252,0.78274,0.78334,0.78274,0.78252,0.78274,0.78334,0.78274,0.78252,0.78274,0.78334,0.78274,0.78252,0.78274,0.78334,0.78274,0.78252,0.78274,0.78334,0.78274,0.78252,0.78274,0.78334,0.78274,0.78252,0.78274,0.78334,0.78274,0.78252,0.78274,0.78334,0.78274,0.78252,0.78274,0.78334,0.78274,0.78252,0.78274,0.78334,0.78274,0.78252,0.78274,0.78334,0.78274,0.78252,0.78274,0.78334,0.78274,0.78252,0.78274,0.78334,0.78274,0.78252,0.78274,0.78334,0.78274,0.78252,0.78274,0.78334,0.78274,0.78252,0.78274,0.78334,0.78274,0.78252,0.78274,0.78334,0.78274,0.78252,0.78274,0.78334,0.78274,0.78252,0.78363,0.78334,0.7809,0.78791,0.77768,0.78334,0.79381,0.76193,0.80362,0.78334,0.73929,0.88717,0.61153
0.83458,0.89886,0.77683,0.86212,0.83458,0.81997,0.84852,0.82721,0.83458,0.8374,0.83129,0.83554,0.83458,0.83395,0.83372,0.83395,0.83458,0.83395,0.83372,0.83395,0.83458,0.83395,0.83372,0.83395,0.83458,0.83395,0.83372,0.83395,0.83458,0.83395,0.83372,0.83395,0.83458,0.83395,0.83372,0.83395,0.83458,0.83395,0.83372,0.83395,0.83458,0.83395,0.83372,0.83395,0.83458,0.83395,0.83372,0.83395,0.83458,0.83395,0.83372,0.83395,0.83458,0.83395,0.83372,0.83395,0.83458,0.83395,0.83372,0.83395,0.83458,0.83395,0.83372,0.83395,0.83458,0.83395,0.83372,0.83395,0.83458,0.83395,0.83372,0.83395,0.83458,0.83395,0.83372,0.83395,0.83458,0.83395,0.83372,0.83395,0.83458,0.83395,0.83372,0.83395,0.83458,0.83395,0.83372,0.83395,0.83458,0.83395,0.83372,0.83395,0.83458,0.83395,0.83372,0.83395,0.83458,0.83395,0.83372,0.83395,0.83458,0.83395,0.83372,0.83395,0.83458,0.83395,0.83372,0.83395,0.83458,0.83395,0.83372,0.83395,0.83458,0.83395,0.83372,0.83395,0.83458,0.83395,0.83372,0.83395,0.83458,0.83395,0.83372,0.83395,0.83458,0.83395,0.83372,0.83395,0.83458,0.83395,0.83372,0.83395,0.83458,0.83395,0.83372,0.83395,0.83458,0.83395,0.83372,0.83395,0.83458,0.83395,0.83372,0.83395,0.83458,0.83395,0.83372,0.83395,0.83458,0.83395,0.83372,0.83395,0.83458,0.83395,0.83372,0.83395,0.83458,0.83395,0.83372,0.83395,0.83458,0.83395,0.83372,0.83395,0.83458,0.83395,0.83372,0.83395,0.83458,0.83395,0.83372,0.83395,0.83458,0.83395,0.83372,0.83395,0.83458,0.83395,0.83372,0.83395,0.83458,0.83395,0.83372,0.83395,0.83458,0.83395,0.83372,0.83395,0.83458,0.83395,0.83372,0.83395,0.83458,0.83395,0.83372,0.83395,0.83458,0.83395,0.83372,0.83395,0.83458,0.83395,0.83372,0.83395,0.83458,0.83395,0.83372,0.83395,0.83458,0.83395,0.83372,0.83395,0.83458,0.83395,0.83372,0.83395,0.83458,0.83395,0.83372,0.83395,0.83458,0.83395,0.83372,0.83395,0.83458,0.83395,0.83372,0.83395,0.83458,0.83395,0.83372,0.83395,0.83458,0.83395,0.83372,0.83395,0.83458,0.83395,0.83372,0.83395,0.83458,0.83395,0.83372,0.83489,0.83458,0.83199,0.83945,0.82855,0.83458,0.84575,0.81178,0.85619,0.83458,0.78765,0.94521,0.65153
0.80918,0.87151,0.75319,0.83588,0.80918,0.79502,0.8227,0.80204,0.80918,0.81192,0.80599,0.81011,0.80918,0.80857,0.80835,0.80857,0.80918,0.80857,0.80835,0.80857,0.80918,0.80857,0.80835,0.80857,0.80918,0.80857,0.80835,0.80857,0.80918,0.80857,0.80835,0.80857,0.80918,0.80857,0.80835,0.80857,0.80918,0.80857,0.80835,0.80857,0.80918,0.80857,0.80835,0.80857,0.80918,0.80857,0.80835,0.80857,0.80918,0.80857,0.80835,0.80857,0.80918,0.80857,0.80835,0.80857,0.80918,0.80857,0.80835,0.80857,0.80918,0.80857,0.80835,0.80857,0.80918,0.80857,0.80835,0.80857,0.80918,0.80857,0.80835,0.80857,0.80918,0.80857,0.80835,0.80857,0.80918,0.80857,0.80835,0.80857,0.80918,0.80857,0.80835,0.80857,0.80918,0.80857,0.80835,0.80857,0.80918,0.80857,0.80835,0.80857,0.80918,0.80857,0.80835,0.80857,0.80918,0.80857,0.80835,0.80857,0.80918,0.80857,0.80835,0.80857,0.80918,0.80857,0.80835,0.80857,0.80918,0.80857,0.80835,0.80857,0.80918,0.80857,0.80835,0.80857,0.80918,0.80857,0.80835,0.80857,0.80918,0.80857,0.80835,0.80857,0.80918,0.80857,0.80835,0.80857,0.80918,0.80857,0.80835,0.80857,0.80918,0.80857,0.80835,0.80857,0.80918,0.80857,0.80835,0.80857,0.80918,0.80857,0.80835,0.80857,0.80918,0.80857,0.80835,0.80857,0.80918,0.80857,0.80835,0.80857,0.80918,0.80857,0.80835,0.80857,0.80918,0.80857,0.80835,0.80857,0.80918,0.80857,0.80835,0.80857,0.80918,0.80857,0.80835,0.80857,0.80918,0.80857,0.80835,0.80857,0.80918,0.80857,0.80835,0.80857,0.80918,0.80857,0.80835,0.80857,0.80918,0.80857,0.80835,0.80857,0.80918,0.80857,0.80835,0.80857,0.80918,0.80857,0.80835,0.80857,0.80918,0.80857,0.80835,0.80857,0.80918,0.80857,0.80835,0.80857,0.80918,0.80857,0.80835,0.80857,0.80918,0.80857,0.80835,0.80857,0.80918,0.80857,0.80835,0.80857,0.80918,0.80857,0.80835,0.80857,0.80918,0.80857,0.80835,0.80857,0.80918,0.80857,0.80835,0.80857,0.80918,0.80857,0.80835,0.80857,0.80918,0.80857,0.80835,0.80857,0.80918,0.80857,0.80835,0.80857,0.80918,0.80857,0.80835,0.80857,0.80918,0.80857,0.80835,0.80949,0.80918,0.80667,0.81391,0.80334,0.80918,0.82001,0.78707,0.83014,0.80918,0.76368,0.91645,0.6317
0.79205,0.85306,0.73724,0.81819,0.79205,0.77819,0.80528,0.78506,0.79205,0.79473,0.78892,0.79296,0.79205,0.79145,0.79123,0.79145,0.79205,0.79145,0.79123,0.79145,0.79205,0.79145,0.79123,0.79145,0.79205,0.79145,0.79123,0.79145,0.79205,0.79145,0.79123,0.79145,0.79205,0.79145,0.79123,0.79145,0.79205,0.79145,0.79123,0.79145,0.79205,0.79145,0.79123,0.79145,0.79205,0.79145,0.79123,0.79145,0.79205,0.79145,0.79123,0.79145,0.79205,0.79145,0.79123,0.79145,0.79205,0.79145,0.79123,0.79145,0.79205,0.79145,0.79123,0.79145,0.79205,0.79145,0.79123,0.79145,0.79205,0.79145,0.79123,0.79145,0.79205,0.79145,0.79123,0.79145,0.79205,0.79145,0.79123,0.79145,0.79205,0.79145,0.79123,0.79145,0.79205,0.79145,0.79123,0.79145,0.79205,0.79145,0.79123,0.79145,0.79205,0.79145,0.79123,0.79145,0.79205,0.79145,0.79123,0.79145,0.79205,0.79145,0.79123,0.79145,0.79205,0.79145,0.79123,0.79145,0.79205,0.79145,0.79123,0.79145,0.79205,0.79145,0.79123,0.79145,0.79205,0.79145,0.79123,0.79145,0.79205,0.79145,0.79123,0.79145,0.79205,0.79145,0.79123,0.79145,0.79205,0.79145,0.79123,0.79145,0.79205,0.79145,0.79123,0.79145,0.79205,0.79145,0.79123,0.79145,0.79205,0.79145,0.79123,0.79145,0.79205,0.79145,0.79123,0.79145,0.79205,0.79145,0.79123,0.79145,0.79205,0.79145,0.79123,0.79145,0.79205,0.79145,0.79123,0.79145,0.79205,0.79145,0.79123,0.79145,0.79205,0.79145,0.79123,0.79145,0.79205,0.79145,0.79123,0.79145,0.79205,0.79145,0.79123,0.79145,0.79205,0.79145,0.79123,0.79145,0.79205,0.79145,0.79123,0.79145,0.79205,0.79145,0.79123,0.79145,0.79205,0.79145,0.79123,0.79145,0.79205,0.79145,0.79123,0.79145,0.79205,0.79145,0.79123,0.79145,0.79205,0.79145,0.79123,0.79145,0.79205,0.79145,0.79123,0.79145,0.79205,0.79145,0.79123,0.79145,0.79205,0.79145,0.79123,0.79145,0.79205,0.79145,0.79123,0.79145,0.79205,0.79145,0.79123,0.79145,0.79205,0.79145,0.79123,0.79145,0.79205,0.79145,0.79123,0.79145,0.79205,0.79145,0.79123,0.79145,0.79205,0.79145,0.79123,0.79145,0.79205,0.79145,0.79123,0.79235,0.79205,0.78959,0.79667,0.78633,0.79205,0.80265,0.77041,0.81256,0.79205,0.74751,0.89704,0.61833
0.79884,0.86037,0.74356,0.82519,0.79884,0.78486,0.81218,0.79178,0.79884,0.80154,0.79568,0.79975,0.79884,0.79823,0.79801,0.79823,0.79884,0.79823,0.79801,0.79823,0.79884,0.79823,0.79801,0.79823,0.79884,0.79823,0.79801,0.79823,0.79884,0.79823,0.79801,0.79823,0.79884,0.79823,0.79801,0.79823,0.79884,0.79823,0.79801,0.79823,0.79884,0.79823,0.79801,0.79823,0.79884,0.79823,0.79801,0.79823,0.79884,0.79823,0.79801,0.79823,0.79884,0.79823,0.79801,0.79823,0.79884,0.79823,0.79801,0.79823,0.79884,0.79823,0.79801,0.79823,0.79884,0.79823,0.79801,0.79823,0.79884,0.79823,0.79801,0.79823,0.79884,0.79823,0.79801,0.79823,0.79884,0.79823,0.79801,0.79823,0.79884,0.79823,0.79801,0.79823,0.79884,0.79823,0.79801,0.79823,0.79884,0.79823,0.79801,0.79823,0.79884,0.79823,0.79801,0.79823,0.79884,0.79823,0.79801,0.79823,0.79884,0.79823,0.79801,0.79823,0.79884,0.79823,0.79801,0.79823,0.79884,0.79823,0.79801,0.79823,0.79884,0.79823,0.79801,0.7989,0.79884,0.79685,0.80206,0.79442,0.79884,0.80657,0.78251,0.81395,0.79884,0.76552,0.87679,0.66934,0.20913,0.16311,0.24911,0.18907,0.20913,0.21885,0.19846,0.21374,0.20913,0.20654,0.21064,0.20785,0.20913,0.20898,0.20892,0.20898,0.20913,0.20898,0.20892,0.20898,0.20913,0.20898,0.20892,0.20898,0.20913,0.20898,0.20892,0.20898,0.20913,0.20898,0.20892,0.20898,0.20913,0.20898,0.20892,0.20898,0.20913,0.20898,0.20892,0.20898,0.20913,0.20898,0.20892,0.20898,0.20913,0.20898,0.20892,0.20898,0.20913,0.20898,0.20892,0.20898,0.20913,0.20898,0.20892,0.20898,0.20913,0.20898,0.20892,0.20898,0.20913,0.20898,0.20892,0.20898,0.20913,0.20898,0.20892,0.20898,0.20913,0.20898,0.20892,0.20898,0.20913,0.20898,0.20892,0.20898,0.20913,0.20898,0.20892,0.20898,0.20913,0.20898,0.20892,0.20898,0.20913,0.20898,0.20892,0.20898,0.20913,0.20898,0.20892,0.20898,0.20913,0.20898,0.20892,0.20898,0.20913,0.20898,0.20892,0.20898,0.20913,0.20898,0.20892,0.20898,0.20913,0.20898,0.20892,0.20898,0.20913,0.20898,0.20892,0.20898,0.20913,0.20898,0.20892,0.20921,0.20913,0.20848,0.21035,0.20762,0.20913,0.21193,0.20342,0.21455,0.20913,0.19737,0.23686,0.16326
0.81161,0.87412,0.75545,0.83839,0.81161,0.79741,0.82516,0.80444,0.81161,0.81435,0.80841,0.81254,0.81161,0.811,0.81077,0.811,0.81161,0.811,0.81077,0.811,0.81161,0.811,0.81077,0.811,0.81161,0.811,0.81077,0.811,0.81161,0.811,0.81077,0.811,0.81161,0.811,0.81077,0.811,0.81161,0.811,0.81077,0.811,0.81161,0.811,0.81077,0.811,0.81161,0.811,0.81077,0.811,0.81161,0.811,0.81077,0.811,0.81161,0.811,0.81077,0.811,0.81161,0.811,0.81077,0.811,0.81161,0.811,0.81077,0.811,0.81161,0.811,0.81077,0.811,0.81161,0.811,0.81077,0.811,0.81161,0.811,0.81077,0.811,0.81161,0.811,0.81077,0.811,0.81161,0.811,0.81077,0.811,0.81161,0.811,0.81077,0.811,0.81161,0.811,0.81077,0.811,0.81161,0.811,0.81077,0.811,0.81161,0.811,0.81077,0.811,0.81161,0.811,0.81077,0.811,0.81161,0.811,0.81077,0.811,0.81161,0.811,0.81077,0.811,0.81161,0.811,0.81077,0.81127,0.81161,0.81043,0.81242,0.80945,0.81161,0.81439,0.80447,0.81739,0.81161,0.79769,0.8428,0.75859,0.57183,0.55274,0.58758,0.5633,0.57183,0.57541,0.56698,0.57333,0.57183,0.5704,0.57193,0.57094,0.57183,0.57139,0.57123,0.57139,0.57183,0.57139,0.57123,0.57139,0.57183,0.57139,0.57123,0.57139,0.57183,0.57139,0.57123,0.57139,0.57183,0.57139,0.57123,0.57139,0.57183,0.57139,0.57123,0.57139,0.57183,0.57139,0.57123,0.57139,0.57183,0.57139,0.57123,0.57139,0.57183,0.57139,0.57123,0.57139,0.57183,0.57139,0.57123,0.57139,0.57183,0.57139,0.57123,0.57139,0.57183,0.57139,0.57123,0.57139,0.57183,0.57139,0.57123,0.57139,0.57183,0.57139,0.57123,0.57139,0.57183,0.57139,0.57123,0.57139,0.57183,0.57139,0.57123,0.57139,0.57183,0.57139,0.57123,0.57139,0.57183,0.57139,0.57123,0.57139,0.57183,0.57139,0.57123,0.57139,0.57183,0.57139,0.57123,0.57139,0.57183,0.57139,0.57123,0.57139,0.57183,0.57139,0.57123,0.57139,0.57183,0.57139,0.57123,0.57139,0.57183,0.57139,0.57123,0.57139,0.57183,0.57139,0.57123,0.57139,0.57183,0.57139,0.57123,0.57204,0.57183,0.57005,0.57516,0.5677,0.57183,0.57948,0.5562,0.58663,0.57183,0.53967,0.64762,0.44641
0.68417,0.73687,0.63683,0.70674,0.68417,0.6722,0.69559,0.67813,0.68417,0.68648,0.68147,0.68495,0.68417,0.68365,0.68346,0.68365,0.68417,0.68365,0.68346,0.68365,0.68417,0.68365,0.68346,0.68365,0.68417,0.68365,0.68346,0.68365,0.68417,0.68365,0.68346,0.68365,0.68417,0.68365,0.68346,0.68365,0.68417,0.68365,0.68346,0.68365,0.68417,0.68365,0.68346,0.68365,0.68417,0.68365,0.68346,0.68365,0.68417,0.68365,0.68346,0.68365,0.68417,0.68365,0.68346,0.68365,0.68417,0.68365,0.68346,0.68365,0.68417,0.68365,0.68346,0.68365,0.68417,0.68365,0.68346,0.68365,0.68417,0.68365,0.68346,0.68365,0.68417,0.68365,0.68346,0.68365,0.68417,0.68365,0.68346,0.68365,0.68417,0.68365,0.68346,0.68365,0.68417,0.68365,0.68346,0.68365,0.68417,0.68365,0.68346,0.68365,0.68417,0.68365,0.68346,0.68365,0.68417,0.68365,0.68346,0.68365,0.68417,0.68365,0.68346,0.68365,0.68417,0.68365,0.68346,0.68365,0.68417,0.68365,0.68346,0.68365,0.68417,0.68365,0.68346,0.68385,0.68417,0.68324,0.68466,0.68253,0.68417,0.68612,0.67888,0.6883,0.68417,0.67397,0.70677,0.64552,0.50969,0.49574,0.52106,0.50342,0.50969,0.51223,0.50607,0.51072,0.50969,0.50859,0.50967,0.50898,0.50969,0.50931,0.50916,0.50931,0.50969,0.50931,0.50916,0.50931,0.50969,0.50931,0.50916,0.50931,0.50969,0.50931,0.50916,0.50931,0.50969,0.50931,0.50916,0.50931,0.50969,0.50931,0.50916,0.50931,0.50969,0.50931,0.50916,0.50931,0.50969,0.50931,0.50916,0.50931,0.50969,0.50931,0.50916,0.50931,0.50969,0.50931,0.50916,0.50931,0.50969,0.50931,0.50916,0.50931,0.50969,0.50931,0.50916,0.50931,0.50969,0.50931,0.50916,0.50931,0.50969,0.50931,0.50916,0.50931,0.50969,0.50931,0.50916,0.50931,0.50969,0.50931,0.50916,0.50931,0.50969,0.50931,0.50916,0.50931,0.50969,0.50931,0.50916,0.50931,0.50969,0.50931,0.50916,0.50931,0.50969,0.50931,0.50916,0.50931,0.50969,0.50931,0.50916,0.50931,0.50969,0.50931,0.50916,0.50931,0.50969,0.50931,0.50916,0.50931,0.50969,0.50931,0.50916,0.50931,0.50969,0.50931,0.50916,0.50931,0.50969,0.50931,0.50916,0.50988,0.50969,0.50811,0.51267,0.50601,0.50969,0.51651,0.49576,0.52289,0.50969,0.48103,0.57725,0.3979
0.61408,0.66138,0.57158,0.63434,0.61408,0.60333,0.62433,0.60866,0.61408,0.61615,0.61165,0.61478,0.61408,0.61361,0.61344,0.61361,0.61408,0.61361,0.61344,0.61361,0.61408,0.61361,0.61344,0.61361,0.61408,0.61361,0.61344,0.61361,0.61408,0.61361,0.61344,0.61361,0.61408,0.61361,0.61344,0.61361,0.61408,0.61361,0.61344,0.61361,0.61408,0.61361,0.61344,0.61361,0.61408,0.61361,0.61344,0.61361,0.61408,0.61361,0.61344,0.61361,0.61408,0.61361,0.61344,0.61361,0.61408,0.61361,0.61344,0.61361,0.61408,0.61361,0.61344,0.61361,0.61408,0.61361,0.61344,0.61361,0.61408,0.61361,0.61344,0.61361,0.61408,0.61361,0.61344,0.61361,0.61408,0.61361,0.61344,0.61361,0.61408,0.61361,0.61344,0.61361,0.61408,0.61361,0.61344,0.61361,0.61408,0.61361,0.61344,0.61361,0.61408,0.61361,0.61344,0.61361,0.61408,0.61361,0.61344,0.61361,0.61408,0.61361,0.61344,0.61361,0.61408,0.61361,0.61344,0.61361,0.61408,0.61361,0.61344,0.61361,0.61408,0.61361,0.61344,0.61334,0.61408,0.61418,0.61178,0.61518,0.61408,0.6102,0.61979,0.60718,0.61408,0.62701,0.58119,0.66638,0.85549,0.87362,0.83814,0.86299,0.85549,0.8508,0.85888,0.85289,0.85549,0.85584,0.8539,0.8553,0.85549,0.85484,0.8546,0.85484,0.85549,0.85484,0.8546,0.85484,0.85549,0.85484,0.8546,0.85484,0.85549,0.85484,0.8546,0.85484,0.85549,0.85484,0.8546,0.85484,0.85549,0.85484,0.8546,0.85484,0.85549,0.85484,0.8546,0.85484,0.85549,0.85484,0.8546,0.85484,0.85549,0.85484,0.8546,0.85484,0.85549,0.85484,0.8546,0.85484,0.85549,0.85484,0.8546,0.85484,0.85549,0.85484,0.8546,0.85484,0.85549,0.85484,0.8546,0.85484,0.85549,0.85484,0.8546,0.85484,0.85549,0.85484,0.8546,0.85484,0.85549,0.85484,0.8546,0.85484,0.85549,0.85484,0.8546,0.85484,0.85549,0.85484,0.8546,0.85484,0.85549,0.85484,0.8546,0.85484,0.85549,0.85484,0.8546,0.85484,0.85549,0.85484,0.8546,0.85484,0.85549,0.85484,0.8546,0.85484,0.85549,0.85484,0.8546,0.85484,0.85549,0.85484,0.8546,0.85484,0.85549,0.85484,0.8546,0.85484,0.85549,0.85484,0.8546,0.85581,0.85549,0.85283,0.86048,0.84931,0.85549,0.86693,0.83211,0.87764,0.85549,0.80738,0.96888,0.66785
